# [[0, 3], [1, 1], [1, 3], [1, 6], [2, 0], [2, 1], [2, 2], [2, 3], [2, 4], [2, 5], [2, 6], [3, 1], [3, 2], [3, 3], [3, 4], [3, 5], [4, 1], [4, 2], [4, 4]]
# [[0, 1], [1, 1], [2, 1], [3, 1], [3, 2], [3, 3], [3, 4], [4, 1], [4, 2], [5, 0], [5, 1], [5, 2], [5, 3], [6, 1], [6, 2], [6, 3], [7, 1], [7, 3], [8, 3]]
q 16 0 0 0 1 0 2 0 3 1 0 1 1 1 2 1 3 2 0 2 1 2 2 2 3 3 0 3 1 3 2 3 3 
q 4 0 0 0 1 1 0 1 1 
q 4 0 2 0 3 1 2 1 3 
q 4 2 0 2 1 3 0 3 1 
q 4 2 2 2 3 3 2 3 3 
q 1 2 2 
q 1 2 3 
#c 2 3 green
# searchh
#queue [[2, 3]]
q 1 1 3 
q 1 2 4 
q 1 3 3 
#c 3 3 green
# found/all 2 38
#queue [[3, 3]]
q 1 3 2 
q 1 3 4 
q 1 4 3 
#c 4 3 green
# found/all 3 38
#queue [[4, 3]]
q 1 4 2 
#c 4 2 green
# found/all 4 38
q 1 4 4 
#c 4 4 green
# found/all 5 38
q 1 5 3 
#c 5 3 green
# found/all 6 38
#queue [[4, 2], [4, 4], [5, 3]]
q 1 4 1 
#c 4 1 green
# found/all 7 38
q 1 5 2 
#c 5 2 green
# found/all 8 38
#queue [[4, 4], [5, 3], [4, 1], [5, 2]]
q 1 4 5 
#c 4 5 green
# found/all 9 38
q 1 5 4 
#c 5 4 green
# found/all 10 38
#queue [[5, 3], [4, 1], [5, 2], [4, 5], [5, 4]]
q 1 6 3 
#queue [[4, 1], [5, 2], [4, 5], [5, 4]]
q 1 3 1 
#c 3 1 green
# found/all 11 38
q 1 4 0 
#c 4 0 green
# found/all 12 38
q 1 5 1 
#c 5 1 green
# found/all 13 38
#queue [[5, 2], [4, 5], [5, 4], [3, 1], [4, 0], [5, 1]]
q 1 6 2 
#c 6 2 green
# found/all 14 38
#queue [[4, 5], [5, 4], [3, 1], [4, 0], [5, 1], [6, 2]]
q 1 3 5 
q 1 4 6 
#c 4 6 green
# found/all 15 38
q 1 5 5 
#c 5 5 green
# found/all 16 38
#queue [[5, 4], [3, 1], [4, 0], [5, 1], [6, 2], [4, 6], [5, 5]]
q 1 6 4 
#c 6 4 green
# found/all 17 38
#queue [[3, 1], [4, 0], [5, 1], [6, 2], [4, 6], [5, 5], [6, 4]]
q 1 2 1 
q 1 3 0 
#queue [[4, 0], [5, 1], [6, 2], [4, 6], [5, 5], [6, 4]]
q 1 5 0 
#queue [[5, 1], [6, 2], [4, 6], [5, 5], [6, 4]]
q 1 6 1 
#c 6 1 green
# found/all 18 38
#queue [[6, 2], [4, 6], [5, 5], [6, 4], [6, 1]]
q 1 7 2 
#queue [[4, 6], [5, 5], [6, 4], [6, 1]]
q 1 3 6 
#c 3 6 green
# found/all 19 38
q 1 4 7 
q 1 5 6 
#queue [[5, 5], [6, 4], [6, 1], [3, 6]]
q 1 6 5 
#queue [[6, 4], [6, 1], [3, 6]]
q 1 7 4 
#queue [[6, 1], [3, 6]]
q 1 6 0 
q 1 7 1 
#queue [[3, 6]]
q 1 2 6 
q 1 3 7 
q 16 0 4 0 5 0 6 0 7 1 4 1 5 1 6 1 7 2 4 2 5 2 6 2 7 3 4 3 5 3 6 3 7 
q 16 0 8 0 9 0 10 0 11 1 8 1 9 1 10 1 11 2 8 2 9 2 10 2 11 3 8 3 9 3 10 3 11 
q 4 0 8 0 9 1 8 1 9 
q 4 0 10 0 11 1 10 1 11 
q 4 2 8 2 9 3 8 3 9 
q 4 2 10 2 11 3 10 3 11 
q 1 2 10 
#c 2 10 green
# searchh
#queue [[2, 10]]
q 1 1 10 
q 1 2 9 
q 1 2 11 
q 1 3 10 
#c 3 10 green
# found/all 21 38
#queue [[3, 10]]
q 1 3 9 
q 1 3 11 
q 1 4 10 
#c 4 10 green
# found/all 22 38
#queue [[4, 10]]
q 1 4 9 
q 1 4 11 
q 1 5 10 
#c 5 10 green
# found/all 23 38
#queue [[5, 10]]
q 1 5 9 
q 1 5 11 
#c 5 11 green
# found/all 24 38
q 1 6 10 
#c 6 10 green
# found/all 25 38
#queue [[5, 11], [6, 10]]
q 1 5 12 
#c 5 12 green
# found/all 26 38
q 1 6 11 
#c 6 11 green
# found/all 27 38
#queue [[6, 10], [5, 12], [6, 11]]
q 1 6 9 
q 1 7 10 
#c 7 10 green
# found/all 28 38
#queue [[5, 12], [6, 11], [7, 10]]
q 1 4 12 
q 1 5 13 
#c 5 13 green
# found/all 29 38
q 1 6 12 
#queue [[6, 11], [7, 10], [5, 13]]
q 1 7 11 
#c 7 11 green
# found/all 30 38
#queue [[7, 10], [5, 13], [7, 11]]
q 1 7 9 
#c 7 9 green
# found/all 31 38
q 1 8 10 
#c 8 10 green
# found/all 32 38
#queue [[5, 13], [7, 11], [7, 9], [8, 10]]
q 1 4 13 
q 1 5 14 
q 1 6 13 
#queue [[7, 11], [7, 9], [8, 10]]
q 1 7 12 
#c 7 12 green
# found/all 33 38
q 1 8 11 
#c 8 11 green
# found/all 34 38
#queue [[7, 9], [8, 10], [7, 12], [8, 11]]
q 1 7 8 
q 1 8 9 
#queue [[8, 10], [7, 12], [8, 11]]
q 1 9 10 
#c 9 10 green
# found/all 35 38
#queue [[7, 12], [8, 11], [9, 10]]
q 1 7 13 
q 1 8 12 
#c 8 12 green
# found/all 36 38
#queue [[8, 11], [9, 10], [8, 12]]
q 1 9 11 
#queue [[9, 10], [8, 12]]
q 1 9 9 
q 1 10 10 
#queue [[8, 12]]
q 1 8 13 
q 1 9 12 
#c 9 12 green
# found/all 37 38
#queue [[9, 12]]
q 1 9 13 
q 1 10 12 
#c 10 12 green
# found/all 38 38
a 38 2 3 3 3 4 3 4 2 4 4 5 3 4 1 5 2 4 5 5 4 3 1 4 0 5 1 6 2 4 6 5 5 6 4 6 1 3 6 2 10 3 10 4 10 5 10 5 11 6 10 5 12 6 11 7 10 5 13 7 11 7 9 8 10 7 12 8 11 9 10 8 12 9 12 10 12 
