# [[0, 0], [1, 0], [1, 1], [2, 0], [3, 0]]
# [[0, 0], [1, 0], [1, 1], [1, 2]]
# [[0, 0], [0, 1], [1, 1], [2, 1], [2, 2]]
# [[0, 0], [0, 1], [1, 1], [2, 1], [3, 1]]
# [[0, 1], [0, 2], [1, 0], [1, 1]]
# [[0, 0], [0, 1], [0, 2], [0, 3]]
q 16 0 0 0 1 0 2 0 3 1 0 1 1 1 2 1 3 2 0 2 1 2 2 2 3 3 0 3 1 3 2 3 3 
q 16 0 4 0 5 0 6 0 7 1 4 1 5 1 6 1 7 2 4 2 5 2 6 2 7 3 4 3 5 3 6 3 7 
q 4 0 4 0 5 1 4 1 5 
q 4 0 6 0 7 1 6 1 7 
q 4 2 4 2 5 3 4 3 5 
q 4 2 6 2 7 3 6 3 7 
q 1 2 6 
q 1 2 7 
#c 2 7 green
# searchh
q 1 1 7 
q 1 2 8 
#c 2 8 green
# found/all 2 27
q 1 3 7 
q 1 1 8 
#c 1 8 green
# found/all 3 27
q 1 2 9 
q 1 3 8 
q 1 0 8 
q 1 1 9 
#c 1 9 green
# found/all 4 27
q 1 0 9 
q 1 1 10 
q 1 3 6 
#c 3 6 green
# searchh
q 1 3 5 
q 1 4 6 
#c 4 6 green
# found/all 6 27
q 1 4 5 
q 1 4 7 
#c 4 7 green
# found/all 7 27
q 1 5 6 
#c 5 6 green
# found/all 9 27
q 1 4 8 
q 1 5 7 
q 1 5 5 
#c 5 5 green
# found/all 10 27
q 1 6 6 
#c 6 6 green
# found/all 12 27
q 1 5 4 
q 1 6 5 
q 1 6 7 
q 1 7 6 
#c 7 6 green
# found/all 13 27
q 1 7 5 
q 1 7 7 
#c 7 7 green
# found/all 14 27
q 1 8 6 
q 1 7 8 
q 1 8 7 
q 16 0 8 0 9 0 10 0 11 1 8 1 9 1 10 1 11 2 8 2 9 2 10 2 11 3 8 3 9 3 10 3 11 
# SUM >= 2
q 4 2 8 2 9 3 8 3 9 
q 4 2 10 2 11 3 10 3 11 
q 4 0 12 1 12 2 12 3 12 
q 16 4 0 4 1 4 2 4 3 5 0 5 1 5 2 5 3 6 0 6 1 6 2 6 3 7 0 7 1 7 2 7 3 
q 16 4 4 4 5 4 6 4 7 5 4 5 5 5 6 5 7 6 4 6 5 6 6 6 7 7 4 7 5 7 6 7 7 
q 4 4 4 4 5 5 4 5 5 
# SUM >= 2
q 4 6 4 6 5 7 4 7 5 
# SUM >= 2
q 16 4 8 4 9 4 10 4 11 5 8 5 9 5 10 5 11 6 8 6 9 6 10 6 11 7 8 7 9 7 10 7 11 
q 4 4 8 4 9 5 8 5 9 
q 4 4 10 4 11 5 10 5 11 
q 4 6 8 6 9 7 8 7 9 
q 4 6 10 6 11 7 10 7 11 
q 4 4 12 5 12 6 12 7 12 
q 16 8 0 8 1 8 2 8 3 9 0 9 1 9 2 9 3 10 0 10 1 10 2 10 3 11 0 11 1 11 2 11 3 
q 4 8 0 8 1 9 0 9 1 
q 4 8 2 8 3 9 2 9 3 
q 1 8 2 
q 1 8 3 
q 1 9 2 
q 1 9 3 
#c 9 3 green
# searchh
q 1 9 4 
q 1 10 3 
#c 10 3 green
# found/all 16 27
q 1 10 2 
q 1 10 4 
#c 10 4 green
# found/all 17 27
q 1 11 3 
q 1 10 5 
#c 10 5 green
# found/all 19 27
q 1 11 4 
q 1 9 5 
#c 9 5 green
# found/all 21 27
q 1 10 6 
q 1 11 5 
#c 11 5 green
# found/all 22 27
q 1 8 5 
#c 8 5 green
# found/all 23 27
q 1 9 6 
#c 9 6 green
# found/all 24 27
q 1 11 6 
q 1 12 5 
q 1 8 4 
#c 8 4 green
# found/all 25 27
q 1 9 7 
#c 9 7 green
# found/all 26 27
q 1 7 4 
q 1 9 8 
#c 9 8 green
# found/all 27 27
a 23 2 7 2 8 1 8 1 9 3 6 4 6 4 7 5 6 5 5 6 6 7 6 7 7 9 3 10 3 10 4 10 5 9 5 11 5 8 5 9 6 8 4 9 7 9 8 
