# [[0, 0], [1, 0], [1, 1], [2, 1]]
# [[0, 0], [1, 0], [2, 0], [3, 0]]
# [[0, 0], [1, 0], [1, 1], [2, 1]]
# [[0, 0], [0, 1], [1, 0], [1, 1]]
# [[0, 0], [0, 1], [0, 2], [0, 3]]
# [[0, 0], [0, 1], [0, 2], [0, 3]]
# [[0, 0], [0, 1], [1, 1], [1, 2]]
# [[0, 0], [1, 0], [2, 0], [2, 1]]
# [[0, 0], [0, 1], [1, 1], [2, 1]]
# [[0, 0], [0, 1], [0, 2], [1, 0]]
# [[0, 0], [1, 0], [1, 1], [1, 2]]
q 16 0 0 0 1 0 2 0 3 1 0 1 1 1 2 1 3 2 0 2 1 2 2 2 3 3 0 3 1 3 2 3 3 
q 4 0 0 0 1 1 0 1 1 
q 4 0 2 0 3 1 2 1 3 
q 4 2 0 2 1 3 0 3 1 
q 4 2 2 2 3 3 2 3 3 
q 16 0 4 0 5 0 6 0 7 1 4 1 5 1 6 1 7 2 4 2 5 2 6 2 7 3 4 3 5 3 6 3 7 
q 4 0 4 0 5 1 4 1 5 
q 1 0 4 
q 1 0 5 
q 1 1 4 
q 1 1 5 
q 4 0 6 0 7 1 6 1 7 
q 4 2 4 2 5 3 4 3 5 
q 4 2 6 2 7 3 6 3 7 
q 16 0 8 0 9 0 10 0 11 1 8 1 9 1 10 1 11 2 8 2 9 2 10 2 11 3 8 3 9 3 10 3 11 
q 16 0 12 0 13 0 14 0 15 1 12 1 13 1 14 1 15 2 12 2 13 2 14 2 15 3 12 3 13 3 14 3 15 
q 4 0 12 0 13 1 12 1 13 
q 1 0 12 
q 1 0 13 
q 1 1 12 
q 1 1 13 
q 4 0 14 0 15 1 14 1 15 
q 4 2 12 2 13 3 12 3 13 
q 4 2 14 2 15 3 14 3 15 
q 16 4 0 4 1 4 2 4 3 5 0 5 1 5 2 5 3 6 0 6 1 6 2 6 3 7 0 7 1 7 2 7 3 
q 4 4 0 4 1 5 0 5 1 
q 4 4 2 4 3 5 2 5 3 
q 4 6 0 6 1 7 0 7 1 
q 4 6 2 6 3 7 2 7 3 
q 16 4 4 4 5 4 6 4 7 5 4 5 5 5 6 5 7 6 4 6 5 6 6 6 7 7 4 7 5 7 6 7 7 
q 4 4 4 4 5 5 4 5 5 
q 4 4 6 4 7 5 6 5 7 
q 1 4 6 
q 1 4 7 
#c 4 7 green
# searchh
q 1 3 7 
q 1 4 8 
q 1 5 7 
#c 5 7 green
# found/all 3 44
q 1 5 6 
#c 5 6 green
# found/all 4 44
q 1 5 8 
#c 5 8 green
# found/all 6 44
q 1 6 7 
#c 6 7 green
# found/all 8 44
q 1 5 5 
q 1 6 6 
#c 6 6 green
# found/all 9 44
q 1 5 9 
#c 5 9 green
# found/all 10 44
q 1 6 8 
#c 6 8 green
# found/all 11 44
q 1 7 7 
#c 7 7 green
# found/all 13 44
q 1 6 5 
q 1 7 6 
q 1 4 9 
q 1 5 10 
q 1 6 9 
q 1 7 8 
#c 7 8 green
# found/all 15 44
q 1 8 7 
q 1 7 9 
#c 7 9 green
# found/all 16 44
q 1 8 8 
q 1 7 10 
q 1 8 9 
q 4 6 4 6 5 7 4 7 5 
# SUM >= 2
q 16 4 8 4 9 4 10 4 11 5 8 5 9 5 10 5 11 6 8 6 9 6 10 6 11 7 8 7 9 7 10 7 11 
# SUM >= 2
# SUM >= 2
q 16 4 12 4 13 4 14 4 15 5 12 5 13 5 14 5 15 6 12 6 13 6 14 6 15 7 12 7 13 7 14 7 15 
q 4 4 12 4 13 5 12 5 13 
q 1 4 12 
q 1 4 13 
q 1 5 12 
q 1 5 13 
q 4 4 14 4 15 5 14 5 15 
q 4 6 12 6 13 7 12 7 13 
q 1 6 12 
q 1 6 13 
q 1 7 12 
q 1 7 13 
#c 7 13 green
# searchh
q 1 7 14 
q 1 8 13 
#c 8 13 green
# found/all 18 44
q 1 8 12 
q 1 8 14 
#c 8 14 green
# found/all 19 44
q 1 9 13 
q 1 8 15 
#c 8 15 green
# found/all 20 44
q 1 9 14 
q 1 7 15 
q 1 9 15 
q 4 6 14 6 15 7 14 7 15 
q 16 8 0 8 1 8 2 8 3 9 0 9 1 9 2 9 3 10 0 10 1 10 2 10 3 11 0 11 1 11 2 11 3 
q 4 8 0 8 1 9 0 9 1 
q 1 8 0 
q 1 8 1 
#c 8 1 green
# searchh
q 1 7 1 
q 1 8 2 
#c 8 2 green
# found/all 22 44
q 1 9 1 
q 1 7 2 
q 1 8 3 
#c 8 3 green
# found/all 23 44
q 1 9 2 
q 1 7 3 
q 1 8 4 
#c 8 4 green
# found/all 24 44
q 1 9 3 
q 1 7 4 
q 1 8 5 
q 1 9 4 
#c 9 4 green
# found/all 25 44
q 1 9 5 
#c 9 5 green
# found/all 26 44
q 1 10 4 
#c 10 4 green
# found/all 27 44
q 1 9 6 
q 1 10 5 
#c 10 5 green
# found/all 28 44
q 1 10 3 
q 1 11 4 
q 1 10 6 
q 1 11 5 
q 1 9 0 
# SUM >= 2
q 4 10 0 10 1 11 0 11 1 
q 4 10 2 10 3 11 2 11 3 
q 1 10 2 
q 1 11 2 
q 1 11 3 
q 16 8 4 8 5 8 6 8 7 9 4 9 5 9 6 9 7 10 4 10 5 10 6 10 7 11 4 11 5 11 6 11 7 
# SUM >= 2
# SUM >= 2
q 16 8 8 8 9 8 10 8 11 9 8 9 9 9 10 9 11 10 8 10 9 10 10 10 11 11 8 11 9 11 10 11 11 
q 16 8 12 8 13 8 14 8 15 9 12 9 13 9 14 9 15 10 12 10 13 10 14 10 15 11 12 11 13 11 14 11 15 
q 4 8 12 8 13 9 12 9 13 
q 1 9 12 
# SUM >= 2
q 4 10 12 10 13 11 12 11 13 
q 4 10 14 10 15 11 14 11 15 
q 16 12 0 12 1 12 2 12 3 13 0 13 1 13 2 13 3 14 0 14 1 14 2 14 3 15 0 15 1 15 2 15 3 
q 4 12 0 12 1 13 0 13 1 
q 1 12 0 
q 1 12 1 
#c 12 1 green
# searchh
q 1 11 1 
#c 11 1 green
# found/all 30 44
q 1 12 2 
#c 12 2 green
# found/all 31 44
q 1 13 1 
q 1 10 1 
q 1 11 0 
q 1 12 3 
q 1 13 2 
#c 13 2 green
# found/all 32 44
q 1 13 3 
q 1 14 2 
q 1 13 0 
# SUM >= 2
q 4 14 0 14 1 15 0 15 1 
q 4 14 2 14 3 15 2 15 3 
q 16 12 4 12 5 12 6 12 7 13 4 13 5 13 6 13 7 14 4 14 5 14 6 14 7 15 4 15 5 15 6 15 7 
q 4 12 4 12 5 13 4 13 5 
q 4 12 6 12 7 13 6 13 7 
q 4 14 4 14 5 15 4 15 5 
q 1 14 4 
q 1 14 5 
#c 14 5 green
# searchh
q 1 13 5 
q 1 14 6 
#c 14 6 green
# found/all 34 44
q 1 15 5 
#c 15 5 green
# found/all 35 44
q 1 13 6 
q 1 14 7 
#c 14 7 green
# found/all 36 44
q 1 15 6 
q 1 15 4 
q 1 13 7 
q 1 14 8 
q 1 15 7 
# SUM >= 2
q 16 12 8 12 9 12 10 12 11 13 8 13 9 13 10 13 11 14 8 14 9 14 10 14 11 15 8 15 9 15 10 15 11 
q 4 12 8 12 9 13 8 13 9 
q 1 12 8 
q 1 12 9 
q 1 13 8 
q 1 13 9 
q 4 12 10 12 11 13 10 13 11 
q 1 12 10 
#c 12 10 green
# searchh
q 1 11 10 
q 1 12 11 
q 1 13 10 
#c 13 10 green
# found/all 38 44
q 1 13 11 
#c 13 11 green
# found/all 40 44
q 1 14 10 
q 1 13 12 
#c 13 12 green
# found/all 41 44
q 1 14 11 
#c 14 11 green
# found/all 42 44
q 1 12 12 
q 1 13 13 
q 1 14 12 
#c 14 12 green
# found/all 43 44
q 1 15 11 
q 1 14 13 
q 1 15 12 
#c 15 12 green
# found/all 44 44
a 38 4 7 5 7 5 6 5 8 6 7 6 6 5 9 6 8 7 7 7 8 7 9 7 13 8 13 8 14 8 15 8 1 8 2 8 3 8 4 9 4 9 5 10 4 10 5 12 1 11 1 12 2 13 2 14 5 14 6 15 5 14 7 12 10 13 10 13 11 13 12 14 11 14 12 15 12 
