# [[0, 0], [0, 1], [1, 1], [1, 2], [2, 0], [2, 1]]
# [[0, 0], [1, 0], [1, 1], [2, 1], [3, 1]]
# [[0, 0], [1, 0], [1, 1], [2, 0], [3, 0], [4, 0]]
# [[0, 0], [1, 0], [1, 1], [2, 1], [3, 1]]
# [[0, 0], [0, 1], [0, 2], [0, 3]]
# [[0, 0], [1, 0], [1, 1], [2, 1], [2, 2]]
# [[0, 1], [0, 2], [0, 3], [1, 0], [1, 1], [1, 2]]
# [[0, 2], [1, 0], [1, 1], [1, 2], [1, 3], [2, 1]]
# [[0, 1], [1, 1], [1, 2], [2, 0], [2, 1], [3, 1]]
# [[0, 0], [1, 0], [2, 0], [2, 1]]
# [[0, 0], [0, 1], [1, 0], [1, 1], [2, 0]]
# [[0, 1], [1, 0], [1, 1], [2, 1], [2, 2]]
# [[0, 0], [0, 1], [0, 2], [1, 1], [1, 2], [1, 3]]
# [[0, 2], [0, 3], [1, 0], [1, 1], [1, 2]]
# [[0, 0], [0, 1], [0, 2], [1, 0], [1, 1]]
# [[0, 0], [0, 1], [1, 0], [1, 1]]
# [[0, 0], [0, 1], [1, 1], [2, 0], [2, 1], [3, 1]]
# [[0, 0], [0, 1], [0, 2], [1, 1], [1, 2], [2, 1]]
# [[0, 0], [1, 0], [1, 1], [2, 0]]
q 16 0 0 0 1 0 2 0 3 1 0 1 1 1 2 1 3 2 0 2 1 2 2 2 3 3 0 3 1 3 2 3 3 
q 4 0 0 0 1 1 0 1 1 
q 4 0 2 0 3 1 2 1 3 
q 4 2 0 2 1 3 0 3 1 
q 1 2 0 
q 1 2 1 
q 1 3 0 
#c 3 0 green
# searchh
q 1 3 1 
#c 3 1 green
# found/all 2 99
q 1 4 0 
#c 4 0 green
# found/all 3 99
q 1 3 2 
#c 3 2 green
# found/all 4 99
q 1 4 1 
#c 4 1 green
# found/all 5 99
q 1 5 0 
q 1 2 2 
q 1 3 3 
q 1 4 2 
q 1 5 1 
q 4 2 2 2 3 3 2 3 3 
q 16 0 4 0 5 0 6 0 7 1 4 1 5 1 6 1 7 2 4 2 5 2 6 2 7 3 4 3 5 3 6 3 7 
q 4 0 4 0 5 1 4 1 5 
q 4 0 6 0 7 1 6 1 7 
q 4 2 4 2 5 3 4 3 5 
q 4 2 6 2 7 3 6 3 7 
q 16 0 8 0 9 0 10 0 11 1 8 1 9 1 10 1 11 2 8 2 9 2 10 2 11 3 8 3 9 3 10 3 11 
q 4 0 8 0 9 1 8 1 9 
q 4 0 10 0 11 1 10 1 11 
q 1 0 10 
q 1 0 11 
q 1 1 10 
#c 1 10 green
# searchh
q 1 1 9 
q 1 1 11 
#c 1 11 green
# found/all 7 99
q 1 2 10 
q 1 1 12 
q 1 2 11 
#c 2 11 green
# found/all 8 99
q 1 2 12 
#c 2 12 green
# found/all 9 99
q 1 3 11 
#c 3 11 green
# found/all 12 99
q 1 2 13 
q 1 3 12 
#c 3 12 green
# found/all 13 99
q 1 3 10 
#c 3 10 green
# found/all 16 99
q 1 4 11 
#c 4 11 green
# found/all 17 99
q 1 3 13 
q 1 4 12 
#c 4 12 green
# found/all 18 99
q 1 3 9 
#c 3 9 green
# found/all 21 99
q 1 4 10 
#c 4 10 green
# found/all 22 99
q 1 5 11 
#c 5 11 green
# found/all 23 99
q 1 4 13 
#c 4 13 green
# found/all 24 99
q 1 5 12 
q 1 2 9 
#c 2 9 green
# found/all 25 99
q 1 3 8 
#c 3 8 green
# found/all 28 99
q 1 4 9 
#c 4 9 green
# found/all 29 99
q 1 5 10 
#c 5 10 green
# found/all 30 99
q 1 6 11 
#c 6 11 green
# found/all 31 99
q 1 4 14 
q 1 5 13 
q 1 2 8 
#c 2 8 green
# found/all 33 99
q 1 3 7 
q 1 4 8 
q 1 5 9 
#c 5 9 green
# found/all 34 99
q 1 6 10 
q 1 6 12 
q 1 7 11 
#c 7 11 green
# found/all 35 99
q 1 1 8 
q 1 2 7 
q 1 5 8 
q 1 6 9 
q 1 7 10 
q 1 7 12 
q 1 8 11 
# SUM >= 2
q 16 0 12 0 13 0 14 0 15 1 12 1 13 1 14 1 15 2 12 2 13 2 14 2 15 3 12 3 13 3 14 3 15 
q 4 0 12 0 13 1 12 1 13 
q 4 0 14 0 15 1 14 1 15 
q 1 0 14 
q 1 0 15 
#c 0 15 green
# searchh
q 1 0 16 
#c 0 16 green
# found/all 37 99
q 1 1 15 
#c 1 15 green
# found/all 38 99
q 1 0 17 
#c 0 17 green
# found/all 39 99
q 1 1 16 
#c 1 16 green
# found/all 40 99
q 1 1 14 
#c 1 14 green
# found/all 41 99
q 1 2 15 
#c 2 15 green
# found/all 42 99
q 1 0 18 
q 1 1 17 
q 1 2 16 
q 1 1 13 
q 1 2 14 
q 1 3 15 
#c 3 15 green
# found/all 43 99
q 1 3 14 
q 1 3 16 
#c 3 16 green
# found/all 44 99
q 1 4 15 
q 1 3 17 
q 1 4 16 
#c 4 16 green
# found/all 45 99
q 1 4 17 
#c 4 17 green
# found/all 46 99
q 1 5 16 
q 1 4 18 
q 1 5 17 
# SUM >= 2
q 16 0 16 0 17 0 18 0 19 1 16 1 17 1 18 1 19 2 16 2 17 2 18 2 19 3 16 3 17 3 18 3 19 
# SUM >= 2
q 4 2 16 2 17 3 16 3 17 
q 1 2 17 
q 4 2 18 2 19 3 18 3 19 
q 16 4 0 4 1 4 2 4 3 5 0 5 1 5 2 5 3 6 0 6 1 6 2 6 3 7 0 7 1 7 2 7 3 
# SUM >= 2
q 4 6 0 6 1 7 0 7 1 
q 4 6 2 6 3 7 2 7 3 
q 16 4 4 4 5 4 6 4 7 5 4 5 5 5 6 5 7 6 4 6 5 6 6 6 7 7 4 7 5 7 6 7 7 
q 16 4 8 4 9 4 10 4 11 5 8 5 9 5 10 5 11 6 8 6 9 6 10 6 11 7 8 7 9 7 10 7 11 
# SUM >= 2
q 4 6 8 6 9 7 8 7 9 
# SUM >= 2
q 16 4 12 4 13 4 14 4 15 5 12 5 13 5 14 5 15 6 12 6 13 6 14 6 15 7 12 7 13 7 14 7 15 
# SUM >= 2
q 4 6 12 6 13 7 12 7 13 
q 1 6 13 
q 1 7 13 
q 4 6 14 6 15 7 14 7 15 
q 16 4 16 4 17 4 18 4 19 5 16 5 17 5 18 5 19 6 16 6 17 6 18 6 19 7 16 7 17 7 18 7 19 
# SUM >= 2
q 4 6 16 6 17 7 16 7 17 
q 4 6 18 6 19 7 18 7 19 
q 16 8 0 8 1 8 2 8 3 9 0 9 1 9 2 9 3 10 0 10 1 10 2 10 3 11 0 11 1 11 2 11 3 
q 16 8 4 8 5 8 6 8 7 9 4 9 5 9 6 9 7 10 4 10 5 10 6 10 7 11 4 11 5 11 6 11 7 
q 4 8 4 8 5 9 4 9 5 
q 4 8 6 8 7 9 6 9 7 
q 4 10 4 10 5 11 4 11 5 
q 4 10 6 10 7 11 6 11 7 
q 16 8 8 8 9 8 10 8 11 9 8 9 9 9 10 9 11 10 8 10 9 10 10 10 11 11 8 11 9 11 10 11 11 
q 4 8 8 8 9 9 8 9 9 
q 4 8 10 8 11 9 10 9 11 
q 4 10 8 10 9 11 8 11 9 
q 4 10 10 10 11 11 10 11 11 
q 16 8 12 8 13 8 14 8 15 9 12 9 13 9 14 9 15 10 12 10 13 10 14 10 15 11 12 11 13 11 14 11 15 
q 4 8 12 8 13 9 12 9 13 
q 4 8 14 8 15 9 14 9 15 
q 1 8 14 
q 1 8 15 
q 1 9 14 
q 1 9 15 
#c 9 15 green
# searchh
q 1 9 16 
#c 9 16 green
# found/all 48 99
q 1 10 15 
#c 10 15 green
# found/all 50 99
q 1 8 16 
#c 8 16 green
# found/all 51 99
q 1 9 17 
q 1 10 16 
#c 10 16 green
# found/all 52 99
q 1 10 14 
#c 10 14 green
# found/all 53 99
q 1 11 15 
#c 11 15 green
# found/all 55 99
q 1 7 16 
#c 7 16 green
# found/all 56 99
q 1 8 17 
#c 8 17 green
# found/all 57 99
q 1 10 17 
q 1 11 16 
q 1 10 13 
q 1 11 14 
q 1 12 15 
#c 12 15 green
# found/all 59 99
q 1 6 16 
q 1 7 15 
#c 7 15 green
# found/all 60 99
q 1 7 17 
#c 7 17 green
# found/all 61 99
q 1 8 18 
q 1 12 14 
#c 12 14 green
# found/all 62 99
q 1 12 16 
q 1 13 15 
#c 13 15 green
# found/all 64 99
q 1 6 15 
q 1 7 14 
q 1 6 17 
q 1 7 18 
q 1 12 13 
q 1 13 14 
q 1 13 16 
q 1 14 15 
q 4 10 12 10 13 11 12 11 13 
# SUM >= 2
q 16 8 16 8 17 8 18 8 19 9 16 9 17 9 18 9 19 10 16 10 17 10 18 10 19 11 16 11 17 11 18 11 19 
# SUM >= 2
q 4 10 16 10 17 11 16 11 17 
q 4 10 18 10 19 11 18 11 19 
q 16 12 0 12 1 12 2 12 3 13 0 13 1 13 2 13 3 14 0 14 1 14 2 14 3 15 0 15 1 15 2 15 3 
q 4 12 0 12 1 13 0 13 1 
q 1 12 0 
q 1 12 1 
#c 12 1 green
# searchh
q 1 11 1 
q 1 12 2 
#c 12 2 green
# found/all 66 99
q 1 13 1 
#c 13 1 green
# found/all 68 99
q 1 11 2 
q 1 12 3 
q 1 13 2 
#c 13 2 green
# found/all 70 99
q 1 13 0 
q 1 14 1 
#c 14 1 green
# found/all 71 99
q 1 13 3 
q 1 14 2 
#c 14 2 green
# found/all 72 99
q 1 14 0 
#c 14 0 green
# found/all 73 99
q 1 15 1 
#c 15 1 green
# found/all 74 99
q 1 14 3 
#c 14 3 green
# found/all 75 99
q 1 15 2 
q 1 15 0 
q 1 16 1 
q 1 14 4 
q 1 15 3 
# SUM >= 2
# SUM >= 2
q 16 12 4 12 5 12 6 12 7 13 4 13 5 13 6 13 7 14 4 14 5 14 6 14 7 15 4 15 5 15 6 15 7 
q 4 12 4 12 5 13 4 13 5 
q 1 12 4 
q 1 12 5 
#c 12 5 green
# searchh
q 1 11 5 
q 1 12 6 
#c 12 6 green
# found/all 77 99
q 1 13 5 
#c 13 5 green
# found/all 78 99
q 1 11 6 
q 1 12 7 
#c 12 7 green
# found/all 79 99
q 1 13 6 
q 1 13 4 
q 1 14 5 
#c 14 5 green
# found/all 80 99
q 1 11 7 
#c 11 7 green
# found/all 81 99
q 1 12 8 
q 1 13 7 
q 1 14 6 
q 1 15 5 
#c 15 5 green
# found/all 82 99
q 1 10 7 
q 1 11 8 
#c 11 8 green
# found/all 83 99
q 1 15 4 
q 1 15 6 
#c 15 6 green
# found/all 84 99
q 1 16 5 
q 1 10 8 
q 1 11 9 
q 1 15 7 
q 1 16 6 
# SUM >= 2
# SUM >= 2
q 16 12 8 12 9 12 10 12 11 13 8 13 9 13 10 13 11 14 8 14 9 14 10 14 11 15 8 15 9 15 10 15 11 
q 4 12 8 12 9 13 8 13 9 
q 4 12 10 12 11 13 10 13 11 
q 1 12 10 
q 1 12 11 
q 1 13 10 
#c 13 10 green
# searchh
q 1 13 9 
q 1 13 11 
#c 13 11 green
# found/all 86 99
q 1 14 10 
#c 14 10 green
# found/all 87 99
q 1 13 12 
q 1 14 11 
#c 14 11 green
# found/all 88 99
q 1 14 9 
q 1 15 10 
#c 15 10 green
# found/all 89 99
q 1 14 12 
q 1 15 11 
q 1 15 9 
q 1 16 10 
q 4 14 8 14 9 15 8 15 9 
# SUM >= 2
q 16 12 12 12 13 12 14 12 15 13 12 13 13 13 14 13 15 14 12 14 13 14 14 14 15 15 12 15 13 15 14 15 15 
q 4 12 12 12 13 13 12 13 13 
# SUM >= 2
q 4 14 12 14 13 15 12 15 13 
q 4 14 14 14 15 15 14 15 15 
q 16 12 16 12 17 12 18 12 19 13 16 13 17 13 18 13 19 14 16 14 17 14 18 14 19 15 16 15 17 15 18 15 19 
q 4 12 16 12 17 13 16 13 17 
q 4 12 18 12 19 13 18 13 19 
q 4 14 16 14 17 15 16 15 17 
q 4 14 18 14 19 15 18 15 19 
q 16 16 0 16 1 16 2 16 3 17 0 17 1 17 2 17 3 18 0 18 1 18 2 18 3 19 0 19 1 19 2 19 3 
q 16 16 4 16 5 16 6 16 7 17 4 17 5 17 6 17 7 18 4 18 5 18 6 18 7 19 4 19 5 19 6 19 7 
q 4 16 4 16 5 17 4 17 5 
q 4 16 6 16 7 17 6 17 7 
q 4 18 4 18 5 19 4 19 5 
q 1 18 4 
#c 18 4 green
# searchh
q 1 17 4 
q 1 18 3 
#c 18 3 green
# found/all 91 99
q 1 18 5 
#c 18 5 green
# found/all 92 99
q 1 19 4 
#c 19 4 green
# found/all 93 99
q 1 17 3 
q 1 18 2 
q 1 19 3 
q 1 17 5 
#c 17 5 green
# found/all 94 99
q 1 18 6 
#c 18 6 green
# found/all 95 99
q 1 19 5 
q 1 17 6 
q 1 18 7 
q 1 19 6 
q 4 18 6 18 7 19 6 19 7 
q 16 16 8 16 9 16 10 16 11 17 8 17 9 17 10 17 11 18 8 18 9 18 10 18 11 19 8 19 9 19 10 19 11 
q 4 16 8 16 9 17 8 17 9 
q 4 16 10 16 11 17 10 17 11 
q 4 18 8 18 9 19 8 19 9 
q 4 18 10 18 11 19 10 19 11 
q 16 16 12 16 13 16 14 16 15 17 12 17 13 17 14 17 15 18 12 18 13 18 14 18 15 19 12 19 13 19 14 19 15 
q 16 16 16 16 17 16 18 16 19 17 16 17 17 17 18 17 19 18 16 18 17 18 18 18 19 19 16 19 17 19 18 19 19 
q 4 16 16 16 17 17 16 17 17 
q 4 16 18 16 19 17 18 17 19 
q 4 18 16 18 17 19 16 19 17 
q 4 18 18 18 19 19 18 19 19 
q 1 18 18 
#c 18 18 green
# searchh
q 1 17 18 
#c 17 18 green
# found/all 97 99
q 1 18 17 
q 1 18 19 
#c 18 19 green
# found/all 98 99
q 1 19 18 
#c 19 18 green
# found/all 99 99
a 84 3 0 3 1 4 0 3 2 4 1 1 10 1 11 2 11 2 12 3 11 3 12 3 10 4 11 4 12 3 9 4 10 5 11 4 13 2 9 3 8 4 9 5 10 6 11 2 8 5 9 7 11 0 15 0 16 1 15 0 17 1 16 1 14 2 15 3 15 3 16 4 16 4 17 9 15 9 16 10 15 8 16 10 16 10 14 11 15 7 16 8 17 12 15 7 15 7 17 12 14 13 15 12 1 12 2 13 1 13 2 14 1 14 2 14 0 15 1 14 3 12 5 12 6 13 5 12 7 14 5 11 7 15 5 11 8 15 6 13 10 13 11 14 10 14 11 15 10 18 4 18 3 18 5 19 4 17 5 18 6 18 18 17 18 18 19 19 18 
