# [[0, 1], [1, 1], [1, 2], [2, 0], [2, 1], [2, 2], [3, 1], [3, 2], [4, 1], [4, 2], [5, 1], [5, 2], [6, 0], [6, 1]]
# [[0, 3], [1, 1], [1, 2], [1, 3], [2, 0], [2, 1], [2, 2], [2, 3], [2, 4], [2, 5], [3, 0], [3, 1], [4, 0]]
q 16 0 0 0 1 0 2 0 3 1 0 1 1 1 2 1 3 2 0 2 1 2 2 2 3 3 0 3 1 3 2 3 3 
q 4 0 0 0 1 1 0 1 1 
q 1 0 0 
q 1 0 1 
q 1 1 0 
q 1 1 1 
q 4 0 2 0 3 1 2 1 3 
q 4 2 0 2 1 3 0 3 1 
q 4 2 2 2 3 3 2 3 3 
q 1 2 2 
#c 2 2 green
# searchh
q 1 1 2 
q 1 2 1 
q 1 2 3 
#c 2 3 green
# found/all 2 27
q 1 3 2 
#c 3 2 green
# found/all 3 27
q 1 1 3 
#c 1 3 green
# found/all 4 27
q 1 2 4 
#c 2 4 green
# found/all 5 27
q 1 3 3 
#c 3 3 green
# found/all 6 27
q 1 3 1 
q 1 4 2 
#c 4 2 green
# found/all 7 27
q 1 0 3 
q 1 1 4 
#c 1 4 green
# found/all 8 27
q 1 2 5 
#c 2 5 green
# found/all 9 27
q 1 3 4 
q 1 4 3 
q 1 4 1 
q 1 5 2 
q 1 0 4 
q 1 1 5 
#c 1 5 green
# found/all 10 27
q 1 2 6 
#c 2 6 green
# found/all 11 27
q 1 3 5 
q 1 0 5 
#c 0 5 green
# found/all 12 27
q 1 1 6 
q 1 2 7 
#c 2 7 green
# found/all 13 27
q 1 3 6 
q 1 0 6 
q 1 1 7 
q 1 2 8 
q 1 3 7 
q 16 0 4 0 5 0 6 0 7 1 4 1 5 1 6 1 7 2 4 2 5 2 6 2 7 3 4 3 5 3 6 3 7 
# SUM >= 2
# SUM >= 2
q 16 0 8 0 9 0 10 0 11 1 8 1 9 1 10 1 11 2 8 2 9 2 10 2 11 3 8 3 9 3 10 3 11 
q 4 0 8 0 9 1 8 1 9 
q 1 0 8 
q 1 0 9 
q 1 1 8 
q 1 1 9 
q 4 0 10 0 11 1 10 1 11 
q 1 0 10 
q 1 0 11 
q 1 1 10 
q 1 1 11 
q 4 2 8 2 9 3 8 3 9 
q 1 2 9 
q 1 3 8 
q 1 3 9 
q 4 2 10 2 11 3 10 3 11 
q 4 0 12 1 12 2 12 3 12 
q 2 0 12 1 12 
q 2 2 12 3 12 
q 16 4 0 4 1 4 2 4 3 5 0 5 1 5 2 5 3 6 0 6 1 6 2 6 3 7 0 7 1 7 2 7 3 
q 4 4 0 4 1 5 0 5 1 
q 4 4 2 4 3 5 2 5 3 
q 1 5 3 
q 4 6 0 6 1 7 0 7 1 
q 4 6 2 6 3 7 2 7 3 
q 16 4 4 4 5 4 6 4 7 5 4 5 5 5 6 5 7 6 4 6 5 6 6 6 7 7 4 7 5 7 6 7 7 
q 4 4 4 4 5 5 4 5 5 
q 4 4 6 4 7 5 6 5 7 
q 4 6 4 6 5 7 4 7 5 
q 4 6 6 6 7 7 6 7 7 
q 1 6 6 
q 1 6 7 
q 1 7 6 
q 1 7 7 
q 16 4 8 4 9 4 10 4 11 5 8 5 9 5 10 5 11 6 8 6 9 6 10 6 11 7 8 7 9 7 10 7 11 
q 4 4 8 4 9 5 8 5 9 
q 1 4 8 
q 1 4 9 
q 1 5 8 
q 1 5 9 
#c 5 9 green
# searchh
q 1 5 10 
#c 5 10 green
# found/all 15 27
q 1 6 9 
q 1 4 10 
#c 4 10 green
# found/all 16 27
q 1 5 11 
#c 5 11 green
# found/all 17 27
q 1 6 10 
#c 6 10 green
# found/all 18 27
q 1 3 10 
#c 3 10 green
# found/all 19 27
q 1 4 11 
#c 4 11 green
# found/all 20 27
q 1 5 12 
q 1 6 11 
#c 6 11 green
# found/all 21 27
q 1 7 10 
#c 7 10 green
# found/all 22 27
q 1 2 10 
q 1 3 11 
q 1 4 12 
q 1 6 12 
q 1 7 11 
#c 7 11 green
# found/all 23 27
q 1 7 9 
q 1 8 10 
#c 8 10 green
# found/all 24 27
q 1 7 12 
q 1 8 11 
#c 8 11 green
# found/all 25 27
q 1 8 9 
q 1 9 10 
#c 9 10 green
# found/all 26 27
q 1 8 12 
q 1 9 11 
q 1 9 9 
#c 9 9 green
# found/all 27 27
a 27 2 2 2 3 3 2 1 3 2 4 3 3 4 2 1 4 2 5 1 5 2 6 0 5 2 7 5 9 5 10 4 10 5 11 6 10 3 10 4 11 6 11 7 10 7 11 8 10 8 11 9 10 9 9 
