# [[0, 0], [0, 1], [0, 2], [1, 1], [2, 0], [2, 1], [2, 2], [2, 3], [3, 1]]
# [[0, 2], [1, 0], [1, 1], [1, 2], [2, 2], [2, 3], [3, 2], [3, 3]]
# [[0, 3], [1, 3], [1, 4], [2, 3], [2, 4], [2, 5], [3, 0], [3, 1], [3, 2], [3, 3], [4, 1], [5, 1], [6, 1]]
# [[0, 2], [0, 3], [1, 1], [1, 2], [2, 0], [2, 1], [2, 2], [3, 1], [3, 2]]
q 16 0 0 0 1 0 2 0 3 1 0 1 1 1 2 1 3 2 0 2 1 2 2 2 3 3 0 3 1 3 2 3 3 
q 16 0 4 0 5 0 6 0 7 1 4 1 5 1 6 1 7 2 4 2 5 2 6 2 7 3 4 3 5 3 6 3 7 
q 4 0 4 0 5 1 4 1 5 
q 4 0 6 0 7 1 6 1 7 
q 4 2 4 2 5 3 4 3 5 
q 4 2 6 2 7 3 6 3 7 
q 1 2 6 
q 1 2 7 
q 1 3 6 
#c 3 6 green
# searchh
q 1 3 5 
q 1 3 7 
#c 3 7 green
# found/all 2 39
q 1 4 6 
q 1 3 8 
#c 3 8 green
# found/all 4 39
q 1 4 7 
#c 4 7 green
# found/all 6 39
q 1 2 8 
q 1 3 9 
#c 3 9 green
# found/all 8 39
q 1 4 8 
#c 4 8 green
# found/all 9 39
q 1 5 7 
#c 5 7 green
# found/all 10 39
q 1 2 9 
#c 2 9 green
# found/all 12 39
q 1 3 10 
q 1 4 9 
#c 4 9 green
# found/all 13 39
q 1 5 8 
#c 5 8 green
# found/all 14 39
q 1 5 6 
q 1 6 7 
#c 6 7 green
# found/all 15 39
q 1 1 9 
#c 1 9 green
# found/all 16 39
q 1 2 10 
#c 2 10 green
# found/all 18 39
q 1 4 10 
q 1 5 9 
#c 5 9 green
# found/all 19 39
q 1 6 8 
q 1 6 6 
q 1 7 7 
q 1 0 9 
#c 0 9 green
# found/all 20 39
q 1 1 8 
q 1 1 10 
#c 1 10 green
# found/all 21 39
q 1 2 11 
#c 2 11 green
# found/all 22 39
q 1 5 10 
q 1 6 9 
q 1 0 8 
q 1 0 10 
q 1 1 11 
q 1 2 12 
q 1 3 11 
q 16 0 8 0 9 0 10 0 11 1 8 1 9 1 10 1 11 2 8 2 9 2 10 2 11 3 8 3 9 3 10 3 11 
# SUM >= 2
# SUM >= 2
q 4 0 12 1 12 2 12 3 12 
q 16 4 0 4 1 4 2 4 3 5 0 5 1 5 2 5 3 6 0 6 1 6 2 6 3 7 0 7 1 7 2 7 3 
q 4 4 0 4 1 5 0 5 1 
q 4 4 2 4 3 5 2 5 3 
q 1 4 2 
#c 4 2 green
# searchh
q 1 3 2 
q 1 4 1 
q 1 4 3 
#c 4 3 green
# found/all 24 39
q 1 5 2 
q 1 3 3 
q 1 4 4 
#c 4 4 green
# found/all 25 39
q 1 5 3 
q 1 3 4 
#c 3 4 green
# found/all 26 39
q 1 4 5 
q 1 5 4 
#c 5 4 green
# found/all 27 39
q 1 2 4 
q 1 5 5 
#c 5 5 green
# found/all 28 39
q 1 6 4 
#c 6 4 green
# found/all 29 39
q 1 6 5 
#c 6 5 green
# found/all 30 39
q 1 6 3 
q 1 7 4 
q 1 7 5 
q 4 6 0 6 1 7 0 7 1 
q 4 6 2 6 3 7 2 7 3 
q 16 4 4 4 5 4 6 4 7 5 4 5 5 5 6 5 7 6 4 6 5 6 6 6 7 7 4 7 5 7 6 7 7 
# SUM >= 2
# SUM >= 2
q 16 4 8 4 9 4 10 4 11 5 8 5 9 5 10 5 11 6 8 6 9 6 10 6 11 7 8 7 9 7 10 7 11 
# SUM >= 2
q 4 6 8 6 9 7 8 7 9 
q 4 6 10 6 11 7 10 7 11 
q 4 4 12 5 12 6 12 7 12 
q 16 8 0 8 1 8 2 8 3 9 0 9 1 9 2 9 3 10 0 10 1 10 2 10 3 11 0 11 1 11 2 11 3 
q 16 8 4 8 5 8 6 8 7 9 4 9 5 9 6 9 7 10 4 10 5 10 6 10 7 11 4 11 5 11 6 11 7 
q 4 8 4 8 5 9 4 9 5 
q 4 8 6 8 7 9 6 9 7 
q 4 10 4 10 5 11 4 11 5 
q 4 10 6 10 7 11 6 11 7 
q 16 8 8 8 9 8 10 8 11 9 8 9 9 9 10 9 11 10 8 10 9 10 10 10 11 11 8 11 9 11 10 11 11 
q 4 8 8 8 9 9 8 9 9 
q 4 8 10 8 11 9 10 9 11 
q 4 10 8 10 9 11 8 11 9 
q 4 10 10 10 11 11 10 11 11 
q 1 10 10 
#c 10 10 green
# searchh
q 1 9 10 
#c 9 10 green
# found/all 32 39
q 1 10 9 
q 1 10 11 
q 1 11 10 
#c 11 10 green
# found/all 33 39
q 1 8 10 
q 1 9 9 
#c 9 9 green
# found/all 34 39
q 1 9 11 
#c 9 11 green
# found/all 35 39
q 1 11 9 
#c 11 9 green
# found/all 36 39
q 1 11 11 
#c 11 11 green
# found/all 37 39
q 1 12 10 
#c 12 10 green
# found/all 38 39
q 1 8 9 
q 1 9 8 
q 1 8 11 
q 1 9 12 
q 1 11 8 
q 1 12 9 
q 1 11 12 
#c 11 12 green
# found/all 39 39
a 34 3 6 3 7 3 8 4 7 3 9 4 8 5 7 2 9 4 9 5 8 6 7 1 9 2 10 5 9 0 9 1 10 2 11 4 2 4 3 4 4 3 4 5 4 5 5 6 4 6 5 10 10 9 10 11 10 9 9 9 11 11 9 11 11 12 10 11 12 
