# [[0, 0], [0, 1], [0, 2], [0, 3], [1, 0], [1, 1], [2, 0], [2, 1], [3, 0], [3, 1], [3, 2]]
# [[0, 0], [1, 0], [1, 1], [1, 2], [2, 0], [2, 1], [3, 1], [3, 2], [3, 3]]
# [[0, 1], [0, 2], [0, 3], [1, 0], [1, 1], [1, 2], [2, 1], [2, 2], [2, 3], [3, 2]]
# [[0, 2], [0, 3], [1, 3], [2, 0], [2, 1], [2, 2], [2, 3], [3, 3], [3, 4]]
# [[0, 2], [0, 4], [1, 0], [1, 1], [1, 2], [1, 3], [1, 4], [2, 0], [2, 2], [2, 3]]
# [[0, 0], [0, 1], [1, 1], [2, 1], [2, 2], [2, 3], [3, 2], [3, 3], [4, 1], [4, 2]]
# [[0, 0], [0, 1], [0, 2], [1, 0], [1, 2], [1, 3], [2, 1], [2, 2], [2, 3], [2, 4]]
# [[0, 2], [0, 3], [0, 4], [1, 0], [1, 1], [1, 2], [1, 3], [2, 1], [2, 2], [2, 3], [3, 2]]
# [[0, 3], [1, 3], [2, 3], [3, 0], [3, 1], [3, 2], [3, 3], [3, 4], [4, 1], [5, 1], [6, 1]]
# [[0, 1], [0, 2], [1, 0], [1, 1], [1, 2], [2, 0], [2, 1], [2, 2], [2, 3], [3, 0]]
q 16 0 0 0 1 0 2 0 3 1 0 1 1 1 2 1 3 2 0 2 1 2 2 2 3 3 0 3 1 3 2 3 3 
q 4 0 0 0 1 1 0 1 1 
q 4 0 2 0 3 1 2 1 3 
q 4 2 0 2 1 3 0 3 1 
q 4 2 2 2 3 3 2 3 3 
q 16 0 4 0 5 0 6 0 7 1 4 1 5 1 6 1 7 2 4 2 5 2 6 2 7 3 4 3 5 3 6 3 7 
q 4 0 4 0 5 1 4 1 5 
q 4 0 6 0 7 1 6 1 7 
q 4 2 4 2 5 3 4 3 5 
q 4 2 6 2 7 3 6 3 7 
q 1 2 6 
q 1 2 7 
q 1 3 6 
q 1 3 7 
#c 3 7 green
# searchh
q 1 3 8 
#c 3 8 green
# found/all 2 101
q 1 4 7 
#c 4 7 green
# found/all 3 101
q 1 2 8 
q 1 3 9 
#c 3 9 green
# found/all 4 101
q 1 4 8 
q 1 4 6 
q 1 5 7 
q 1 2 9 
#c 2 9 green
# found/all 6 101
q 1 3 10 
#c 3 10 green
# found/all 7 101
q 1 4 9 
#c 4 9 green
# found/all 8 101
q 1 1 9 
q 1 2 10 
#c 2 10 green
# found/all 9 101
q 1 3 11 
#c 3 11 green
# found/all 10 101
q 1 4 10 
#c 4 10 green
# found/all 11 101
q 1 5 9 
q 1 1 10 
#c 1 10 green
# found/all 12 101
q 1 2 11 
#c 2 11 green
# found/all 14 101
q 1 3 12 
q 1 4 11 
#c 4 11 green
# found/all 15 101
q 1 5 10 
q 1 0 10 
#c 0 10 green
# found/all 16 101
q 1 1 11 
#c 1 11 green
# found/all 17 101
q 1 2 12 
#c 2 12 green
# found/all 18 101
q 1 4 12 
#c 4 12 green
# found/all 19 101
q 1 5 11 
q 1 0 9 
#c 0 9 green
# found/all 20 101
q 1 0 11 
q 1 1 12 
q 1 2 13 
#c 2 13 green
# found/all 21 101
q 1 4 13 
#c 4 13 green
# found/all 22 101
q 1 5 12 
q 1 0 8 
#c 0 8 green
# found/all 23 101
q 1 1 13 
q 1 2 14 
#c 2 14 green
# found/all 24 101
q 1 3 13 
q 1 4 14 
#c 4 14 green
# found/all 26 101
q 1 5 13 
q 1 0 7 
q 1 1 8 
#c 1 8 green
# found/all 27 101
q 1 1 14 
q 1 2 15 
q 1 3 14 
#c 3 14 green
# found/all 28 101
q 1 4 15 
q 1 5 14 
#c 5 14 green
# found/all 30 101
q 1 1 7 
q 1 3 15 
q 1 5 15 
#c 5 15 green
# found/all 31 101
q 1 6 14 
#c 6 14 green
# found/all 33 101
q 1 5 16 
q 1 6 15 
#c 6 15 green
# found/all 34 101
q 1 6 13 
q 1 7 14 
#c 7 14 green
# found/all 36 101
q 1 6 16 
#c 6 16 green
# found/all 37 101
q 1 7 15 
#c 7 15 green
# found/all 39 101
q 1 7 13 
#c 7 13 green
# found/all 41 101
q 1 8 14 
#c 8 14 green
# found/all 42 101
q 1 6 17 
q 1 7 16 
q 1 8 15 
#c 8 15 green
# found/all 43 101
q 1 7 12 
#c 7 12 green
# found/all 45 101
q 1 8 13 
#c 8 13 green
# found/all 46 101
q 1 9 14 
#c 9 14 green
# found/all 47 101
q 1 8 16 
q 1 9 15 
q 1 6 12 
q 1 7 11 
#c 7 11 green
# found/all 48 101
q 1 8 12 
#c 8 12 green
# found/all 49 101
q 1 9 13 
q 1 10 14 
q 1 6 11 
q 1 7 10 
q 1 8 11 
q 1 9 12 
#c 9 12 green
# found/all 50 101
q 1 9 11 
q 1 10 12 
#c 10 12 green
# found/all 51 101
q 1 10 11 
#c 10 11 green
# found/all 52 101
q 1 10 13 
q 1 11 12 
q 1 10 10 
#c 10 10 green
# found/all 54 101
q 1 11 11 
q 1 9 10 
#c 9 10 green
# found/all 55 101
q 1 10 9 
#c 10 9 green
# found/all 57 101
q 1 11 10 
q 1 8 10 
#c 8 10 green
# found/all 59 101
q 1 9 9 
#c 9 9 green
# found/all 61 101
q 1 10 8 
#c 10 8 green
# found/all 63 101
q 1 11 9 
#c 11 9 green
# found/all 64 101
q 1 8 9 
#c 8 9 green
# found/all 66 101
q 1 9 8 
#c 9 8 green
# found/all 68 101
q 1 10 7 
q 1 11 8 
#c 11 8 green
# found/all 69 101
q 1 12 9 
q 1 7 9 
q 1 8 8 
#c 8 8 green
# found/all 70 101
q 1 9 7 
#c 9 7 green
# found/all 71 101
q 1 11 7 
q 1 12 8 
q 1 7 8 
q 1 8 7 
q 1 9 6 
q 16 0 8 0 9 0 10 0 11 1 8 1 9 1 10 1 11 2 8 2 9 2 10 2 11 3 8 3 9 3 10 3 11 
# SUM >= 2
# SUM >= 2
q 16 0 12 0 13 0 14 0 15 1 12 1 13 1 14 1 15 2 12 2 13 2 14 2 15 3 12 3 13 3 14 3 15 
q 4 0 12 0 13 1 12 1 13 
q 4 0 14 0 15 1 14 1 15 
# SUM >= 2
q 8 0 16 0 17 1 16 1 17 2 16 2 17 3 16 3 17 
q 16 4 0 4 1 4 2 4 3 5 0 5 1 5 2 5 3 6 0 6 1 6 2 6 3 7 0 7 1 7 2 7 3 
q 4 4 0 4 1 5 0 5 1 
q 4 4 2 4 3 5 2 5 3 
q 1 4 2 
q 1 4 3 
q 1 5 2 
q 1 5 3 
q 4 6 0 6 1 7 0 7 1 
q 4 6 2 6 3 7 2 7 3 
q 16 4 4 4 5 4 6 4 7 5 4 5 5 5 6 5 7 6 4 6 5 6 6 6 7 7 4 7 5 7 6 7 7 
q 4 4 4 4 5 5 4 5 5 
q 4 4 6 4 7 5 6 5 7 
q 4 6 4 6 5 7 4 7 5 
q 4 6 6 6 7 7 6 7 7 
q 16 4 8 4 9 4 10 4 11 5 8 5 9 5 10 5 11 6 8 6 9 6 10 6 11 7 8 7 9 7 10 7 11 
q 4 4 8 4 9 5 8 5 9 
# SUM >= 2
q 4 6 8 6 9 7 8 7 9 
q 4 6 10 6 11 7 10 7 11 
q 16 4 12 4 13 4 14 4 15 5 12 5 13 5 14 5 15 6 12 6 13 6 14 6 15 7 12 7 13 7 14 7 15 
# SUM >= 2
# SUM >= 2
q 8 4 16 4 17 5 16 5 17 6 16 6 17 7 16 7 17 
q 4 4 16 4 17 5 16 5 17 
q 4 6 16 6 17 7 16 7 17 
q 16 8 0 8 1 8 2 8 3 9 0 9 1 9 2 9 3 10 0 10 1 10 2 10 3 11 0 11 1 11 2 11 3 
q 4 8 0 8 1 9 0 9 1 
q 4 8 2 8 3 9 2 9 3 
q 4 10 0 10 1 11 0 11 1 
q 4 10 2 10 3 11 2 11 3 
q 16 8 4 8 5 8 6 8 7 9 4 9 5 9 6 9 7 10 4 10 5 10 6 10 7 11 4 11 5 11 6 11 7 
q 4 8 4 8 5 9 4 9 5 
q 4 8 6 8 7 9 6 9 7 
q 1 8 6 
q 4 10 4 10 5 11 4 11 5 
q 4 10 6 10 7 11 6 11 7 
q 1 10 6 
q 1 11 6 
#c 11 6 green
# searchh
q 1 11 5 
#c 11 5 green
# found/all 73 101
q 1 12 6 
#c 12 6 green
# found/all 74 101
q 1 10 5 
q 1 11 4 
q 1 12 5 
#c 12 5 green
# found/all 75 101
q 1 12 7 
q 1 13 6 
#c 13 6 green
# found/all 77 101
q 1 12 4 
q 1 13 5 
#c 13 5 green
# found/all 78 101
q 1 13 7 
#c 13 7 green
# found/all 80 101
q 1 14 6 
#c 14 6 green
# found/all 81 101
q 1 13 4 
q 1 14 5 
#c 14 5 green
# found/all 82 101
q 1 13 8 
#c 13 8 green
# found/all 83 101
q 1 14 7 
#c 14 7 green
# found/all 84 101
q 1 15 6 
#c 15 6 green
# found/all 86 101
q 1 14 4 
q 1 15 5 
q 1 13 9 
q 1 14 8 
#c 14 8 green
# found/all 87 101
q 1 15 7 
#c 15 7 green
# found/all 89 101
q 1 16 6 
q 1 14 9 
q 1 15 8 
#c 15 8 green
# found/all 90 101
q 1 16 7 
q 1 15 9 
q 1 16 8 
q 16 8 8 8 9 8 10 8 11 9 8 9 9 9 10 9 11 10 8 10 9 10 10 10 11 11 8 11 9 11 10 11 11 
# SUM >= 2
# SUM >= 2
q 16 8 12 8 13 8 14 8 15 9 12 9 13 9 14 9 15 10 12 10 13 10 14 10 15 11 12 11 13 11 14 11 15 
# SUM >= 2
q 4 10 12 10 13 11 12 11 13 
q 1 11 13 
q 4 10 14 10 15 11 14 11 15 
q 8 8 16 8 17 9 16 9 17 10 16 10 17 11 16 11 17 
q 4 8 16 8 17 9 16 9 17 
q 4 10 16 10 17 11 16 11 17 
q 16 12 0 12 1 12 2 12 3 13 0 13 1 13 2 13 3 14 0 14 1 14 2 14 3 15 0 15 1 15 2 15 3 
q 4 12 0 12 1 13 0 13 1 
q 4 12 2 12 3 13 2 13 3 
q 1 12 2 
q 1 12 3 
q 1 13 2 
#c 13 2 green
# searchh
q 1 13 1 
#c 13 1 green
# found/all 92 101
q 1 13 3 
#c 13 3 green
# found/all 93 101
q 1 14 2 
q 1 12 1 
q 1 13 0 
#c 13 0 green
# found/all 94 101
q 1 14 1 
#c 14 1 green
# found/all 95 101
q 1 14 3 
q 1 12 0 
q 1 14 0 
#c 14 0 green
# found/all 96 101
q 1 15 1 
#c 15 1 green
# found/all 97 101
q 1 15 0 
#c 15 0 green
# found/all 98 101
q 1 15 2 
q 1 16 1 
#c 16 1 green
# found/all 99 101
q 1 16 0 
#c 16 0 green
# found/all 100 101
q 1 16 2 
#c 16 2 green
# found/all 101 101
a 81 3 7 3 8 4 7 3 9 2 9 3 10 4 9 2 10 3 11 4 10 1 10 2 11 4 11 0 10 1 11 2 12 4 12 0 9 2 13 4 13 0 8 2 14 4 14 1 8 3 14 5 14 5 15 6 14 6 15 7 14 6 16 7 15 7 13 8 14 8 15 7 12 8 13 9 14 7 11 8 12 9 12 10 12 10 11 10 10 9 10 10 9 8 10 9 9 10 8 11 9 8 9 9 8 11 8 8 8 9 7 11 6 11 5 12 6 12 5 13 6 13 5 13 7 14 6 14 5 13 8 14 7 15 6 14 8 15 7 15 8 13 2 13 1 13 3 13 0 14 1 14 0 15 1 15 0 16 1 16 0 16 2 
