# [[0, 1], [0, 2], [1, 1], [1, 2], [2, 0], [2, 1]]
# [[0, 0], [0, 1], [0, 2], [0, 3], [1, 2], [2, 2]]
# [[0, 0], [0, 1], [0, 2], [0, 3], [0, 4], [1, 2]]
# [[0, 1], [0, 3], [1, 0], [1, 1], [1, 2], [1, 3], [1, 4]]
# [[0, 3], [1, 2], [1, 3], [2, 2], [3, 1], [3, 2], [3, 3], [4, 0], [4, 1], [4, 2]]
q 16 0 0 0 1 0 2 0 3 1 0 1 1 1 2 1 3 2 0 2 1 2 2 2 3 3 0 3 1 3 2 3 3 
q 16 0 4 0 5 0 6 0 7 1 4 1 5 1 6 1 7 2 4 2 5 2 6 2 7 3 4 3 5 3 6 3 7 
q 4 0 4 0 5 1 4 1 5 
q 4 0 6 0 7 1 6 1 7 
q 4 2 4 2 5 3 4 3 5 
q 4 2 6 2 7 3 6 3 7 
q 1 2 6 
q 1 2 7 
#c 2 7 green
# searchh
q 1 1 7 
q 1 2 8 
#c 2 8 green
# found/all 2 35
q 1 3 7 
#c 3 7 green
# found/all 3 35
q 1 1 8 
#c 1 8 green
# found/all 4 35
q 1 2 9 
q 1 3 8 
#c 3 8 green
# found/all 5 35
q 1 3 6 
q 1 4 7 
#c 4 7 green
# found/all 6 35
q 1 0 8 
q 1 1 9 
#c 1 9 green
# found/all 7 35
q 1 3 9 
q 1 4 8 
q 1 4 6 
#c 4 6 green
# found/all 8 35
q 1 5 7 
q 1 0 9 
q 1 1 10 
#c 1 10 green
# found/all 9 35
q 1 4 5 
q 1 5 6 
q 1 0 10 
q 1 1 11 
#c 1 11 green
# found/all 10 35
q 1 2 10 
#c 2 10 green
# found/all 11 35
q 1 0 11 
q 1 2 11 
q 1 3 10 
#c 3 10 green
# found/all 12 35
q 1 3 11 
q 1 4 10 
q 16 0 8 0 9 0 10 0 11 1 8 1 9 1 10 1 11 2 8 2 9 2 10 2 11 3 8 3 9 3 10 3 11 
# SUM >= 2
# SUM >= 2
q 16 4 0 4 1 4 2 4 3 5 0 5 1 5 2 5 3 6 0 6 1 6 2 6 3 7 0 7 1 7 2 7 3 
q 16 4 4 4 5 4 6 4 7 5 4 5 5 5 6 5 7 6 4 6 5 6 6 6 7 7 4 7 5 7 6 7 7 
q 4 4 4 4 5 5 4 5 5 
# SUM >= 2
q 4 6 4 6 5 7 4 7 5 
q 4 6 6 6 7 7 6 7 7 
q 16 4 8 4 9 4 10 4 11 5 8 5 9 5 10 5 11 6 8 6 9 6 10 6 11 7 8 7 9 7 10 7 11 
q 4 4 8 4 9 5 8 5 9 
q 4 4 10 4 11 5 10 5 11 
q 4 6 8 6 9 7 8 7 9 
q 1 6 8 
q 1 6 9 
q 1 7 8 
q 1 7 9 
q 4 6 10 6 11 7 10 7 11 
q 16 8 0 8 1 8 2 8 3 9 0 9 1 9 2 9 3 10 0 10 1 10 2 10 3 11 0 11 1 11 2 11 3 
q 4 8 0 8 1 9 0 9 1 
q 4 8 2 8 3 9 2 9 3 
q 1 8 2 
q 1 8 3 
q 1 9 2 
#c 9 2 green
# searchh
q 1 9 1 
q 1 9 3 
q 1 10 2 
#c 10 2 green
# found/all 15 35
q 1 10 1 
#c 10 1 green
# found/all 16 35
q 1 10 3 
#c 10 3 green
# found/all 18 35
q 1 11 2 
q 1 10 0 
q 1 11 1 
q 1 10 4 
#c 10 4 green
# found/all 20 35
q 1 11 3 
q 1 9 4 
#c 9 4 green
# found/all 21 35
q 1 10 5 
#c 10 5 green
# found/all 24 35
q 1 11 4 
#c 11 4 green
# found/all 26 35
q 1 8 4 
q 1 9 5 
q 1 10 6 
#c 10 6 green
# found/all 28 35
q 1 11 5 
#c 11 5 green
# found/all 29 35
q 1 9 6 
#c 9 6 green
# found/all 30 35
q 1 10 7 
#c 10 7 green
# found/all 31 35
q 1 11 6 
#c 11 6 green
# found/all 32 35
q 1 8 6 
#c 8 6 green
# found/all 33 35
q 1 9 7 
q 1 10 8 
q 1 11 7 
q 1 7 6 
q 1 8 5 
q 1 8 7 
#c 8 7 green
# found/all 34 35
q 1 7 7 
#c 7 7 green
# found/all 35 35
a 28 2 7 2 8 3 7 1 8 3 8 4 7 1 9 4 6 1 10 1 11 2 10 3 10 9 2 10 2 10 1 10 3 10 4 9 4 10 5 11 4 10 6 11 5 9 6 10 7 11 6 8 6 8 7 7 7 
