# [[0, 1], [1, 0], [1, 1], [2, 0], [2, 1], [2, 2], [3, 0], [3, 1], [4, 0]]
# [[0, 0], [0, 1], [1, 0], [1, 1], [1, 2], [2, 1], [2, 2], [2, 3], [2, 4], [3, 3]]
# [[0, 2], [1, 0], [1, 1], [1, 2], [1, 3], [2, 1]]
# [[0, 1], [0, 2], [1, 0], [1, 1], [1, 2], [2, 1], [3, 1], [3, 2]]
# [[0, 1], [0, 3], [1, 0], [1, 1], [1, 2], [1, 3]]
# [[0, 1], [1, 0], [1, 1], [1, 2], [2, 0], [2, 1], [2, 2], [3, 0], [3, 1]]
# [[0, 0], [0, 1], [0, 2], [0, 3], [0, 4], [0, 5], [1, 4], [2, 4]]
# [[0, 1], [1, 1], [2, 0], [2, 1], [3, 0], [3, 1]]
# [[0, 1], [0, 2], [0, 3], [1, 1], [2, 0], [2, 1], [2, 2], [2, 3], [2, 4], [3, 0]]
# [[0, 2], [0, 3], [1, 0], [1, 1], [1, 2], [1, 3], [1, 4], [2, 1]]
q 16 0 0 0 1 0 2 0 3 1 0 1 1 1 2 1 3 2 0 2 1 2 2 2 3 3 0 3 1 3 2 3 3 
q 16 0 4 0 5 0 6 0 7 1 4 1 5 1 6 1 7 2 4 2 5 2 6 2 7 3 4 3 5 3 6 3 7 
q 4 0 4 0 5 1 4 1 5 
q 4 0 6 0 7 1 6 1 7 
q 4 2 4 2 5 3 4 3 5 
q 1 2 4 
#c 2 4 green
# searchh
q 1 1 4 
q 1 2 3 
q 1 2 5 
q 1 3 4 
#c 3 4 green
# found/all 2 80
q 1 3 3 
#c 3 3 green
# found/all 3 80
q 1 3 5 
#c 3 5 green
# found/all 4 80
q 1 4 4 
#c 4 4 green
# found/all 5 80
q 1 3 2 
q 1 4 3 
#c 4 3 green
# found/all 6 80
q 1 3 6 
q 1 4 5 
#c 4 5 green
# found/all 7 80
q 1 5 4 
#c 5 4 green
# found/all 8 80
q 1 4 2 
q 1 5 3 
#c 5 3 green
# found/all 9 80
q 1 4 6 
q 1 5 5 
q 1 6 4 
q 1 5 2 
q 1 6 3 
#c 6 3 green
# found/all 10 80
q 1 6 2 
#c 6 2 green
# found/all 11 80
q 1 7 3 
#c 7 3 green
# found/all 12 80
q 1 6 1 
q 1 7 2 
#c 7 2 green
# found/all 13 80
q 1 7 4 
q 1 8 3 
q 1 7 1 
#c 7 1 green
# found/all 14 80
q 1 8 2 
#c 8 2 green
# found/all 15 80
q 1 7 0 
q 1 8 1 
q 1 9 2 
#c 9 2 green
# found/all 16 80
q 1 9 1 
q 1 9 3 
#c 9 3 green
# found/all 17 80
q 1 10 2 
q 1 9 4 
q 1 10 3 
q 4 2 6 2 7 3 6 3 7 
q 16 0 8 0 9 0 10 0 11 1 8 1 9 1 10 1 11 2 8 2 9 2 10 2 11 3 8 3 9 3 10 3 11 
q 4 0 8 0 9 1 8 1 9 
q 4 0 10 0 11 1 10 1 11 
q 1 0 10 
q 1 0 11 
q 1 1 10 
q 1 1 11 
q 4 2 8 2 9 3 8 3 9 
q 4 2 10 2 11 3 10 3 11 
q 16 0 12 0 13 0 14 0 15 1 12 1 13 1 14 1 15 2 12 2 13 2 14 2 15 3 12 3 13 3 14 3 15 
q 4 0 12 0 13 1 12 1 13 
q 1 0 12 
q 1 0 13 
q 1 1 12 
q 1 1 13 
q 4 0 14 0 15 1 14 1 15 
q 4 2 12 2 13 3 12 3 13 
q 4 2 14 2 15 3 14 3 15 
q 4 0 16 1 16 2 16 3 16 
q 16 4 0 4 1 4 2 4 3 5 0 5 1 5 2 5 3 6 0 6 1 6 2 6 3 7 0 7 1 7 2 7 3 
q 4 4 0 4 1 5 0 5 1 
# SUM >= 2
q 4 6 0 6 1 7 0 7 1 
# SUM >= 2
q 16 4 4 4 5 4 6 4 7 5 4 5 5 5 6 5 7 6 4 6 5 6 6 6 7 7 4 7 5 7 6 7 7 
# SUM >= 2
q 4 6 4 6 5 7 4 7 5 
q 1 6 5 
q 1 7 5 
q 4 6 6 6 7 7 6 7 7 
q 16 4 8 4 9 4 10 4 11 5 8 5 9 5 10 5 11 6 8 6 9 6 10 6 11 7 8 7 9 7 10 7 11 
q 4 4 8 4 9 5 8 5 9 
q 4 4 10 4 11 5 10 5 11 
q 4 6 8 6 9 7 8 7 9 
q 4 6 10 6 11 7 10 7 11 
q 1 6 10 
#c 6 10 green
# searchh
q 1 5 10 
q 1 6 9 
#c 6 9 green
# found/all 19 80
q 1 6 11 
#c 6 11 green
# found/all 20 80
q 1 7 10 
q 1 5 9 
q 1 6 8 
#c 6 8 green
# found/all 21 80
q 1 7 9 
q 1 5 11 
q 1 6 12 
#c 6 12 green
# found/all 22 80
q 1 7 11 
#c 7 11 green
# found/all 23 80
q 1 5 8 
q 1 6 7 
#c 6 7 green
# found/all 24 80
q 1 7 8 
q 1 5 12 
q 1 6 13 
q 1 7 12 
q 1 8 11 
#c 8 11 green
# found/all 25 80
q 1 5 7 
q 1 6 6 
q 1 7 7 
q 1 8 10 
q 1 8 12 
#c 8 12 green
# found/all 26 80
q 1 9 11 
#c 9 11 green
# found/all 27 80
q 1 8 13 
#c 8 13 green
# found/all 28 80
q 1 9 12 
#c 9 12 green
# found/all 29 80
q 1 9 10 
q 1 10 11 
#c 10 11 green
# found/all 31 80
q 1 7 13 
q 1 8 14 
#c 8 14 green
# found/all 32 80
q 1 9 13 
#c 9 13 green
# found/all 33 80
q 1 10 12 
#c 10 12 green
# found/all 34 80
q 1 10 10 
q 1 11 11 
#c 11 11 green
# found/all 35 80
q 1 7 14 
#c 7 14 green
# found/all 36 80
q 1 8 15 
#c 8 15 green
# found/all 37 80
q 1 9 14 
#c 9 14 green
# found/all 39 80
q 1 10 13 
#c 10 13 green
# found/all 41 80
q 1 11 12 
q 1 11 10 
#c 11 10 green
# found/all 42 80
q 1 12 11 
#c 12 11 green
# found/all 43 80
q 1 6 14 
q 1 7 15 
q 1 8 16 
q 1 9 15 
q 1 10 14 
#c 10 14 green
# found/all 45 80
q 1 11 13 
#c 11 13 green
# found/all 46 80
q 1 11 9 
q 1 12 10 
#c 12 10 green
# found/all 47 80
q 1 12 12 
q 1 13 11 
q 1 10 15 
q 1 11 14 
#c 11 14 green
# found/all 48 80
q 1 12 13 
#c 12 13 green
# found/all 49 80
q 1 12 9 
q 1 13 10 
q 1 11 15 
#c 11 15 green
# found/all 50 80
q 1 12 14 
#c 12 14 green
# found/all 51 80
q 1 13 13 
#c 13 13 green
# found/all 52 80
q 1 11 16 
q 1 12 15 
q 1 13 14 
q 1 13 12 
q 1 14 13 
q 16 4 12 4 13 4 14 4 15 5 12 5 13 5 14 5 15 6 12 6 13 6 14 6 15 7 12 7 13 7 14 7 15 
q 4 4 12 4 13 5 12 5 13 
q 4 4 14 4 15 5 14 5 15 
q 4 6 12 6 13 7 12 7 13 
q 4 6 14 6 15 7 14 7 15 
q 1 6 15 
q 4 4 16 5 16 6 16 7 16 
q 16 8 0 8 1 8 2 8 3 9 0 9 1 9 2 9 3 10 0 10 1 10 2 10 3 11 0 11 1 11 2 11 3 
q 4 8 0 8 1 9 0 9 1 
# SUM >= 2
q 4 10 0 10 1 11 0 11 1 
q 1 10 0 
q 1 10 1 
q 1 11 0 
q 1 11 1 
#c 11 1 green
# searchh
q 1 11 2 
#c 11 2 green
# found/all 54 80
q 1 12 1 
#c 12 1 green
# found/all 55 80
q 1 11 3 
#c 11 3 green
# found/all 57 80
q 1 12 2 
q 1 12 0 
q 1 13 1 
#c 13 1 green
# found/all 58 80
q 1 11 4 
#c 11 4 green
# found/all 59 80
q 1 12 3 
#c 12 3 green
# found/all 60 80
q 1 13 0 
#c 13 0 green
# found/all 61 80
q 1 13 2 
#c 13 2 green
# found/all 62 80
q 1 14 1 
q 1 10 4 
q 1 11 5 
q 1 12 4 
#c 12 4 green
# found/all 63 80
q 1 13 3 
#c 13 3 green
# found/all 64 80
q 1 14 0 
#c 14 0 green
# found/all 65 80
q 1 14 2 
q 1 12 5 
#c 12 5 green
# found/all 66 80
q 1 13 4 
#c 13 4 green
# found/all 68 80
q 1 14 3 
q 1 15 0 
q 1 12 6 
q 1 13 5 
#c 13 5 green
# found/all 69 80
q 1 14 4 
q 1 13 6 
#c 13 6 green
# found/all 70 80
q 1 14 5 
q 1 13 7 
#c 13 7 green
# found/all 71 80
q 1 14 6 
#c 14 6 green
# found/all 72 80
q 1 12 7 
q 1 13 8 
q 1 14 7 
q 1 15 6 
# SUM >= 2
q 16 8 4 8 5 8 6 8 7 9 4 9 5 9 6 9 7 10 4 10 5 10 6 10 7 11 4 11 5 11 6 11 7 
q 4 8 4 8 5 9 4 9 5 
q 4 8 6 8 7 9 6 9 7 
q 1 8 6 
q 1 8 7 
q 1 9 6 
q 1 9 7 
q 4 10 4 10 5 11 4 11 5 
q 1 10 5 
q 4 10 6 10 7 11 6 11 7 
q 16 8 8 8 9 8 10 8 11 9 8 9 9 9 10 9 11 10 8 10 9 10 10 10 11 11 8 11 9 11 10 11 11 
q 4 8 8 8 9 9 8 9 9 
# SUM >= 2
q 4 10 8 10 9 11 8 11 9 
# SUM >= 2
q 16 8 12 8 13 8 14 8 15 9 12 9 13 9 14 9 15 10 12 10 13 10 14 10 15 11 12 11 13 11 14 11 15 
# SUM >= 2
# SUM >= 2
q 4 8 16 9 16 10 16 11 16 
q 16 12 0 12 1 12 2 12 3 13 0 13 1 13 2 13 3 14 0 14 1 14 2 14 3 15 0 15 1 15 2 15 3 
# SUM >= 2
q 4 14 0 14 1 15 0 15 1 
q 1 15 1 
q 4 14 2 14 3 15 2 15 3 
q 16 12 4 12 5 12 6 12 7 13 4 13 5 13 6 13 7 14 4 14 5 14 6 14 7 15 4 15 5 15 6 15 7 
# SUM >= 2
q 4 14 4 14 5 15 4 15 5 
q 1 15 4 
q 1 15 5 
q 4 14 6 14 7 15 6 15 7 
q 1 15 7 
#c 15 7 green
# searchh
q 1 15 8 
#c 15 8 green
# found/all 74 80
q 1 16 7 
q 1 14 8 
q 1 15 9 
#c 15 9 green
# found/all 75 80
q 1 16 8 
#c 16 8 green
# found/all 76 80
q 1 14 9 
#c 14 9 green
# found/all 77 80
q 1 15 10 
#c 15 10 green
# found/all 78 80
q 1 16 9 
q 1 13 9 
q 1 14 10 
#c 14 10 green
# found/all 79 80
q 1 15 11 
#c 15 11 green
# found/all 80 80
a 74 2 4 3 4 3 3 3 5 4 4 4 3 4 5 5 4 5 3 6 3 6 2 7 3 7 2 7 1 8 2 9 2 9 3 6 10 6 9 6 11 6 8 6 12 7 11 6 7 8 11 8 12 9 11 8 13 9 12 10 11 8 14 9 13 10 12 11 11 7 14 8 15 9 14 10 13 11 10 12 11 10 14 11 13 12 10 11 14 12 13 11 15 12 14 13 13 11 1 11 2 12 1 11 3 13 1 11 4 12 3 13 0 13 2 12 4 13 3 14 0 12 5 13 4 13 5 13 6 13 7 14 6 15 7 15 8 15 9 16 8 14 9 15 10 14 10 15 11 
