# [[0, 2], [0, 3], [1, 2], [2, 1], [2, 2], [3, 0], [3, 1]]
# [[0, 1], [1, 1], [2, 0], [2, 1], [2, 2]]
# [[0, 1], [0, 2], [0, 3], [1, 0], [1, 1], [1, 2]]
# [[0, 1], [0, 2], [1, 0], [1, 1], [1, 2], [2, 2]]
# [[0, 1], [1, 1], [1, 2], [2, 0], [2, 1], [2, 2]]
# [[0, 1], [0, 2], [1, 0], [1, 1], [1, 2], [1, 3]]
# [[0, 0], [0, 1], [0, 2], [0, 3], [1, 1]]
# [[0, 0], [1, 0], [1, 1], [1, 2], [2, 2]]
# [[0, 0], [1, 0], [2, 0], [3, 0], [4, 0], [4, 1]]
# [[0, 1], [0, 2], [0, 3], [1, 0], [1, 1], [1, 2]]
# [[0, 3], [1, 0], [1, 1], [1, 2], [1, 3], [1, 4], [2, 3]]
q 16 0 0 0 1 0 2 0 3 1 0 1 1 1 2 1 3 2 0 2 1 2 2 2 3 3 0 3 1 3 2 3 3 
q 16 0 4 0 5 0 6 0 7 1 4 1 5 1 6 1 7 2 4 2 5 2 6 2 7 3 4 3 5 3 6 3 7 
q 4 0 4 0 5 1 4 1 5 
q 4 0 6 0 7 1 6 1 7 
q 1 0 6 
q 1 0 7 
q 1 1 6 
#c 1 6 green
# searchh
q 1 1 5 
q 1 1 7 
#c 1 7 green
# found/all 4 65
q 1 2 6 
#c 2 6 green
# found/all 6 65
q 1 1 8 
#c 1 8 green
# found/all 7 65
q 1 2 7 
#c 2 7 green
# found/all 9 65
q 1 2 5 
#c 2 5 green
# found/all 11 65
q 1 3 6 
q 1 0 8 
q 1 1 9 
q 1 2 8 
#c 2 8 green
# found/all 12 65
q 1 3 7 
q 1 2 4 
q 1 3 5 
q 1 2 9 
q 1 3 8 
#c 3 8 green
# found/all 13 65
q 1 3 9 
#c 3 9 green
# found/all 14 65
q 1 4 8 
q 1 3 10 
#c 3 10 green
# found/all 15 65
q 1 4 9 
q 1 2 10 
q 1 3 11 
#c 3 11 green
# found/all 16 65
q 1 4 10 
q 1 2 11 
#c 2 11 green
# found/all 17 65
q 1 3 12 
#c 3 12 green
# found/all 18 65
q 1 4 11 
#c 4 11 green
# found/all 19 65
q 1 1 11 
q 1 2 12 
q 1 3 13 
q 1 4 12 
q 1 5 11 
q 4 2 4 2 5 3 4 3 5 
q 1 3 4 
#c 3 4 green
# searchh
q 1 3 3 
q 1 4 4 
#c 4 4 green
# found/all 22 65
q 1 4 3 
#c 4 3 green
# found/all 23 65
q 1 4 5 
#c 4 5 green
# found/all 24 65
q 1 5 4 
#c 5 4 green
# found/all 26 65
q 1 4 2 
q 1 5 3 
#c 5 3 green
# found/all 28 65
q 1 4 6 
q 1 5 5 
#c 5 5 green
# found/all 29 65
q 1 6 4 
#c 6 4 green
# found/all 30 65
q 1 5 2 
#c 5 2 green
# found/all 31 65
q 1 6 3 
q 1 5 6 
q 1 6 5 
q 1 7 4 
q 1 5 1 
q 1 6 2 
# SUM >= 2
q 16 0 8 0 9 0 10 0 11 1 8 1 9 1 10 1 11 2 8 2 9 2 10 2 11 3 8 3 9 3 10 3 11 
q 4 0 8 0 9 1 8 1 9 
q 4 0 10 0 11 1 10 1 11 
# SUM >= 2
q 16 0 12 0 13 0 14 0 15 1 12 1 13 1 14 1 15 2 12 2 13 2 14 2 15 3 12 3 13 3 14 3 15 
q 4 0 12 0 13 1 12 1 13 
q 4 0 14 0 15 1 14 1 15 
q 4 2 12 2 13 3 12 3 13 
q 1 2 13 
q 4 2 14 2 15 3 14 3 15 
q 4 0 16 1 16 2 16 3 16 
q 16 4 0 4 1 4 2 4 3 5 0 5 1 5 2 5 3 6 0 6 1 6 2 6 3 7 0 7 1 7 2 7 3 
q 4 4 0 4 1 5 0 5 1 
# SUM >= 2
q 4 6 0 6 1 7 0 7 1 
q 4 6 2 6 3 7 2 7 3 
q 16 4 4 4 5 4 6 4 7 5 4 5 5 5 6 5 7 6 4 6 5 6 6 6 7 7 4 7 5 7 6 7 7 
# SUM >= 2
q 4 6 4 6 5 7 4 7 5 
q 1 7 5 
q 4 6 6 6 7 7 6 7 7 
q 16 4 8 4 9 4 10 4 11 5 8 5 9 5 10 5 11 6 8 6 9 6 10 6 11 7 8 7 9 7 10 7 11 
q 4 4 8 4 9 5 8 5 9 
q 4 4 10 4 11 5 10 5 11 
q 4 6 8 6 9 7 8 7 9 
q 4 6 10 6 11 7 10 7 11 
q 1 6 10 
q 1 6 11 
#c 6 11 green
# searchh
q 1 6 12 
q 1 7 11 
#c 7 11 green
# found/all 33 65
q 1 7 10 
q 1 7 12 
#c 7 12 green
# found/all 34 65
q 1 8 11 
q 1 7 13 
#c 7 13 green
# found/all 35 65
q 1 8 12 
q 1 6 13 
q 1 7 14 
q 1 8 13 
#c 8 13 green
# found/all 36 65
q 1 8 14 
q 1 9 13 
q 16 4 12 4 13 4 14 4 15 5 12 5 13 5 14 5 15 6 12 6 13 6 14 6 15 7 12 7 13 7 14 7 15 
q 4 4 12 4 13 5 12 5 13 
q 4 4 14 4 15 5 14 5 15 
# SUM >= 2
q 4 4 16 5 16 6 16 7 16 
q 16 8 0 8 1 8 2 8 3 9 0 9 1 9 2 9 3 10 0 10 1 10 2 10 3 11 0 11 1 11 2 11 3 
q 4 8 0 8 1 9 0 9 1 
q 1 8 0 
q 1 8 1 
#c 8 1 green
# searchh
q 1 7 1 
q 1 8 2 
q 1 9 1 
#c 9 1 green
# found/all 38 65
q 1 9 0 
q 1 9 2 
q 1 10 1 
#c 10 1 green
# found/all 39 65
q 1 10 0 
#c 10 0 green
# found/all 40 65
q 1 10 2 
#c 10 2 green
# found/all 41 65
q 1 11 1 
q 1 11 0 
q 1 10 3 
q 1 11 2 
q 4 8 2 8 3 9 2 9 3 
# SUM >= 2
q 16 8 4 8 5 8 6 8 7 9 4 9 5 9 6 9 7 10 4 10 5 10 6 10 7 11 4 11 5 11 6 11 7 
q 16 8 8 8 9 8 10 8 11 9 8 9 9 9 10 9 11 10 8 10 9 10 10 10 11 11 8 11 9 11 10 11 11 
q 4 8 8 8 9 9 8 9 9 
q 4 8 10 8 11 9 10 9 11 
q 4 10 8 10 9 11 8 11 9 
q 1 10 8 
#c 10 8 green
# searchh
q 1 9 8 
q 1 10 7 
q 1 10 9 
#c 10 9 green
# found/all 43 65
q 1 11 8 
q 1 9 9 
q 1 10 10 
#c 10 10 green
# found/all 44 65
q 1 11 9 
#c 11 9 green
# found/all 45 65
q 1 9 10 
q 1 10 11 
#c 10 11 green
# found/all 47 65
q 1 11 10 
q 1 12 9 
#c 12 9 green
# found/all 48 65
q 1 9 11 
#c 9 11 green
# found/all 49 65
q 1 10 12 
q 1 11 11 
#c 11 11 green
# found/all 50 65
q 1 12 8 
q 1 12 10 
#c 12 10 green
# found/all 51 65
q 1 13 9 
#c 13 9 green
# found/all 52 65
q 1 9 12 
q 1 11 12 
q 1 12 11 
#c 12 11 green
# found/all 53 65
q 1 13 10 
q 1 13 8 
q 1 14 9 
#c 14 9 green
# found/all 54 65
q 1 12 12 
q 1 13 11 
#c 13 11 green
# found/all 55 65
q 1 14 8 
#c 14 8 green
# found/all 56 65
q 1 14 10 
q 1 15 9 
q 1 13 12 
#c 13 12 green
# found/all 57 65
q 1 14 11 
q 1 14 7 
q 1 15 8 
#c 15 8 green
# found/all 58 65
q 1 13 13 
q 1 14 12 
q 1 15 7 
#c 15 7 green
# found/all 59 65
q 1 16 8 
q 1 15 6 
q 1 16 7 
# SUM >= 2
q 16 8 12 8 13 8 14 8 15 9 12 9 13 9 14 9 15 10 12 10 13 10 14 10 15 11 12 11 13 11 14 11 15 
q 4 8 12 8 13 9 12 9 13 
q 4 8 14 8 15 9 14 9 15 
q 4 10 12 10 13 11 12 11 13 
q 4 10 14 10 15 11 14 11 15 
q 4 8 16 9 16 10 16 11 16 
q 16 12 0 12 1 12 2 12 3 13 0 13 1 13 2 13 3 14 0 14 1 14 2 14 3 15 0 15 1 15 2 15 3 
q 16 12 4 12 5 12 6 12 7 13 4 13 5 13 6 13 7 14 4 14 5 14 6 14 7 15 4 15 5 15 6 15 7 
q 4 12 4 12 5 13 4 13 5 
q 1 12 4 
q 1 12 5 
q 1 13 4 
#c 13 4 green
# searchh
q 1 13 3 
q 1 13 5 
#c 13 5 green
# found/all 61 65
q 1 14 4 
#c 14 4 green
# found/all 62 65
q 1 13 6 
#c 13 6 green
# found/all 63 65
q 1 14 5 
#c 14 5 green
# found/all 64 65
q 1 14 3 
#c 14 3 green
# found/all 65 65
a 56 1 6 1 7 2 6 1 8 2 7 2 5 2 8 3 8 3 9 3 10 3 11 2 11 3 12 4 11 3 4 4 4 4 3 4 5 5 4 5 3 5 5 6 4 5 2 6 11 7 11 7 12 7 13 8 13 8 1 9 1 10 1 10 0 10 2 10 8 10 9 10 10 11 9 10 11 12 9 9 11 11 11 12 10 13 9 12 11 14 9 13 11 14 8 13 12 15 8 15 7 13 4 13 5 14 4 13 6 14 5 14 3 
