# [[0, 2], [1, 2], [1, 3], [2, 0], [2, 1], [2, 2], [3, 1], [4, 1]]
# [[0, 0], [0, 1], [0, 2], [0, 3], [0, 4], [1, 2], [2, 2], [3, 2]]
# [[0, 2], [1, 0], [1, 2], [1, 3], [2, 0], [2, 1], [2, 2], [2, 3]]
# [[0, 3], [1, 2], [1, 3], [2, 0], [2, 1], [2, 2], [3, 0], [3, 1]]
# [[0, 1], [1, 0], [1, 1], [1, 2], [1, 3], [2, 0], [2, 1], [2, 3]]
# [[0, 2], [1, 1], [1, 2], [1, 3], [1, 4], [2, 0], [2, 1], [2, 4]]
# [[0, 3], [1, 0], [1, 1], [1, 2], [1, 3], [1, 4], [2, 1], [2, 2]]
# [[0, 0], [1, 0], [1, 1], [2, 0], [2, 1], [2, 2], [3, 0], [3, 1]]
# [[0, 2], [1, 0], [1, 1], [1, 2], [1, 3], [2, 1], [2, 2], [3, 2]]
# [[0, 1], [1, 1], [1, 2], [1, 3], [2, 0], [2, 1], [2, 2], [3, 2]]
q 16 0 0 0 1 0 2 0 3 1 0 1 1 1 2 1 3 2 0 2 1 2 2 2 3 3 0 3 1 3 2 3 3 
q 4 0 0 0 1 1 0 1 1 
q 4 0 2 0 3 1 2 1 3 
q 4 2 0 2 1 3 0 3 1 
q 4 2 2 2 3 3 2 3 3 
q 16 0 4 0 5 0 6 0 7 1 4 1 5 1 6 1 7 2 4 2 5 2 6 2 7 3 4 3 5 3 6 3 7 
q 16 0 8 0 9 0 10 0 11 1 8 1 9 1 10 1 11 2 8 2 9 2 10 2 11 3 8 3 9 3 10 3 11 
q 4 0 8 0 9 1 8 1 9 
q 4 0 10 0 11 1 10 1 11 
q 4 2 8 2 9 3 8 3 9 
q 4 2 10 2 11 3 10 3 11 
q 16 0 12 0 13 0 14 0 15 1 12 1 13 1 14 1 15 2 12 2 13 2 14 2 15 3 12 3 13 3 14 3 15 
q 4 0 12 0 13 1 12 1 13 
q 4 0 14 0 15 1 14 1 15 
q 1 0 14 
q 1 0 15 
q 1 1 14 
q 1 1 15 
q 4 2 12 2 13 3 12 3 13 
q 1 2 12 
q 1 2 13 
q 1 3 12 
#c 3 12 green
# searchh
q 1 3 11 
#c 3 11 green
# found/all 2 80
q 1 3 13 
#c 3 13 green
# found/all 3 80
q 1 4 12 
#c 4 12 green
# found/all 4 80
q 1 2 11 
q 1 3 10 
q 1 4 11 
q 1 3 14 
#c 3 14 green
# found/all 5 80
q 1 4 13 
#c 4 13 green
# found/all 6 80
q 1 5 12 
q 1 2 14 
#c 2 14 green
# found/all 7 80
q 1 3 15 
#c 3 15 green
# found/all 8 80
q 1 4 14 
q 1 5 13 
q 1 2 15 
q 1 3 16 
q 1 4 15 
# SUM >= 2
q 16 0 16 0 17 0 18 0 19 1 16 1 17 1 18 1 19 2 16 2 17 2 18 2 19 3 16 3 17 3 18 3 19 
q 4 0 16 0 17 1 16 1 17 
q 4 0 18 0 19 1 18 1 19 
q 4 2 16 2 17 3 16 3 17 
q 4 2 18 2 19 3 18 3 19 
q 16 4 0 4 1 4 2 4 3 5 0 5 1 5 2 5 3 6 0 6 1 6 2 6 3 7 0 7 1 7 2 7 3 
q 4 4 0 4 1 5 0 5 1 
q 1 4 0 
#c 4 0 green
# searchh
q 1 3 0 
q 1 4 1 
#c 4 1 green
# found/all 10 80
q 1 5 0 
#c 5 0 green
# found/all 11 80
q 1 3 1 
#c 3 1 green
# found/all 12 80
q 1 4 2 
#c 4 2 green
# found/all 13 80
q 1 5 1 
#c 5 1 green
# found/all 14 80
q 1 6 0 
q 1 2 1 
q 1 3 2 
q 1 4 3 
#c 4 3 green
# found/all 15 80
q 1 5 2 
#c 5 2 green
# found/all 16 80
q 1 6 1 
q 1 3 3 
q 1 4 4 
q 1 5 3 
#c 5 3 green
# found/all 17 80
q 1 6 2 
#c 6 2 green
# found/all 18 80
q 1 5 4 
q 1 6 3 
#c 6 3 green
# found/all 19 80
q 1 7 2 
#c 7 2 green
# found/all 20 80
q 1 6 4 
#c 6 4 green
# found/all 21 80
q 1 7 3 
#c 7 3 green
# found/all 22 80
q 1 7 1 
#c 7 1 green
# found/all 23 80
q 1 8 2 
#c 8 2 green
# found/all 24 80
q 1 6 5 
q 1 7 4 
q 1 8 3 
#c 8 3 green
# found/all 26 80
q 1 7 0 
q 1 8 1 
#c 8 1 green
# found/all 27 80
q 1 9 2 
#c 9 2 green
# found/all 28 80
q 1 8 4 
#c 8 4 green
# found/all 29 80
q 1 9 3 
q 1 8 0 
#c 8 0 green
# found/all 30 80
q 1 9 1 
q 1 10 2 
#c 10 2 green
# found/all 31 80
q 1 8 5 
q 1 9 4 
q 1 9 0 
q 1 10 1 
q 1 10 3 
#c 10 3 green
# found/all 32 80
q 1 11 2 
#c 11 2 green
# found/all 33 80
q 1 10 4 
q 1 11 3 
#c 11 3 green
# found/all 34 80
q 1 11 1 
q 1 12 2 
q 1 11 4 
#c 11 4 green
# found/all 35 80
q 1 12 3 
q 1 11 5 
#c 11 5 green
# found/all 36 80
q 1 12 4 
q 1 10 5 
#c 10 5 green
# found/all 37 80
q 1 11 6 
#c 11 6 green
# found/all 38 80
q 1 12 5 
q 1 9 5 
#c 9 5 green
# found/all 39 80
q 1 10 6 
#c 10 6 green
# found/all 40 80
q 1 11 7 
q 1 12 6 
q 1 9 6 
q 1 10 7 
# SUM >= 2
q 4 6 0 6 1 7 0 7 1 
# SUM >= 2
q 16 4 4 4 5 4 6 4 7 5 4 5 5 5 6 5 7 6 4 6 5 6 6 6 7 7 4 7 5 7 6 7 7 
q 4 4 4 4 5 5 4 5 5 
q 4 4 6 4 7 5 6 5 7 
q 4 6 4 6 5 7 4 7 5 
q 4 6 6 6 7 7 6 7 7 
q 16 4 8 4 9 4 10 4 11 5 8 5 9 5 10 5 11 6 8 6 9 6 10 6 11 7 8 7 9 7 10 7 11 
q 4 4 8 4 9 5 8 5 9 
q 4 4 10 4 11 5 10 5 11 
q 4 6 8 6 9 7 8 7 9 
q 4 6 10 6 11 7 10 7 11 
q 16 4 12 4 13 4 14 4 15 5 12 5 13 5 14 5 15 6 12 6 13 6 14 6 15 7 12 7 13 7 14 7 15 
# SUM >= 2
q 4 6 12 6 13 7 12 7 13 
q 4 6 14 6 15 7 14 7 15 
q 16 4 16 4 17 4 18 4 19 5 16 5 17 5 18 5 19 6 16 6 17 6 18 6 19 7 16 7 17 7 18 7 19 
q 16 8 0 8 1 8 2 8 3 9 0 9 1 9 2 9 3 10 0 10 1 10 2 10 3 11 0 11 1 11 2 11 3 
# SUM >= 2
q 4 10 0 10 1 11 0 11 1 
# SUM >= 2
q 16 8 4 8 5 8 6 8 7 9 4 9 5 9 6 9 7 10 4 10 5 10 6 10 7 11 4 11 5 11 6 11 7 
# SUM >= 2
# SUM >= 2
q 16 8 8 8 9 8 10 8 11 9 8 9 9 9 10 9 11 10 8 10 9 10 10 10 11 11 8 11 9 11 10 11 11 
q 4 8 8 8 9 9 8 9 9 
q 4 8 10 8 11 9 10 9 11 
q 4 10 8 10 9 11 8 11 9 
q 4 10 10 10 11 11 10 11 11 
q 1 10 10 
q 1 10 11 
#c 10 11 green
# searchh
q 1 9 11 
q 1 10 12 
#c 10 12 green
# found/all 43 80
q 1 11 11 
#c 11 11 green
# found/all 44 80
q 1 9 12 
q 1 10 13 
#c 10 13 green
# found/all 46 80
q 1 11 12 
#c 11 12 green
# found/all 48 80
q 1 11 10 
#c 11 10 green
# found/all 49 80
q 1 12 11 
#c 12 11 green
# found/all 50 80
q 1 9 13 
#c 9 13 green
# found/all 52 80
q 1 10 14 
#c 10 14 green
# found/all 53 80
q 1 11 13 
#c 11 13 green
# found/all 54 80
q 1 12 12 
q 1 11 9 
q 1 12 10 
#c 12 10 green
# found/all 55 80
q 1 13 11 
q 1 8 13 
q 1 9 14 
q 1 10 15 
q 1 11 14 
q 1 12 13 
#c 12 13 green
# found/all 56 80
q 1 12 9 
q 1 13 10 
q 1 12 14 
q 1 13 13 
q 16 8 12 8 13 8 14 8 15 9 12 9 13 9 14 9 15 10 12 10 13 10 14 10 15 11 12 11 13 11 14 11 15 
q 4 8 12 8 13 9 12 9 13 
q 4 8 14 8 15 9 14 9 15 
# SUM >= 2
q 16 8 16 8 17 8 18 8 19 9 16 9 17 9 18 9 19 10 16 10 17 10 18 10 19 11 16 11 17 11 18 11 19 
q 4 8 16 8 17 9 16 9 17 
q 1 8 16 
q 1 8 17 
#c 8 17 green
# searchh
q 1 7 17 
#c 7 17 green
# found/all 58 80
q 1 8 18 
#c 8 18 green
# found/all 59 80
q 1 9 17 
#c 9 17 green
# found/all 60 80
q 1 6 17 
q 1 7 16 
q 1 7 18 
q 1 8 19 
q 1 9 18 
q 1 9 16 
#c 9 16 green
# found/all 61 80
q 1 10 17 
q 1 9 15 
#c 9 15 green
# found/all 62 80
q 1 10 16 
#c 10 16 green
# found/all 63 80
q 1 8 15 
q 1 11 16 
#c 11 16 green
# found/all 64 80
q 1 11 15 
q 1 11 17 
q 1 12 16 
q 4 8 18 8 19 9 18 9 19 
# SUM >= 2
q 16 12 0 12 1 12 2 12 3 13 0 13 1 13 2 13 3 14 0 14 1 14 2 14 3 15 0 15 1 15 2 15 3 
q 4 12 0 12 1 13 0 13 1 
q 4 12 2 12 3 13 2 13 3 
q 4 14 0 14 1 15 0 15 1 
q 4 14 2 14 3 15 2 15 3 
q 1 14 2 
q 1 14 3 
q 1 15 2 
q 1 15 3 
q 16 12 4 12 5 12 6 12 7 13 4 13 5 13 6 13 7 14 4 14 5 14 6 14 7 15 4 15 5 15 6 15 7 
q 4 12 4 12 5 13 4 13 5 
q 1 13 4 
q 1 13 5 
q 4 12 6 12 7 13 6 13 7 
q 4 14 4 14 5 15 4 15 5 
q 4 14 6 14 7 15 6 15 7 
q 16 12 8 12 9 12 10 12 11 13 8 13 9 13 10 13 11 14 8 14 9 14 10 14 11 15 8 15 9 15 10 15 11 
q 4 12 8 12 9 13 8 13 9 
q 1 12 8 
q 1 13 8 
q 1 13 9 
# SUM >= 2
q 4 14 8 14 9 15 8 15 9 
q 4 14 10 14 11 15 10 15 11 
q 16 12 12 12 13 12 14 12 15 13 12 13 13 13 14 13 15 14 12 14 13 14 14 14 15 15 12 15 13 15 14 15 15 
q 4 12 12 12 13 13 12 13 13 
q 1 13 12 
q 4 12 14 12 15 13 14 13 15 
q 1 12 15 
q 1 13 14 
q 1 13 15 
q 4 14 12 14 13 15 12 15 13 
q 4 14 14 14 15 15 14 15 15 
q 16 12 16 12 17 12 18 12 19 13 16 13 17 13 18 13 19 14 16 14 17 14 18 14 19 15 16 15 17 15 18 15 19 
q 4 12 16 12 17 13 16 13 17 
q 1 12 17 
q 1 13 16 
q 1 13 17 
q 4 12 18 12 19 13 18 13 19 
q 1 12 18 
q 1 12 19 
q 1 13 18 
q 1 13 19 
q 4 14 16 14 17 15 16 15 17 
q 4 14 18 14 19 15 18 15 19 
q 16 16 0 16 1 16 2 16 3 17 0 17 1 17 2 17 3 18 0 18 1 18 2 18 3 19 0 19 1 19 2 19 3 
q 4 16 0 16 1 17 0 17 1 
q 1 16 0 
q 1 16 1 
q 1 17 0 
q 1 17 1 
q 4 16 2 16 3 17 2 17 3 
q 1 16 2 
q 1 16 3 
#c 16 3 green
# searchh
q 1 16 4 
#c 16 4 green
# found/all 66 80
q 1 17 3 
#c 17 3 green
# found/all 67 80
q 1 15 4 
#c 15 4 green
# found/all 68 80
q 1 16 5 
#c 16 5 green
# found/all 69 80
q 1 17 4 
q 1 17 2 
#c 17 2 green
# found/all 70 80
q 1 18 3 
q 1 14 4 
q 1 15 5 
q 1 16 6 
#c 16 6 green
# found/all 71 80
q 1 17 5 
q 1 18 2 
q 1 15 6 
q 1 16 7 
q 1 17 6 
#c 17 6 green
# found/all 72 80
q 1 17 7 
q 1 18 6 
q 4 18 0 18 1 19 0 19 1 
q 4 18 2 18 3 19 2 19 3 
q 16 16 4 16 5 16 6 16 7 17 4 17 5 17 6 17 7 18 4 18 5 18 6 18 7 19 4 19 5 19 6 19 7 
# SUM >= 2
q 4 18 4 18 5 19 4 19 5 
q 4 18 6 18 7 19 6 19 7 
q 1 18 7 
q 1 19 6 
q 1 19 7 
q 16 16 8 16 9 16 10 16 11 17 8 17 9 17 10 17 11 18 8 18 9 18 10 18 11 19 8 19 9 19 10 19 11 
q 16 16 12 16 13 16 14 16 15 17 12 17 13 17 14 17 15 18 12 18 13 18 14 18 15 19 12 19 13 19 14 19 15 
q 16 16 16 16 17 16 18 16 19 17 16 17 17 17 18 17 19 18 16 18 17 18 18 18 19 19 16 19 17 19 18 19 19 
q 4 16 16 16 17 17 16 17 17 
q 1 16 16 
#c 16 16 green
# searchh
q 1 15 16 
#c 15 16 green
# found/all 74 80
q 1 16 15 
q 1 16 17 
#c 16 17 green
# found/all 75 80
q 1 17 16 
#c 17 16 green
# found/all 76 80
q 1 14 16 
q 1 15 15 
q 1 15 17 
q 1 16 18 
q 1 17 17 
#c 17 17 green
# found/all 77 80
q 1 17 15 
q 1 18 16 
#c 18 16 green
# found/all 78 80
q 1 17 18 
#c 17 18 green
# found/all 79 80
q 1 18 17 
#c 18 17 green
# found/all 80 80
a 75 3 12 3 11 3 13 4 12 3 14 4 13 2 14 3 15 4 0 4 1 5 0 3 1 4 2 5 1 4 3 5 2 5 3 6 2 6 3 7 2 6 4 7 3 7 1 8 2 8 3 8 1 9 2 8 4 8 0 10 2 10 3 11 2 11 3 11 4 11 5 10 5 11 6 9 5 10 6 10 11 10 12 11 11 10 13 11 12 11 10 12 11 9 13 10 14 11 13 12 10 12 13 8 17 7 17 8 18 9 17 9 16 9 15 10 16 11 16 16 3 16 4 17 3 15 4 16 5 17 2 16 6 17 6 16 16 15 16 16 17 17 16 17 17 18 16 17 18 18 17 
