# [[0, 0], [0, 1], [1, 0], [1, 1], [2, 0], [2, 1], [3, 0], [3, 1]]
# [[0, 1], [0, 2], [1, 1], [1, 2], [1, 3], [2, 1], [2, 3], [3, 0], [3, 1]]
# [[0, 1], [1, 0], [1, 1], [1, 2], [1, 3], [2, 0], [3, 0]]
# [[0, 0], [0, 4], [1, 0], [1, 1], [1, 2], [1, 3], [1, 4], [2, 2], [2, 3]]
# [[0, 3], [1, 0], [1, 1], [1, 2], [1, 3], [2, 2], [3, 1], [3, 2], [3, 3]]
# [[0, 0], [0, 1], [0, 2], [0, 3], [1, 1], [1, 2], [1, 3], [2, 3]]
# [[0, 2], [1, 1], [1, 2], [2, 0], [2, 1], [2, 2], [2, 3], [3, 1]]
q 16 0 0 0 1 0 2 0 3 1 0 1 1 1 2 1 3 2 0 2 1 2 2 2 3 3 0 3 1 3 2 3 3 
q 4 0 0 0 1 1 0 1 1 
q 4 0 2 0 3 1 2 1 3 
q 1 0 2 
q 1 0 3 
#c 0 3 green
# searchh
q 1 0 4 
#c 0 4 green
# found/all 2 58
q 1 1 3 
q 1 0 5 
#c 0 5 green
# found/all 3 58
q 1 1 4 
#c 1 4 green
# found/all 4 58
q 1 0 6 
#c 0 6 green
# found/all 5 58
q 1 1 5 
#c 1 5 green
# found/all 6 58
q 1 2 4 
q 1 0 7 
q 1 1 6 
#c 1 6 green
# found/all 8 58
q 1 2 5 
#c 2 5 green
# found/all 9 58
q 1 1 7 
q 1 2 6 
#c 2 6 green
# found/all 11 58
q 1 3 5 
#c 3 5 green
# found/all 12 58
q 1 2 7 
#c 2 7 green
# found/all 13 58
q 1 3 6 
q 1 3 4 
q 1 4 5 
#c 4 5 green
# found/all 14 58
q 1 2 8 
#c 2 8 green
# found/all 15 58
q 1 3 7 
q 1 4 4 
q 1 4 6 
q 1 5 5 
q 1 1 8 
q 1 2 9 
q 1 3 8 
q 1 1 2 
q 4 2 0 2 1 3 0 3 1 
q 4 2 2 2 3 3 2 3 3 
q 16 0 4 0 5 0 6 0 7 1 4 1 5 1 6 1 7 2 4 2 5 2 6 2 7 3 4 3 5 3 6 3 7 
# SUM >= 2
# SUM >= 2
q 16 0 8 0 9 0 10 0 11 1 8 1 9 1 10 1 11 2 8 2 9 2 10 2 11 3 8 3 9 3 10 3 11 
q 4 0 8 0 9 1 8 1 9 
q 4 0 10 0 11 1 10 1 11 
q 4 2 8 2 9 3 8 3 9 
q 1 3 9 
q 4 2 10 2 11 3 10 3 11 
q 1 2 10 
q 1 2 11 
q 1 3 10 
q 1 3 11 
q 16 0 12 0 13 0 14 0 15 1 12 1 13 1 14 1 15 2 12 2 13 2 14 2 15 3 12 3 13 3 14 3 15 
q 4 0 12 0 13 1 12 1 13 
q 1 0 12 
q 1 0 13 
q 1 1 12 
q 1 1 13 
q 4 0 14 0 15 1 14 1 15 
q 4 2 12 2 13 3 12 3 13 
q 1 2 12 
q 1 2 13 
q 1 3 12 
q 1 3 13 
q 4 2 14 2 15 3 14 3 15 
q 16 4 0 4 1 4 2 4 3 5 0 5 1 5 2 5 3 6 0 6 1 6 2 6 3 7 0 7 1 7 2 7 3 
q 16 4 4 4 5 4 6 4 7 5 4 5 5 5 6 5 7 6 4 6 5 6 6 6 7 7 4 7 5 7 6 7 7 
q 4 4 4 4 5 5 4 5 5 
q 1 5 4 
q 4 4 6 4 7 5 6 5 7 
q 4 6 4 6 5 7 4 7 5 
q 1 6 4 
q 1 6 5 
q 1 7 4 
q 1 7 5 
q 4 6 6 6 7 7 6 7 7 
q 1 6 6 
q 1 6 7 
#c 6 7 green
# searchh
q 1 5 7 
q 1 6 8 
#c 6 8 green
# found/all 17 58
q 1 7 7 
q 1 5 8 
#c 5 8 green
# found/all 18 58
q 1 6 9 
#c 6 9 green
# found/all 19 58
q 1 7 8 
#c 7 8 green
# found/all 20 58
q 1 4 8 
q 1 5 9 
#c 5 9 green
# found/all 21 58
q 1 6 10 
#c 6 10 green
# found/all 22 58
q 1 7 9 
q 1 8 8 
q 1 4 9 
#c 4 9 green
# found/all 23 58
q 1 5 10 
q 1 6 11 
q 1 7 10 
q 1 4 10 
q 1 7 6 
q 16 4 8 4 9 4 10 4 11 5 8 5 9 5 10 5 11 6 8 6 9 6 10 6 11 7 8 7 9 7 10 7 11 
# SUM >= 2
# SUM >= 2
q 16 4 12 4 13 4 14 4 15 5 12 5 13 5 14 5 15 6 12 6 13 6 14 6 15 7 12 7 13 7 14 7 15 
q 4 4 12 4 13 5 12 5 13 
q 4 4 14 4 15 5 14 5 15 
q 1 4 14 
q 1 4 15 
q 1 5 14 
q 1 5 15 
q 4 6 12 6 13 7 12 7 13 
q 1 6 12 
#c 6 12 green
# searchh
q 1 5 12 
q 1 6 13 
#c 6 13 green
# found/all 25 58
q 1 7 12 
#c 7 12 green
# found/all 26 58
q 1 5 13 
q 1 6 14 
q 1 7 13 
#c 7 13 green
# found/all 27 58
q 1 7 11 
q 1 8 12 
#c 8 12 green
# found/all 28 58
q 1 7 14 
q 1 8 13 
#c 8 13 green
# found/all 29 58
q 1 8 11 
q 1 9 12 
#c 9 12 green
# found/all 30 58
q 1 8 14 
q 1 9 13 
#c 9 13 green
# found/all 31 58
q 1 9 11 
q 1 10 12 
q 1 9 14 
q 1 10 13 
q 4 6 14 6 15 7 14 7 15 
q 16 8 0 8 1 8 2 8 3 9 0 9 1 9 2 9 3 10 0 10 1 10 2 10 3 11 0 11 1 11 2 11 3 
q 4 8 0 8 1 9 0 9 1 
q 1 8 0 
q 1 8 1 
q 1 9 0 
q 1 9 1 
#c 9 1 green
# searchh
q 1 9 2 
q 1 10 1 
#c 10 1 green
# found/all 33 58
q 1 10 0 
q 1 10 2 
#c 10 2 green
# found/all 34 58
q 1 11 1 
q 1 10 3 
#c 10 3 green
# found/all 35 58
q 1 11 2 
q 1 9 3 
q 1 10 4 
#c 10 4 green
# found/all 36 58
q 1 11 3 
#c 11 3 green
# found/all 37 58
q 1 9 4 
q 1 10 5 
#c 10 5 green
# found/all 38 58
q 1 11 4 
#c 11 4 green
# found/all 39 58
q 1 12 3 
q 1 9 5 
#c 9 5 green
# found/all 40 58
q 1 10 6 
q 1 11 5 
q 1 12 4 
q 1 8 5 
q 1 9 6 
q 4 8 2 8 3 9 2 9 3 
q 4 10 0 10 1 11 0 11 1 
q 1 11 0 
# SUM >= 2
q 16 8 4 8 5 8 6 8 7 9 4 9 5 9 6 9 7 10 4 10 5 10 6 10 7 11 4 11 5 11 6 11 7 
q 4 8 4 8 5 9 4 9 5 
q 1 8 4 
q 4 8 6 8 7 9 6 9 7 
q 1 8 6 
q 1 8 7 
q 1 9 7 
# SUM >= 2
q 16 8 8 8 9 8 10 8 11 9 8 9 9 9 10 9 11 10 8 10 9 10 10 10 11 11 8 11 9 11 10 11 11 
q 4 8 8 8 9 9 8 9 9 
q 1 8 9 
q 1 9 8 
q 1 9 9 
#c 9 9 green
# searchh
q 1 9 10 
#c 9 10 green
# found/all 42 58
q 1 10 9 
#c 10 9 green
# found/all 43 58
q 1 8 10 
q 1 10 10 
#c 10 10 green
# found/all 44 58
q 1 10 8 
q 1 11 9 
#c 11 9 green
# found/all 46 58
q 1 10 11 
#c 10 11 green
# found/all 48 58
q 1 11 10 
#c 11 10 green
# found/all 49 58
q 1 11 8 
#c 11 8 green
# found/all 50 58
q 1 12 9 
#c 12 9 green
# found/all 51 58
q 1 11 11 
#c 11 11 green
# found/all 53 58
q 1 12 10 
#c 12 10 green
# found/all 54 58
q 1 11 7 
q 1 12 8 
#c 12 8 green
# found/all 55 58
q 1 13 9 
#c 13 9 green
# found/all 56 58
q 1 11 12 
q 1 12 11 
q 1 13 10 
#c 13 10 green
# found/all 57 58
q 1 12 7 
q 1 13 8 
q 1 14 9 
q 1 13 11 
#c 13 11 green
# found/all 58 58
a 53 0 3 0 4 0 5 1 4 0 6 1 5 1 6 2 5 2 6 3 5 2 7 4 5 2 8 6 7 6 8 5 8 6 9 7 8 5 9 6 10 4 9 6 12 6 13 7 12 7 13 8 12 8 13 9 12 9 13 9 1 10 1 10 2 10 3 10 4 11 3 10 5 11 4 9 5 9 9 9 10 10 9 10 10 11 9 10 11 11 10 11 8 12 9 11 11 12 10 12 8 13 9 13 10 13 11 
