# [[0, 0], [0, 1], [1, 1], [1, 2], [1, 3], [1, 4]]
# [[0, 0], [0, 1], [1, 1], [2, 1], [3, 1], [3, 2]]
# [[0, 0], [0, 1], [0, 2], [0, 3], [0, 4], [1, 0]]
# [[0, 0], [0, 1], [1, 0], [1, 1], [1, 2], [2, 0]]
# [[0, 1], [1, 0], [1, 1], [1, 2], [1, 3], [2, 1]]
# [[0, 0], [1, 0], [2, 0], [2, 1], [3, 0], [3, 1]]
# [[0, 0], [0, 2], [1, 0], [1, 1], [1, 2], [2, 0]]
# [[0, 1], [1, 0], [1, 1], [1, 2], [2, 2], [3, 2]]
# [[0, 1], [1, 1], [2, 1], [3, 0], [3, 1], [3, 2]]
# [[0, 1], [1, 1], [2, 1], [2, 2], [3, 0], [3, 1]]
# [[0, 1], [1, 0], [1, 1], [1, 2], [2, 0], [2, 2]]
# [[0, 0], [0, 1], [1, 0], [1, 1], [1, 2], [2, 0]]
# [[0, 2], [1, 2], [2, 0], [2, 1], [2, 2], [3, 2]]
# [[0, 0], [0, 1], [1, 0], [1, 1], [1, 2], [2, 1]]
# [[0, 1], [1, 1], [2, 0], [2, 1], [2, 2], [2, 3]]
q 16 0 0 0 1 0 2 0 3 1 0 1 1 1 2 1 3 2 0 2 1 2 2 2 3 3 0 3 1 3 2 3 3 
q 4 0 0 0 1 1 0 1 1 
q 4 0 2 0 3 1 2 1 3 
q 4 2 0 2 1 3 0 3 1 
q 1 2 0 
q 1 2 1 
#c 2 1 green
# searchh
q 1 1 1 
q 1 2 2 
#c 2 2 green
# found/all 3 90
q 1 3 1 
#c 3 1 green
# found/all 5 90
q 1 1 2 
q 1 2 3 
#c 2 3 green
# found/all 6 90
q 1 3 2 
#c 3 2 green
# found/all 7 90
q 1 3 0 
#c 3 0 green
# found/all 8 90
q 1 4 1 
q 1 1 3 
q 1 2 4 
#c 2 4 green
# found/all 9 90
q 1 3 3 
q 1 4 2 
#c 4 2 green
# found/all 10 90
q 1 4 0 
q 1 1 4 
q 1 2 5 
#c 2 5 green
# found/all 11 90
q 1 3 4 
q 1 4 3 
q 1 5 2 
#c 5 2 green
# found/all 13 90
q 1 1 5 
q 1 2 6 
q 1 3 5 
q 1 5 1 
q 1 5 3 
#c 5 3 green
# found/all 14 90
q 1 6 2 
#c 6 2 green
# found/all 15 90
q 1 5 4 
q 1 6 3 
#c 6 3 green
# found/all 16 90
q 1 6 1 
q 1 7 2 
#c 7 2 green
# found/all 17 90
q 1 6 4 
#c 6 4 green
# found/all 18 90
q 1 7 3 
#c 7 3 green
# found/all 19 90
q 1 7 1 
q 1 8 2 
#c 8 2 green
# found/all 20 90
q 1 6 5 
q 1 7 4 
q 1 8 3 
#c 8 3 green
# found/all 21 90
q 1 8 1 
#c 8 1 green
# found/all 22 90
q 1 9 2 
#c 9 2 green
# found/all 23 90
q 1 8 4 
#c 8 4 green
# found/all 24 90
q 1 9 3 
q 1 8 0 
q 1 9 1 
q 1 10 2 
q 1 8 5 
q 1 9 4 
# SUM >= 2
q 16 0 4 0 5 0 6 0 7 1 4 1 5 1 6 1 7 2 4 2 5 2 6 2 7 3 4 3 5 3 6 3 7 
q 4 0 4 0 5 1 4 1 5 
q 4 0 6 0 7 1 6 1 7 
# SUM >= 2
q 16 0 8 0 9 0 10 0 11 1 8 1 9 1 10 1 11 2 8 2 9 2 10 2 11 3 8 3 9 3 10 3 11 
q 4 0 8 0 9 1 8 1 9 
q 4 0 10 0 11 1 10 1 11 
q 4 2 8 2 9 3 8 3 9 
q 4 2 10 2 11 3 10 3 11 
q 16 0 12 0 13 0 14 0 15 1 12 1 13 1 14 1 15 2 12 2 13 2 14 2 15 3 12 3 13 3 14 3 15 
q 8 0 16 0 17 1 16 1 17 2 16 2 17 3 16 3 17 
q 16 4 0 4 1 4 2 4 3 5 0 5 1 5 2 5 3 6 0 6 1 6 2 6 3 7 0 7 1 7 2 7 3 
q 4 4 0 4 1 5 0 5 1 
# SUM >= 2
q 4 6 0 6 1 7 0 7 1 
# SUM >= 2
q 16 4 4 4 5 4 6 4 7 5 4 5 5 5 6 5 7 6 4 6 5 6 6 6 7 7 4 7 5 7 6 7 7 
q 4 4 4 4 5 5 4 5 5 
q 4 4 6 4 7 5 6 5 7 
q 4 6 4 6 5 7 4 7 5 
q 4 6 6 6 7 7 6 7 7 
q 16 4 8 4 9 4 10 4 11 5 8 5 9 5 10 5 11 6 8 6 9 6 10 6 11 7 8 7 9 7 10 7 11 
q 4 4 8 4 9 5 8 5 9 
q 4 4 10 4 11 5 10 5 11 
q 1 4 10 
#c 4 10 green
# searchh
q 1 3 10 
q 1 4 9 
q 1 4 11 
q 1 5 10 
#c 5 10 green
# found/all 26 90
q 1 5 9 
q 1 5 11 
q 1 6 10 
#c 6 10 green
# found/all 27 90
q 1 6 9 
#c 6 9 green
# found/all 28 90
q 1 6 11 
q 1 7 10 
#c 7 10 green
# found/all 30 90
q 1 6 8 
#c 6 8 green
# found/all 31 90
q 1 7 9 
q 1 7 11 
q 1 8 10 
#c 8 10 green
# found/all 32 90
q 1 5 8 
q 1 6 7 
q 1 7 8 
q 1 8 9 
q 1 8 11 
q 1 9 10 
#c 9 10 green
# found/all 33 90
q 1 9 9 
#c 9 9 green
# found/all 34 90
q 1 9 11 
#c 9 11 green
# found/all 35 90
q 1 10 10 
q 1 9 8 
q 1 10 9 
q 1 9 12 
#c 9 12 green
# found/all 36 90
q 1 10 11 
q 1 8 12 
q 1 9 13 
#c 9 13 green
# found/all 37 90
q 1 10 12 
q 1 8 13 
q 1 9 14 
#c 9 14 green
# found/all 38 90
q 1 10 13 
#c 10 13 green
# found/all 39 90
q 1 8 14 
#c 8 14 green
# found/all 40 90
q 1 9 15 
#c 9 15 green
# found/all 41 90
q 1 10 14 
q 1 11 13 
q 1 7 14 
q 1 8 15 
q 1 9 16 
q 1 10 15 
#c 10 15 green
# found/all 42 90
q 1 10 16 
q 1 11 15 
# SUM >= 2
q 16 4 12 4 13 4 14 4 15 5 12 5 13 5 14 5 15 6 12 6 13 6 14 6 15 7 12 7 13 7 14 7 15 
q 4 4 12 4 13 5 12 5 13 
q 1 4 12 
#c 4 12 green
# searchh
q 1 3 12 
q 1 4 13 
q 1 5 12 
#c 5 12 green
# found/all 44 90
q 1 5 13 
#c 5 13 green
# found/all 45 90
q 1 6 12 
#c 6 12 green
# found/all 46 90
q 1 5 14 
#c 5 14 green
# found/all 47 90
q 1 6 13 
q 1 7 12 
q 1 4 14 
#c 4 14 green
# found/all 48 90
q 1 5 15 
q 1 6 14 
q 1 3 14 
q 1 4 15 
# SUM >= 2
q 4 6 12 6 13 7 12 7 13 
q 4 6 14 6 15 7 14 7 15 
q 1 6 15 
q 1 7 15 
q 8 4 16 4 17 5 16 5 17 6 16 6 17 7 16 7 17 
q 16 8 0 8 1 8 2 8 3 9 0 9 1 9 2 9 3 10 0 10 1 10 2 10 3 11 0 11 1 11 2 11 3 
q 4 8 0 8 1 9 0 9 1 
# SUM >= 2
q 4 10 0 10 1 11 0 11 1 
q 4 10 2 10 3 11 2 11 3 
q 16 8 4 8 5 8 6 8 7 9 4 9 5 9 6 9 7 10 4 10 5 10 6 10 7 11 4 11 5 11 6 11 7 
q 4 8 4 8 5 9 4 9 5 
q 1 9 5 
q 4 8 6 8 7 9 6 9 7 
q 4 10 4 10 5 11 4 11 5 
q 4 10 6 10 7 11 6 11 7 
q 16 8 8 8 9 8 10 8 11 9 8 9 9 9 10 9 11 10 8 10 9 10 10 10 11 11 8 11 9 11 10 11 11 
q 4 8 8 8 9 9 8 9 9 
# SUM >= 2
q 4 10 8 10 9 11 8 11 9 
q 1 10 8 
#c 10 8 green
# searchh
q 1 10 7 
#c 10 7 green
# found/all 50 90
q 1 11 8 
#c 11 8 green
# found/all 52 90
q 1 9 7 
q 1 10 6 
q 1 11 7 
#c 11 7 green
# found/all 53 90
q 1 11 9 
#c 11 9 green
# found/all 55 90
q 1 12 8 
q 1 11 6 
q 1 12 7 
#c 12 7 green
# found/all 56 90
q 1 11 10 
q 1 12 9 
#c 12 9 green
# found/all 57 90
q 1 12 6 
q 1 13 7 
q 1 12 10 
#c 12 10 green
# found/all 58 90
q 1 13 9 
q 1 12 11 
#c 12 11 green
# found/all 59 90
q 1 13 10 
q 1 11 11 
q 1 12 12 
#c 12 12 green
# found/all 60 90
q 1 13 11 
q 1 11 12 
q 1 12 13 
q 1 13 12 
#c 13 12 green
# found/all 61 90
q 1 13 13 
q 1 14 12 
#c 14 12 green
# found/all 62 90
q 1 14 11 
q 1 14 13 
q 1 15 12 
#c 15 12 green
# found/all 63 90
q 1 15 11 
#c 15 11 green
# found/all 64 90
q 1 15 13 
#c 15 13 green
# found/all 65 90
q 1 16 12 
#c 16 12 green
# found/all 66 90
q 1 15 10 
#c 15 10 green
# found/all 67 90
q 1 16 11 
q 1 15 14 
q 1 16 13 
#c 16 13 green
# found/all 68 90
q 1 17 12 
q 1 14 10 
#c 14 10 green
# found/all 69 90
q 1 15 9 
#c 15 9 green
# found/all 70 90
q 1 16 10 
q 1 16 14 
q 1 17 13 
q 1 14 9 
#c 14 9 green
# found/all 71 90
q 1 15 8 
q 1 16 9 
#c 16 9 green
# found/all 72 90
q 1 14 8 
q 1 16 8 
q 1 17 9 
q 4 10 10 10 11 11 10 11 11 
q 16 8 12 8 13 8 14 8 15 9 12 9 13 9 14 9 15 10 12 10 13 10 14 10 15 11 12 11 13 11 14 11 15 
# SUM >= 2
q 4 10 12 10 13 11 12 11 13 
q 4 10 14 10 15 11 14 11 15 
q 8 8 16 8 17 9 16 9 17 10 16 10 17 11 16 11 17 
q 4 8 16 8 17 9 16 9 17 
q 4 10 16 10 17 11 16 11 17 
q 16 12 0 12 1 12 2 12 3 13 0 13 1 13 2 13 3 14 0 14 1 14 2 14 3 15 0 15 1 15 2 15 3 
q 4 12 0 12 1 13 0 13 1 
q 4 12 2 12 3 13 2 13 3 
q 1 12 2 
#c 12 2 green
# searchh
q 1 11 2 
q 1 12 1 
q 1 12 3 
#c 12 3 green
# found/all 74 90
q 1 13 2 
q 1 11 3 
q 1 12 4 
#c 12 4 green
# found/all 75 90
q 1 13 3 
#c 13 3 green
# found/all 76 90
q 1 11 4 
q 1 12 5 
q 1 13 4 
#c 13 4 green
# found/all 77 90
q 1 14 3 
#c 14 3 green
# found/all 79 90
q 1 13 5 
q 1 14 4 
#c 14 4 green
# found/all 80 90
q 1 14 2 
q 1 15 3 
#c 15 3 green
# found/all 83 90
q 1 14 5 
q 1 15 4 
#c 15 4 green
# found/all 85 90
q 1 15 2 
q 1 16 3 
#c 16 3 green
# found/all 86 90
q 1 15 5 
#c 15 5 green
# found/all 87 90
q 1 16 4 
#c 16 4 green
# found/all 88 90
q 1 16 2 
q 1 17 3 
#c 17 3 green
# found/all 89 90
q 1 15 6 
q 1 16 5 
q 1 17 4 
q 1 17 2 
#c 17 2 green
# found/all 90 90
a 80 2 1 2 2 3 1 2 3 3 2 3 0 2 4 4 2 2 5 5 2 5 3 6 2 6 3 7 2 6 4 7 3 8 2 8 3 8 1 9 2 8 4 4 10 5 10 6 10 6 9 7 10 6 8 8 10 9 10 9 9 9 11 9 12 9 13 9 14 10 13 8 14 9 15 10 15 4 12 5 12 5 13 6 12 5 14 4 14 10 8 10 7 11 8 11 7 11 9 12 7 12 9 12 10 12 11 12 12 13 12 14 12 15 12 15 11 15 13 16 12 15 10 16 13 14 10 15 9 14 9 16 9 12 2 12 3 12 4 13 3 13 4 14 3 14 4 15 3 15 4 16 3 15 5 16 4 17 3 17 2 
