# [[0, 3], [0, 4], [1, 2], [1, 3], [1, 4], [1, 5], [2, 1], [2, 2], [2, 3], [3, 0], [3, 1]]
# [[0, 1], [0, 2], [1, 2], [1, 3], [2, 0], [2, 1], [2, 2], [2, 3], [3, 2], [3, 3], [4, 1], [4, 2], [5, 1], [5, 2], [5, 3], [6, 0], [6, 1], [6, 2]]
# [[0, 2], [0, 6], [1, 1], [1, 2], [1, 5], [1, 6], [2, 0], [2, 1], [2, 2], [2, 4], [2, 5], [2, 6], [3, 2], [3, 3], [3, 4], [3, 5], [4, 3], [4, 4]]
q 16 0 0 0 1 0 2 0 3 1 0 1 1 1 2 1 3 2 0 2 1 2 2 2 3 3 0 3 1 3 2 3 3 
q 16 0 4 0 5 0 6 0 7 1 4 1 5 1 6 1 7 2 4 2 5 2 6 2 7 3 4 3 5 3 6 3 7 
q 4 0 4 0 5 1 4 1 5 
q 4 0 6 0 7 1 6 1 7 
q 4 2 4 2 5 3 4 3 5 
q 4 2 6 2 7 3 6 3 7 
q 1 2 6 
q 1 2 7 
#c 2 7 green
# searchh
q 1 1 7 
q 1 2 8 
#c 2 8 green
# found/all 2 47
q 1 3 7 
#c 3 7 green
# found/all 3 47
q 1 1 8 
#c 1 8 green
# found/all 4 47
q 1 2 9 
q 1 3 8 
#c 3 8 green
# found/all 5 47
q 1 3 6 
#c 3 6 green
# found/all 6 47
q 1 4 7 
q 1 0 8 
q 1 1 9 
q 1 3 9 
#c 3 9 green
# found/all 7 47
q 1 4 8 
#c 4 8 green
# found/all 8 47
q 1 3 5 
q 1 4 6 
q 1 3 10 
#c 3 10 green
# found/all 10 47
q 1 4 9 
#c 4 9 green
# found/all 11 47
q 1 5 8 
q 1 2 10 
q 1 3 11 
#c 3 11 green
# found/all 13 47
q 1 4 10 
#c 4 10 green
# found/all 14 47
q 1 5 9 
#c 5 9 green
# found/all 15 47
q 1 2 11 
#c 2 11 green
# found/all 17 47
q 1 3 12 
#c 3 12 green
# found/all 19 47
q 1 4 11 
#c 4 11 green
# found/all 21 47
q 1 5 10 
#c 5 10 green
# found/all 23 47
q 1 6 9 
q 1 1 11 
#c 1 11 green
# found/all 24 47
q 1 2 12 
#c 2 12 green
# found/all 26 47
q 1 3 13 
q 1 4 12 
#c 4 12 green
# found/all 27 47
q 1 5 11 
#c 5 11 green
# found/all 28 47
q 1 6 10 
#c 6 10 green
# found/all 29 47
q 1 0 11 
q 1 1 10 
#c 1 10 green
# found/all 30 47
q 1 1 12 
#c 1 12 green
# found/all 31 47
q 1 2 13 
q 1 4 13 
q 1 5 12 
q 1 6 11 
#c 6 11 green
# found/all 32 47
q 1 7 10 
#c 7 10 green
# found/all 33 47
q 1 0 10 
q 1 0 12 
q 1 1 13 
q 1 6 12 
#c 6 12 green
# found/all 34 47
q 1 7 11 
#c 7 11 green
# found/all 35 47
q 1 7 9 
#c 7 9 green
# found/all 36 47
q 1 8 10 
q 1 6 13 
q 1 7 12 
q 1 8 11 
q 1 7 8 
q 1 8 9 
q 16 0 8 0 9 0 10 0 11 1 8 1 9 1 10 1 11 2 8 2 9 2 10 2 11 3 8 3 9 3 10 3 11 
q 4 0 8 0 9 1 8 1 9 
# SUM >= 2
# SUM >= 2
q 8 0 12 0 13 1 12 1 13 2 12 2 13 3 12 3 13 
q 4 0 12 0 13 1 12 1 13 
q 1 0 13 
# SUM >= 2
q 16 4 0 4 1 4 2 4 3 5 0 5 1 5 2 5 3 6 0 6 1 6 2 6 3 7 0 7 1 7 2 7 3 
q 16 4 4 4 5 4 6 4 7 5 4 5 5 5 6 5 7 6 4 6 5 6 6 6 7 7 4 7 5 7 6 7 7 
q 16 4 8 4 9 4 10 4 11 5 8 5 9 5 10 5 11 6 8 6 9 6 10 6 11 7 8 7 9 7 10 7 11 
# SUM >= 2
q 4 6 8 6 9 7 8 7 9 
# SUM >= 2
q 8 4 12 4 13 5 12 5 13 6 12 6 13 7 12 7 13 
q 16 8 0 8 1 8 2 8 3 9 0 9 1 9 2 9 3 10 0 10 1 10 2 10 3 11 0 11 1 11 2 11 3 
q 16 8 4 8 5 8 6 8 7 9 4 9 5 9 6 9 7 10 4 10 5 10 6 10 7 11 4 11 5 11 6 11 7 
q 16 8 8 8 9 8 10 8 11 9 8 9 9 9 10 9 11 10 8 10 9 10 10 10 11 11 8 11 9 11 10 11 11 
q 4 8 8 8 9 9 8 9 9 
q 4 8 10 8 11 9 10 9 11 
q 1 9 10 
q 1 9 11 
#c 9 11 green
# searchh
q 1 9 12 
#c 9 12 green
# found/all 38 47
q 1 10 11 
#c 10 11 green
# found/all 39 47
q 1 8 12 
q 1 9 13 
q 1 10 12 
#c 10 12 green
# found/all 40 47
q 1 10 10 
#c 10 10 green
# found/all 41 47
q 1 11 11 
#c 11 11 green
# found/all 42 47
q 1 10 13 
#c 10 13 green
# found/all 43 47
q 1 11 12 
q 1 10 9 
q 1 11 10 
#c 11 10 green
# found/all 44 47
q 1 12 11 
q 1 11 13 
q 1 11 9 
#c 11 9 green
# found/all 45 47
q 1 12 10 
q 1 11 8 
q 1 12 9 
#c 12 9 green
# found/all 46 47
q 1 12 8 
#c 12 8 green
# found/all 47 47
a 40 2 7 2 8 3 7 1 8 3 8 3 6 3 9 4 8 3 10 4 9 3 11 4 10 5 9 2 11 3 12 4 11 5 10 1 11 2 12 4 12 5 11 6 10 1 10 1 12 6 11 7 10 6 12 7 11 7 9 9 11 9 12 10 11 10 12 10 10 11 11 10 13 11 10 11 9 12 9 12 8 
