# [[0, 1], [1, 1], [2, 0], [2, 1], [3, 0], [3, 1], [4, 1]]
# [[0, 1], [1, 0], [1, 1], [1, 2], [2, 0]]
# [[0, 1], [0, 2], [0, 3], [1, 0], [1, 1], [1, 2]]
# [[0, 0], [0, 1], [1, 0], [1, 1], [2, 0], [2, 1], [2, 2]]
# [[0, 1], [0, 2], [1, 1], [2, 0], [2, 1], [3, 1], [4, 1]]
# [[0, 0], [0, 1], [0, 2], [1, 1], [2, 1]]
# [[0, 1], [1, 0], [1, 1], [1, 2], [2, 0]]
# [[0, 0], [1, 0], [1, 1], [2, 0], [2, 1], [2, 2]]
# [[0, 1], [0, 2], [1, 0], [1, 1], [1, 2]]
# [[0, 2], [0, 3], [1, 2], [2, 2], [3, 0], [3, 1], [3, 2]]
# [[0, 0], [1, 0], [1, 1], [1, 2], [2, 2]]
# [[0, 0], [1, 0], [1, 1], [2, 0], [3, 0], [4, 0]]
# [[0, 3], [1, 0], [1, 1], [1, 2], [1, 3], [2, 1], [2, 3]]
# [[0, 0], [0, 1], [0, 2], [0, 3], [0, 4]]
# [[0, 0], [0, 1], [0, 2], [0, 3], [1, 2]]
q 16 0 0 0 1 0 2 0 3 1 0 1 1 1 2 1 3 2 0 2 1 2 2 2 3 3 0 3 1 3 2 3 3 
q 16 0 4 0 5 0 6 0 7 1 4 1 5 1 6 1 7 2 4 2 5 2 6 2 7 3 4 3 5 3 6 3 7 
q 16 0 8 0 9 0 10 0 11 1 8 1 9 1 10 1 11 2 8 2 9 2 10 2 11 3 8 3 9 3 10 3 11 
q 4 0 8 0 9 1 8 1 9 
q 4 0 10 0 11 1 10 1 11 
q 4 2 8 2 9 3 8 3 9 
q 4 2 10 2 11 3 10 3 11 
q 1 2 10 
#c 2 10 green
# searchh
q 1 1 10 
q 1 2 9 
q 1 2 11 
#c 2 11 green
# found/all 2 88
q 1 3 10 
#c 3 10 green
# found/all 3 88
q 1 1 11 
q 1 2 12 
q 1 3 11 
q 1 3 9 
#c 3 9 green
# found/all 4 88
q 1 4 10 
#c 4 10 green
# found/all 6 88
q 1 3 8 
q 1 4 9 
#c 4 9 green
# found/all 7 88
q 1 4 11 
#c 4 11 green
# found/all 8 88
q 1 5 10 
#c 5 10 green
# found/all 9 88
q 1 4 8 
#c 4 8 green
# found/all 11 88
q 1 5 9 
#c 5 9 green
# found/all 13 88
q 1 4 12 
q 1 5 11 
#c 5 11 green
# found/all 14 88
q 1 6 10 
q 1 4 7 
#c 4 7 green
# found/all 15 88
q 1 5 8 
#c 5 8 green
# found/all 17 88
q 1 6 9 
#c 6 9 green
# found/all 18 88
q 1 5 12 
q 1 6 11 
q 1 3 7 
q 1 4 6 
#c 4 6 green
# found/all 19 88
q 1 5 7 
#c 5 7 green
# found/all 21 88
q 1 6 8 
#c 6 8 green
# found/all 22 88
q 1 7 9 
#c 7 9 green
# found/all 23 88
q 1 3 6 
q 1 4 5 
#c 4 5 green
# found/all 24 88
q 1 5 6 
#c 5 6 green
# found/all 25 88
q 1 6 7 
q 1 7 8 
#c 7 8 green
# found/all 26 88
q 1 7 10 
q 1 8 9 
#c 8 9 green
# found/all 27 88
q 1 3 5 
q 1 4 4 
q 1 5 5 
#c 5 5 green
# found/all 28 88
q 1 6 6 
#c 6 6 green
# found/all 29 88
q 1 7 7 
q 1 8 8 
#c 8 8 green
# found/all 30 88
q 1 8 10 
q 1 9 9 
#c 9 9 green
# found/all 31 88
q 1 5 4 
q 1 6 5 
q 1 7 6 
q 1 8 7 
q 1 9 8 
q 1 9 10 
q 1 10 9 
q 16 0 12 0 13 0 14 0 15 1 12 1 13 1 14 1 15 2 12 2 13 2 14 2 15 3 12 3 13 3 14 3 15 
q 4 0 12 0 13 1 12 1 13 
q 4 0 14 0 15 1 14 1 15 
q 4 2 12 2 13 3 12 3 13 
q 4 2 14 2 15 3 14 3 15 
q 1 2 14 
#c 2 14 green
# searchh
q 1 1 14 
#c 1 14 green
# found/all 33 88
q 1 2 13 
q 1 2 15 
#c 2 15 green
# found/all 34 88
q 1 3 14 
#c 3 14 green
# found/all 35 88
q 1 0 14 
q 1 1 13 
q 1 1 15 
q 1 2 16 
q 1 3 15 
#c 3 15 green
# found/all 36 88
q 1 3 13 
q 1 4 14 
q 1 3 16 
#c 3 16 green
# found/all 37 88
q 1 4 15 
q 1 3 17 
q 1 4 16 
q 12 0 16 0 17 0 18 1 16 1 17 1 18 2 16 2 17 2 18 3 16 3 17 3 18 
q 16 4 0 4 1 4 2 4 3 5 0 5 1 5 2 5 3 6 0 6 1 6 2 6 3 7 0 7 1 7 2 7 3 
q 4 4 0 4 1 5 0 5 1 
q 4 4 2 4 3 5 2 5 3 
q 4 6 0 6 1 7 0 7 1 
q 4 6 2 6 3 7 2 7 3 
q 16 4 4 4 5 4 6 4 7 5 4 5 5 5 6 5 7 6 4 6 5 6 6 6 7 7 4 7 5 7 6 7 7 
# SUM >= 2
q 4 6 4 6 5 7 4 7 5 
q 1 6 4 
q 1 7 4 
q 1 7 5 
q 4 6 6 6 7 7 6 7 7 
q 16 4 8 4 9 4 10 4 11 5 8 5 9 5 10 5 11 6 8 6 9 6 10 6 11 7 8 7 9 7 10 7 11 
# SUM >= 2
# SUM >= 2
q 16 4 12 4 13 4 14 4 15 5 12 5 13 5 14 5 15 6 12 6 13 6 14 6 15 7 12 7 13 7 14 7 15 
q 4 4 12 4 13 5 12 5 13 
q 4 4 14 4 15 5 14 5 15 
q 1 5 14 
#c 5 14 green
# searchh
q 1 5 13 
#c 5 13 green
# found/all 39 88
q 1 5 15 
q 1 6 14 
q 1 4 13 
#c 4 13 green
# found/all 40 88
q 1 6 13 
#c 6 13 green
# found/all 41 88
q 1 6 12 
q 1 7 13 
#c 7 13 green
# found/all 42 88
q 1 7 12 
q 1 7 14 
q 1 8 13 
#c 8 13 green
# found/all 43 88
q 1 8 12 
q 1 8 14 
q 1 9 13 
# SUM >= 2
q 12 4 16 4 17 4 18 5 16 5 17 5 18 6 16 6 17 6 18 7 16 7 17 7 18 
q 4 4 16 4 17 5 16 5 17 
q 1 4 17 
q 1 5 16 
q 1 5 17 
q 2 4 18 5 18 
q 4 6 16 6 17 7 16 7 17 
q 1 6 16 
q 1 6 17 
q 1 7 16 
#c 7 16 green
# searchh
q 1 7 15 
q 1 7 17 
#c 7 17 green
# found/all 45 88
q 1 8 16 
#c 8 16 green
# found/all 46 88
q 1 7 18 
q 1 8 17 
q 1 8 15 
q 1 9 16 
#c 9 16 green
# found/all 48 88
q 1 9 15 
#c 9 15 green
# found/all 49 88
q 1 9 17 
#c 9 17 green
# found/all 50 88
q 1 10 16 
#c 10 16 green
# found/all 52 88
q 1 9 14 
q 1 10 15 
q 1 9 18 
q 1 10 17 
#c 10 17 green
# found/all 53 88
q 1 11 16 
#c 11 16 green
# found/all 55 88
q 1 10 18 
q 1 11 17 
#c 11 17 green
# found/all 56 88
q 1 11 15 
q 1 12 16 
q 1 11 18 
#c 11 18 green
# found/all 57 88
q 1 12 17 
q 1 12 18 
q 2 6 18 7 18 
q 16 8 0 8 1 8 2 8 3 9 0 9 1 9 2 9 3 10 0 10 1 10 2 10 3 11 0 11 1 11 2 11 3 
q 16 8 4 8 5 8 6 8 7 9 4 9 5 9 6 9 7 10 4 10 5 10 6 10 7 11 4 11 5 11 6 11 7 
q 16 8 8 8 9 8 10 8 11 9 8 9 9 9 10 9 11 10 8 10 9 10 10 10 11 11 8 11 9 11 10 11 11 
# SUM >= 2
q 4 10 8 10 9 11 8 11 9 
q 4 10 10 10 11 11 10 11 11 
q 16 8 12 8 13 8 14 8 15 9 12 9 13 9 14 9 15 10 12 10 13 10 14 10 15 11 12 11 13 11 14 11 15 
q 4 8 12 8 13 9 12 9 13 
q 1 9 12 
q 4 8 14 8 15 9 14 9 15 
q 4 10 12 10 13 11 12 11 13 
q 4 10 14 10 15 11 14 11 15 
q 12 8 16 8 17 8 18 9 16 9 17 9 18 10 16 10 17 10 18 11 16 11 17 11 18 
# SUM >= 2
# SUM >= 2
q 16 12 0 12 1 12 2 12 3 13 0 13 1 13 2 13 3 14 0 14 1 14 2 14 3 15 0 15 1 15 2 15 3 
q 16 12 4 12 5 12 6 12 7 13 4 13 5 13 6 13 7 14 4 14 5 14 6 14 7 15 4 15 5 15 6 15 7 
q 16 12 8 12 9 12 10 12 11 13 8 13 9 13 10 13 11 14 8 14 9 14 10 14 11 15 8 15 9 15 10 15 11 
q 4 12 8 12 9 13 8 13 9 
q 4 12 10 12 11 13 10 13 11 
q 1 12 10 
q 1 12 11 
#c 12 11 green
# searchh
q 1 11 11 
q 1 12 12 
#c 12 12 green
# found/all 60 88
q 1 13 11 
#c 13 11 green
# found/all 61 88
q 1 11 12 
q 1 12 13 
#c 12 13 green
# found/all 62 88
q 1 13 12 
#c 13 12 green
# found/all 65 88
q 1 13 10 
q 1 14 11 
#c 14 11 green
# found/all 68 88
q 1 11 13 
q 1 12 14 
q 1 13 13 
#c 13 13 green
# found/all 70 88
q 1 14 12 
#c 14 12 green
# found/all 73 88
q 1 14 10 
#c 14 10 green
# found/all 74 88
q 1 15 11 
q 1 13 14 
#c 13 14 green
# found/all 75 88
q 1 14 13 
#c 14 13 green
# found/all 78 88
q 1 15 12 
#c 15 12 green
# found/all 79 88
q 1 14 9 
#c 14 9 green
# found/all 80 88
q 1 15 10 
q 1 13 15 
q 1 14 14 
#c 14 14 green
# found/all 81 88
q 1 15 13 
#c 15 13 green
# found/all 83 88
q 1 16 12 
#c 16 12 green
# found/all 84 88
q 1 13 9 
q 1 14 8 
q 1 15 9 
q 1 14 15 
q 1 15 14 
#c 15 14 green
# found/all 85 88
q 1 16 13 
#c 16 13 green
# found/all 86 88
q 1 16 11 
q 1 17 12 
#c 17 12 green
# found/all 87 88
q 1 15 15 
q 1 16 14 
#c 16 14 green
# found/all 88 88
a 69 2 10 2 11 3 10 3 9 4 10 4 9 4 11 5 10 4 8 5 9 5 11 4 7 5 8 6 9 4 6 5 7 6 8 7 9 4 5 5 6 7 8 8 9 5 5 6 6 8 8 9 9 2 14 1 14 2 15 3 14 3 15 3 16 5 14 5 13 4 13 6 13 7 13 8 13 7 16 7 17 8 16 9 16 9 15 9 17 10 16 10 17 11 16 11 17 11 18 12 11 12 12 13 11 12 13 13 12 14 11 13 13 14 12 14 10 13 14 14 13 15 12 14 9 14 14 15 13 16 12 15 14 16 13 17 12 16 14 
