# [[0, 1], [1, 0], [1, 1], [2, 1], [2, 2]]
# [[0, 1], [1, 0], [1, 1], [2, 0], [2, 1]]
# [[0, 0], [1, 0], [2, 0], [2, 1], [3, 0]]
# [[0, 2], [1, 0], [1, 1], [1, 2], [1, 3]]
# [[0, 1], [0, 2], [1, 0], [1, 1], [1, 2]]
# [[0, 0], [0, 1], [1, 0], [1, 1], [2, 1]]
# [[0, 0], [1, 0], [1, 1], [1, 2], [2, 2]]
# [[0, 1], [1, 0], [1, 1], [1, 2], [2, 1]]
# [[0, 1], [1, 0], [1, 1], [1, 2], [2, 0]]
# [[0, 1], [1, 0], [1, 1], [1, 2], [1, 3]]
# [[0, 0], [0, 1], [0, 2], [1, 0], [1, 1]]
# [[0, 0], [0, 1], [0, 2], [0, 3], [1, 3]]
# [[0, 0], [0, 1], [1, 0], [1, 1], [1, 2]]
# [[0, 1], [1, 0], [1, 1], [2, 0], [3, 0]]
# [[0, 0], [0, 1], [1, 0], [1, 1], [2, 1]]
# [[0, 1], [1, 1], [2, 0], [2, 1], [2, 2]]
# [[0, 2], [1, 1], [1, 2], [2, 0], [2, 1]]
# [[0, 0], [0, 1], [1, 0], [1, 1], [2, 0]]
q 16 0 0 0 1 0 2 0 3 1 0 1 1 1 2 1 3 2 0 2 1 2 2 2 3 3 0 3 1 3 2 3 3 
q 4 0 0 0 1 1 0 1 1 
q 1 0 0 
q 1 0 1 
#c 0 1 green
# searchh
q 1 0 2 
#c 0 2 green
# found/all 2 90
q 1 1 1 
#c 1 1 green
# found/all 3 90
q 1 0 3 
q 1 1 2 
#c 1 2 green
# found/all 4 90
q 1 1 0 
#c 1 0 green
# found/all 5 90
q 1 2 1 
#c 2 1 green
# found/all 7 90
q 1 1 3 
q 1 2 2 
#c 2 2 green
# found/all 9 90
q 1 2 0 
q 1 3 1 
q 1 2 3 
#c 2 3 green
# found/all 11 90
q 1 3 2 
q 1 2 4 
q 1 3 3 
#c 3 3 green
# found/all 13 90
q 1 3 4 
#c 3 4 green
# found/all 15 90
q 1 4 3 
#c 4 3 green
# found/all 17 90
q 1 3 5 
#c 3 5 green
# found/all 18 90
q 1 4 4 
#c 4 4 green
# found/all 21 90
q 1 4 2 
#c 4 2 green
# found/all 22 90
q 1 5 3 
#c 5 3 green
# found/all 23 90
q 1 2 5 
#c 2 5 green
# found/all 24 90
q 1 3 6 
q 1 4 5 
#c 4 5 green
# found/all 25 90
q 1 5 4 
q 1 4 1 
q 1 5 2 
q 1 6 3 
q 1 1 5 
q 1 2 6 
q 1 4 6 
#c 4 6 green
# found/all 26 90
q 1 5 5 
#c 5 5 green
# found/all 27 90
q 1 4 7 
q 1 5 6 
#c 5 6 green
# found/all 28 90
q 1 6 5 
#c 6 5 green
# found/all 29 90
q 1 5 7 
#c 5 7 green
# found/all 30 90
q 1 6 6 
#c 6 6 green
# found/all 32 90
q 1 6 4 
q 1 7 5 
#c 7 5 green
# found/all 33 90
q 1 5 8 
q 1 6 7 
q 1 7 6 
#c 7 6 green
# found/all 34 90
q 1 7 4 
q 1 8 5 
q 1 7 7 
q 1 8 6 
#c 8 6 green
# found/all 35 90
q 1 8 7 
q 1 9 6 
# SUM >= 2
q 4 2 0 2 1 3 0 3 1 
# SUM >= 2
q 16 0 4 0 5 0 6 0 7 1 4 1 5 1 6 1 7 2 4 2 5 2 6 2 7 3 4 3 5 3 6 3 7 
q 4 0 4 0 5 1 4 1 5 
q 4 0 6 0 7 1 6 1 7 
# SUM >= 2
q 16 0 8 0 9 0 10 0 11 1 8 1 9 1 10 1 11 2 8 2 9 2 10 2 11 3 8 3 9 3 10 3 11 
q 4 0 8 0 9 1 8 1 9 
q 1 0 8 
#c 0 8 green
# searchh
q 1 0 7 
q 1 0 9 
q 1 1 8 
#c 1 8 green
# found/all 37 90
q 1 1 7 
q 1 1 9 
#c 1 9 green
# found/all 38 90
q 1 2 8 
q 1 1 10 
#c 1 10 green
# found/all 39 90
q 1 2 9 
q 1 0 10 
q 1 1 11 
q 1 2 10 
#c 2 10 green
# found/all 40 90
q 1 2 11 
q 1 3 10 
q 4 0 10 0 11 1 10 1 11 
q 4 2 8 2 9 3 8 3 9 
q 4 2 10 2 11 3 10 3 11 
q 1 3 11 
q 16 0 12 0 13 0 14 0 15 1 12 1 13 1 14 1 15 2 12 2 13 2 14 2 15 3 12 3 13 3 14 3 15 
q 4 0 12 0 13 1 12 1 13 
q 4 0 14 0 15 1 14 1 15 
q 4 2 12 2 13 3 12 3 13 
q 4 2 14 2 15 3 14 3 15 
q 1 2 14 
q 1 2 15 
#c 2 15 green
# searchh
q 1 1 15 
q 1 2 16 
#c 2 16 green
# found/all 42 90
q 1 3 15 
#c 3 15 green
# found/all 44 90
q 1 1 16 
#c 1 16 green
# found/all 45 90
q 1 2 17 
q 1 3 16 
q 1 3 14 
#c 3 14 green
# found/all 46 90
q 1 4 15 
#c 4 15 green
# found/all 47 90
q 1 0 16 
q 1 1 17 
q 1 3 13 
q 1 4 14 
#c 4 14 green
# found/all 48 90
q 1 4 16 
#c 4 16 green
# found/all 49 90
q 1 5 15 
q 1 4 13 
q 1 5 14 
q 1 4 17 
#c 4 17 green
# found/all 50 90
q 1 5 16 
q 1 3 17 
q 1 4 18 
q 1 5 17 
q 16 0 16 0 17 0 18 0 19 1 16 1 17 1 18 1 19 2 16 2 17 2 18 2 19 3 16 3 17 3 18 3 19 
q 4 0 16 0 17 1 16 1 17 
q 1 0 17 
q 4 0 18 0 19 1 18 1 19 
q 4 2 16 2 17 3 16 3 17 
q 4 2 18 2 19 3 18 3 19 
q 16 4 0 4 1 4 2 4 3 5 0 5 1 5 2 5 3 6 0 6 1 6 2 6 3 7 0 7 1 7 2 7 3 
q 4 4 0 4 1 5 0 5 1 
# SUM >= 2
q 4 6 0 6 1 7 0 7 1 
q 4 6 2 6 3 7 2 7 3 
q 16 4 4 4 5 4 6 4 7 5 4 5 5 5 6 5 7 6 4 6 5 6 6 6 7 7 4 7 5 7 6 7 7 
# SUM >= 2
# SUM >= 2
q 16 4 8 4 9 4 10 4 11 5 8 5 9 5 10 5 11 6 8 6 9 6 10 6 11 7 8 7 9 7 10 7 11 
q 4 4 8 4 9 5 8 5 9 
q 1 4 8 
q 1 4 9 
q 1 5 9 
q 4 4 10 4 11 5 10 5 11 
q 4 6 8 6 9 7 8 7 9 
q 1 6 8 
q 1 6 9 
q 1 7 8 
q 1 7 9 
#c 7 9 green
# searchh
q 1 7 10 
#c 7 10 green
# found/all 52 90
q 1 8 9 
#c 8 9 green
# found/all 53 90
q 1 6 10 
#c 6 10 green
# found/all 54 90
q 1 7 11 
#c 7 11 green
# found/all 55 90
q 1 8 10 
q 1 8 8 
q 1 9 9 
q 1 5 10 
q 1 6 11 
#c 6 11 green
# found/all 56 90
q 1 7 12 
q 1 8 11 
q 1 5 11 
#c 5 11 green
# found/all 57 90
q 1 6 12 
q 1 4 11 
#c 4 11 green
# found/all 58 90
q 1 5 12 
#c 5 12 green
# found/all 59 90
q 1 4 10 
q 1 4 12 
#c 4 12 green
# found/all 60 90
q 1 5 13 
q 1 3 12 
# SUM >= 2
q 16 4 12 4 13 4 14 4 15 5 12 5 13 5 14 5 15 6 12 6 13 6 14 6 15 7 12 7 13 7 14 7 15 
# SUM >= 2
q 4 6 12 6 13 7 12 7 13 
q 4 6 14 6 15 7 14 7 15 
q 1 6 14 
#c 6 14 green
# searchh
q 1 6 13 
q 1 6 15 
#c 6 15 green
# found/all 62 90
q 1 7 14 
#c 7 14 green
# found/all 63 90
q 1 6 16 
q 1 7 15 
#c 7 15 green
# found/all 64 90
q 1 7 13 
q 1 8 14 
#c 8 14 green
# found/all 65 90
q 1 7 16 
#c 7 16 green
# found/all 66 90
q 1 8 15 
#c 8 15 green
# found/all 67 90
q 1 8 13 
#c 8 13 green
# found/all 68 90
q 1 9 14 
q 1 7 17 
q 1 8 16 
#c 8 16 green
# found/all 69 90
q 1 9 15 
q 1 8 12 
q 1 9 13 
q 1 8 17 
q 1 9 16 
#c 9 16 green
# found/all 70 90
q 1 9 17 
q 1 10 16 
q 16 4 16 4 17 4 18 4 19 5 16 5 17 5 18 5 19 6 16 6 17 6 18 6 19 7 16 7 17 7 18 7 19 
# SUM >= 2
q 4 6 16 6 17 7 16 7 17 
q 1 6 17 
q 4 6 18 6 19 7 18 7 19 
q 16 8 0 8 1 8 2 8 3 9 0 9 1 9 2 9 3 10 0 10 1 10 2 10 3 11 0 11 1 11 2 11 3 
q 4 8 0 8 1 9 0 9 1 
q 4 8 2 8 3 9 2 9 3 
q 4 10 0 10 1 11 0 11 1 
q 4 10 2 10 3 11 2 11 3 
q 1 10 2 
q 1 10 3 
q 1 11 2 
#c 11 2 green
# searchh
q 1 11 1 
q 1 11 3 
q 1 12 2 
#c 12 2 green
# found/all 72 90
q 1 12 1 
#c 12 1 green
# found/all 73 90
q 1 12 3 
#c 12 3 green
# found/all 74 90
q 1 13 2 
q 1 12 0 
#c 12 0 green
# found/all 75 90
q 1 13 1 
q 1 12 4 
q 1 13 3 
q 1 11 0 
q 1 13 0 
q 16 8 4 8 5 8 6 8 7 9 4 9 5 9 6 9 7 10 4 10 5 10 6 10 7 11 4 11 5 11 6 11 7 
q 4 8 4 8 5 9 4 9 5 
q 4 8 6 8 7 9 6 9 7 
q 1 9 7 
q 4 10 4 10 5 11 4 11 5 
q 1 10 4 
q 1 10 5 
q 1 11 4 
q 1 11 5 
q 4 10 6 10 7 11 6 11 7 
q 1 10 6 
#c 10 6 green
# searchh
q 1 10 7 
#c 10 7 green
# found/all 77 90
q 1 11 6 
#c 11 6 green
# found/all 78 90
q 1 10 8 
#c 10 8 green
# found/all 79 90
q 1 11 7 
#c 11 7 green
# found/all 80 90
q 1 12 6 
#c 12 6 green
# found/all 81 90
q 1 9 8 
q 1 10 9 
q 1 11 8 
q 1 12 7 
#c 12 7 green
# found/all 82 90
q 1 12 5 
q 1 13 6 
#c 13 6 green
# found/all 83 90
q 1 12 8 
q 1 13 7 
#c 13 7 green
# found/all 84 90
q 1 13 5 
q 1 14 6 
q 1 13 8 
q 1 14 7 
#c 14 7 green
# found/all 85 90
q 1 14 8 
q 1 15 7 
q 16 8 8 8 9 8 10 8 11 9 8 9 9 9 10 9 11 10 8 10 9 10 10 10 11 11 8 11 9 11 10 11 11 
q 4 8 8 8 9 9 8 9 9 
q 4 8 10 8 11 9 10 9 11 
q 1 9 10 
q 1 9 11 
q 4 10 8 10 9 11 8 11 9 
q 1 11 9 
q 4 10 10 10 11 11 10 11 11 
q 1 10 10 
q 1 10 11 
q 1 11 10 
q 1 11 11 
q 16 8 12 8 13 8 14 8 15 9 12 9 13 9 14 9 15 10 12 10 13 10 14 10 15 11 12 11 13 11 14 11 15 
q 4 8 12 8 13 9 12 9 13 
# SUM >= 2
q 4 10 12 10 13 11 12 11 13 
q 4 10 14 10 15 11 14 11 15 
q 16 8 16 8 17 8 18 8 19 9 16 9 17 9 18 9 19 10 16 10 17 10 18 10 19 11 16 11 17 11 18 11 19 
# SUM >= 2
q 4 10 16 10 17 11 16 11 17 
q 4 10 18 10 19 11 18 11 19 
q 16 12 0 12 1 12 2 12 3 13 0 13 1 13 2 13 3 14 0 14 1 14 2 14 3 15 0 15 1 15 2 15 3 
# SUM >= 2
q 4 14 0 14 1 15 0 15 1 
q 1 14 0 
q 1 14 1 
q 1 15 0 
q 1 15 1 
q 4 14 2 14 3 15 2 15 3 
q 1 14 2 
q 1 14 3 
q 1 15 2 
q 1 15 3 
q 16 12 4 12 5 12 6 12 7 13 4 13 5 13 6 13 7 14 4 14 5 14 6 14 7 15 4 15 5 15 6 15 7 
q 4 12 4 12 5 13 4 13 5 
# SUM >= 2
q 4 14 4 14 5 15 4 15 5 
q 4 14 6 14 7 15 6 15 7 
q 16 12 8 12 9 12 10 12 11 13 8 13 9 13 10 13 11 14 8 14 9 14 10 14 11 15 8 15 9 15 10 15 11 
q 4 12 8 12 9 13 8 13 9 
q 1 12 9 
q 1 13 9 
q 4 12 10 12 11 13 10 13 11 
q 4 14 8 14 9 15 8 15 9 
q 4 14 10 14 11 15 10 15 11 
q 1 14 10 
#c 14 10 green
# searchh
q 1 13 10 
q 1 14 9 
q 1 14 11 
q 1 15 10 
#c 15 10 green
# found/all 87 90
q 1 15 9 
#c 15 9 green
# found/all 88 90
q 1 15 11 
q 1 16 10 
q 1 15 8 
q 1 16 9 
#c 16 9 green
# found/all 89 90
q 1 16 8 
q 1 17 9 
#c 17 9 green
# found/all 90 90
a 80 0 1 0 2 1 1 1 2 1 0 2 1 2 2 2 3 3 3 3 4 4 3 3 5 4 4 4 2 5 3 2 5 4 5 4 6 5 5 5 6 6 5 5 7 6 6 7 5 7 6 8 6 0 8 1 8 1 9 1 10 2 10 2 15 2 16 3 15 1 16 3 14 4 15 4 14 4 16 4 17 7 9 7 10 8 9 6 10 7 11 6 11 5 11 4 11 5 12 4 12 6 14 6 15 7 14 7 15 8 14 7 16 8 15 8 13 8 16 9 16 11 2 12 2 12 1 12 3 12 0 10 6 10 7 11 6 10 8 11 7 12 6 12 7 13 6 13 7 14 7 14 10 15 10 15 9 16 9 17 9 
