# [[0, 1], [1, 1], [2, 0], [2, 1], [2, 2], [3, 1], [4, 0], [4, 1], [4, 2], [5, 0], [5, 1], [5, 2]]
# [[0, 1], [0, 2], [1, 1], [1, 2], [2, 0], [2, 1], [2, 2], [3, 0], [3, 1], [3, 2]]
# [[0, 2], [1, 0], [1, 1], [1, 2], [2, 0], [2, 1], [2, 2], [3, 1], [3, 2], [4, 0], [4, 1]]
# [[0, 0], [1, 0], [1, 1], [2, 0], [3, 0]]
# [[0, 2], [1, 0], [1, 1], [1, 2], [2, 0], [2, 1], [3, 0], [3, 1], [3, 2]]
# [[0, 3], [0, 4], [1, 2], [1, 3], [2, 0], [2, 1], [2, 2], [3, 2], [3, 3]]
# [[0, 4], [1, 3], [1, 4], [2, 1], [2, 3], [3, 0], [3, 1], [3, 2], [3, 3], [4, 0], [4, 1], [4, 2]]
# [[0, 0], [0, 1], [1, 0], [2, 0], [2, 1], [2, 2], [3, 0]]
# [[0, 0], [0, 1], [0, 2], [1, 0], [1, 1], [2, 0]]
# [[0, 3], [1, 2], [1, 3], [2, 0], [2, 1], [2, 2], [2, 3]]
# [[0, 2], [1, 2], [1, 3], [1, 4], [2, 0], [2, 1], [2, 2], [2, 3], [2, 4], [3, 0], [3, 1], [3, 3], [4, 1]]
# [[0, 2], [0, 3], [1, 2], [2, 2], [2, 3], [3, 0], [3, 1], [3, 2], [4, 2]]
# [[0, 1], [1, 1], [1, 3], [1, 4], [2, 1], [2, 2], [2, 3], [3, 1], [3, 3], [3, 4], [3, 5], [4, 0], [4, 1]]
# [[0, 2], [1, 2], [1, 3], [2, 0], [2, 1], [2, 2], [2, 3], [2, 4], [3, 0], [3, 1], [4, 0], [5, 0]]
# [[0, 1], [1, 0], [1, 1], [2, 1], [3, 1]]
# [[0, 3], [1, 3], [1, 4], [2, 2], [2, 3], [2, 4], [3, 0], [3, 1], [3, 2], [3, 3], [3, 4], [4, 3]]
q 16 0 0 0 1 0 2 0 3 1 0 1 1 1 2 1 3 2 0 2 1 2 2 2 3 3 0 3 1 3 2 3 3 
q 4 0 0 0 1 1 0 1 1 
q 4 0 2 0 3 1 2 1 3 
q 4 2 0 2 1 3 0 3 1 
q 4 2 2 2 3 3 2 3 3 
q 16 0 4 0 5 0 6 0 7 1 4 1 5 1 6 1 7 2 4 2 5 2 6 2 7 3 4 3 5 3 6 3 7 
q 4 0 4 0 5 1 4 1 5 
q 4 0 6 0 7 1 6 1 7 
q 4 2 4 2 5 3 4 3 5 
q 1 2 4 
q 1 2 5 
#c 2 5 green
# searchh
q 1 1 5 
#c 1 5 green
# found/all 2 152
q 1 2 6 
q 1 3 5 
#c 3 5 green
# found/all 3 152
q 1 0 5 
q 1 1 4 
q 1 1 6 
#c 1 6 green
# found/all 4 152
q 1 3 4 
q 1 3 6 
#c 3 6 green
# found/all 5 152
q 1 4 5 
#c 4 5 green
# found/all 6 152
q 1 0 6 
q 1 1 7 
q 1 3 7 
#c 3 7 green
# found/all 7 152
q 1 4 6 
q 1 4 4 
q 1 5 5 
q 1 2 7 
q 1 3 8 
#c 3 8 green
# found/all 9 152
q 1 4 7 
q 1 2 8 
#c 2 8 green
# found/all 10 152
q 1 3 9 
#c 3 9 green
# found/all 11 152
q 1 4 8 
#c 4 8 green
# found/all 14 152
q 1 1 8 
q 1 2 9 
#c 2 9 green
# found/all 15 152
q 1 3 10 
#c 3 10 green
# found/all 16 152
q 1 4 9 
#c 4 9 green
# found/all 18 152
q 1 5 8 
#c 5 8 green
# found/all 21 152
q 1 1 9 
q 1 2 10 
q 1 3 11 
#c 3 11 green
# found/all 22 152
q 1 4 10 
#c 4 10 green
# found/all 23 152
q 1 5 9 
#c 5 9 green
# found/all 25 152
q 1 5 7 
#c 5 7 green
# found/all 28 152
q 1 6 8 
#c 6 8 green
# found/all 31 152
q 1 2 11 
#c 2 11 green
# found/all 32 152
q 1 3 12 
q 1 4 11 
q 1 5 10 
#c 5 10 green
# found/all 33 152
q 1 6 9 
#c 6 9 green
# found/all 35 152
q 1 5 6 
#c 5 6 green
# found/all 37 152
q 1 6 7 
#c 6 7 green
# found/all 39 152
q 1 7 8 
q 1 1 11 
q 1 2 12 
#c 2 12 green
# found/all 40 152
q 1 5 11 
q 1 6 10 
q 1 7 9 
q 1 6 6 
#c 6 6 green
# found/all 41 152
q 1 7 7 
q 1 1 12 
q 1 2 13 
#c 2 13 green
# found/all 42 152
q 1 6 5 
#c 6 5 green
# found/all 43 152
q 1 7 6 
#c 7 6 green
# found/all 44 152
q 1 1 13 
#c 1 13 green
# found/all 45 152
q 1 2 14 
#c 2 14 green
# found/all 46 152
q 1 3 13 
#c 3 13 green
# found/all 48 152
q 1 6 4 
q 1 7 5 
q 1 8 6 
#c 8 6 green
# found/all 49 152
q 1 0 13 
#c 0 13 green
# found/all 50 152
q 1 1 14 
q 1 2 15 
q 1 3 14 
#c 3 14 green
# found/all 51 152
q 1 4 13 
#c 4 13 green
# found/all 53 152
q 1 8 5 
q 1 8 7 
q 1 9 6 
q 1 0 12 
q 1 0 14 
q 1 3 15 
#c 3 15 green
# found/all 54 152
q 1 4 14 
#c 4 14 green
# found/all 56 152
q 1 4 12 
#c 4 12 green
# found/all 57 152
q 1 5 13 
#c 5 13 green
# found/all 59 152
q 1 3 16 
q 1 4 15 
q 1 5 14 
#c 5 14 green
# found/all 60 152
q 1 5 12 
#c 5 12 green
# found/all 61 152
q 1 6 13 
q 1 5 15 
q 1 6 14 
q 1 6 12 
# SUM >= 2
q 16 0 8 0 9 0 10 0 11 1 8 1 9 1 10 1 11 2 8 2 9 2 10 2 11 3 8 3 9 3 10 3 11 
q 4 0 8 0 9 1 8 1 9 
q 4 0 10 0 11 1 10 1 11 
# SUM >= 2
q 16 0 12 0 13 0 14 0 15 1 12 1 13 1 14 1 15 2 12 2 13 2 14 2 15 3 12 3 13 3 14 3 15 
# SUM >= 2
# SUM >= 2
q 8 0 16 0 17 1 16 1 17 2 16 2 17 3 16 3 17 
q 16 4 0 4 1 4 2 4 3 5 0 5 1 5 2 5 3 6 0 6 1 6 2 6 3 7 0 7 1 7 2 7 3 
q 16 4 4 4 5 4 6 4 7 5 4 5 5 5 6 5 7 6 4 6 5 6 6 6 7 7 4 7 5 7 6 7 7 
q 4 4 4 4 5 5 4 5 5 
q 1 5 4 
# SUM >= 2
q 4 6 4 6 5 7 4 7 5 
# SUM >= 2
q 16 4 8 4 9 4 10 4 11 5 8 5 9 5 10 5 11 6 8 6 9 6 10 6 11 7 8 7 9 7 10 7 11 
# SUM >= 2
# SUM >= 2
q 16 4 12 4 13 4 14 4 15 5 12 5 13 5 14 5 15 6 12 6 13 6 14 6 15 7 12 7 13 7 14 7 15 
# SUM >= 2
q 4 6 12 6 13 7 12 7 13 
q 1 7 12 
q 1 7 13 
q 4 6 14 6 15 7 14 7 15 
q 8 4 16 4 17 5 16 5 17 6 16 6 17 7 16 7 17 
q 16 8 0 8 1 8 2 8 3 9 0 9 1 9 2 9 3 10 0 10 1 10 2 10 3 11 0 11 1 11 2 11 3 
q 4 8 0 8 1 9 0 9 1 
q 4 8 2 8 3 9 2 9 3 
q 4 10 0 10 1 11 0 11 1 
q 4 10 2 10 3 11 2 11 3 
q 16 8 4 8 5 8 6 8 7 9 4 9 5 9 6 9 7 10 4 10 5 10 6 10 7 11 4 11 5 11 6 11 7 
q 4 8 4 8 5 9 4 9 5 
q 4 8 6 8 7 9 6 9 7 
q 4 10 4 10 5 11 4 11 5 
q 4 10 6 10 7 11 6 11 7 
q 1 10 6 
q 1 10 7 
#c 10 7 green
# searchh
q 1 9 7 
q 1 10 8 
#c 10 8 green
# found/all 63 152
q 1 11 7 
#c 11 7 green
# found/all 64 152
q 1 9 8 
q 1 10 9 
q 1 11 8 
#c 11 8 green
# found/all 66 152
q 1 11 6 
q 1 12 7 
#c 12 7 green
# found/all 67 152
q 1 11 9 
#c 11 9 green
# found/all 68 152
q 1 12 8 
#c 12 8 green
# found/all 70 152
q 1 12 6 
#c 12 6 green
# found/all 71 152
q 1 13 7 
q 1 11 10 
#c 11 10 green
# found/all 74 152
q 1 12 9 
#c 12 9 green
# found/all 76 152
q 1 13 8 
#c 13 8 green
# found/all 79 152
q 1 12 5 
#c 12 5 green
# found/all 80 152
q 1 13 6 
#c 13 6 green
# found/all 82 152
q 1 10 10 
q 1 11 11 
#c 11 11 green
# found/all 84 152
q 1 12 10 
#c 12 10 green
# found/all 87 152
q 1 13 9 
#c 13 9 green
# found/all 88 152
q 1 14 8 
#c 14 8 green
# found/all 90 152
q 1 11 5 
q 1 12 4 
q 1 13 5 
#c 13 5 green
# found/all 91 152
q 1 14 6 
#c 14 6 green
# found/all 93 152
q 1 10 11 
#c 10 11 green
# found/all 94 152
q 1 11 12 
#c 11 12 green
# found/all 95 152
q 1 12 11 
#c 12 11 green
# found/all 97 152
q 1 13 10 
#c 13 10 green
# found/all 100 152
q 1 14 9 
#c 14 9 green
# found/all 101 152
q 1 14 7 
#c 14 7 green
# found/all 102 152
q 1 15 8 
#c 15 8 green
# found/all 103 152
q 1 13 4 
q 1 14 5 
#c 14 5 green
# found/all 104 152
q 1 15 6 
#c 15 6 green
# found/all 105 152
q 1 9 11 
q 1 10 12 
#c 10 12 green
# found/all 107 152
q 1 11 13 
q 1 12 12 
q 1 13 11 
#c 13 11 green
# found/all 110 152
q 1 14 10 
q 1 15 9 
q 1 15 7 
q 1 16 8 
#c 16 8 green
# found/all 112 152
q 1 14 4 
q 1 15 5 
#c 15 5 green
# found/all 113 152
q 1 16 6 
q 1 9 12 
q 1 10 13 
#c 10 13 green
# found/all 114 152
q 1 13 12 
#c 13 12 green
# found/all 117 152
q 1 14 11 
#c 14 11 green
# found/all 118 152
q 1 16 7 
q 1 16 9 
#c 16 9 green
# found/all 119 152
q 1 17 8 
q 1 15 4 
#c 15 4 green
# found/all 120 152
q 1 16 5 
q 1 9 13 
#c 9 13 green
# found/all 121 152
q 1 10 14 
#c 10 14 green
# found/all 122 152
q 1 13 13 
q 1 14 12 
#c 14 12 green
# found/all 123 152
q 1 15 11 
#c 15 11 green
# found/all 124 152
q 1 16 10 
#c 16 10 green
# found/all 125 152
q 1 17 9 
q 1 15 3 
#c 15 3 green
# found/all 126 152
q 1 16 4 
q 1 8 13 
q 1 9 14 
#c 9 14 green
# found/all 127 152
q 1 10 15 
#c 10 15 green
# found/all 128 152
q 1 11 14 
#c 11 14 green
# found/all 129 152
q 1 14 13 
q 1 15 12 
q 1 15 10 
#c 15 10 green
# found/all 130 152
q 1 16 11 
q 1 17 10 
#c 17 10 green
# found/all 131 152
q 1 14 3 
q 1 15 2 
q 1 16 3 
q 1 8 14 
#c 8 14 green
# found/all 132 152
q 1 9 15 
#c 9 15 green
# found/all 133 152
q 1 10 16 
q 1 11 15 
q 1 12 14 
q 1 17 11 
#c 17 11 green
# found/all 134 152
q 1 7 14 
#c 7 14 green
# found/all 135 152
q 1 8 15 
#c 8 15 green
# found/all 136 152
q 1 9 16 
q 1 17 12 
q 1 7 15 
q 1 8 16 
q 16 8 8 8 9 8 10 8 11 9 8 9 9 9 10 9 11 10 8 10 9 10 10 10 11 11 8 11 9 11 10 11 11 
q 4 8 8 8 9 9 8 9 9 
q 1 8 8 
q 1 8 9 
q 1 9 9 
q 4 8 10 8 11 9 10 9 11 
# SUM >= 2
q 16 8 12 8 13 8 14 8 15 9 12 9 13 9 14 9 15 10 12 10 13 10 14 10 15 11 12 11 13 11 14 11 15 
q 4 8 12 8 13 9 12 9 13 
q 1 8 12 
# SUM >= 2
# SUM >= 2
q 8 8 16 8 17 9 16 9 17 10 16 10 17 11 16 11 17 
q 16 12 0 12 1 12 2 12 3 13 0 13 1 13 2 13 3 14 0 14 1 14 2 14 3 15 0 15 1 15 2 15 3 
q 4 12 0 12 1 13 0 13 1 
q 4 12 2 12 3 13 2 13 3 
q 4 14 0 14 1 15 0 15 1 
q 4 14 2 14 3 15 2 15 3 
q 16 12 4 12 5 12 6 12 7 13 4 13 5 13 6 13 7 14 4 14 5 14 6 14 7 15 4 15 5 15 6 15 7 
# SUM >= 2
# SUM >= 2
q 16 12 8 12 9 12 10 12 11 13 8 13 9 13 10 13 11 14 8 14 9 14 10 14 11 15 8 15 9 15 10 15 11 
# SUM >= 2
# SUM >= 2
q 16 12 12 12 13 12 14 12 15 13 12 13 13 13 14 13 15 14 12 14 13 14 14 14 15 15 12 15 13 15 14 15 15 
q 4 12 12 12 13 13 12 13 13 
q 1 12 13 
q 4 12 14 12 15 13 14 13 15 
q 1 12 15 
q 1 13 14 
q 1 13 15 
#c 13 15 green
# searchh
q 1 13 16 
#c 13 16 green
# found/all 138 152
q 1 14 15 
#c 14 15 green
# found/all 139 152
q 1 12 16 
q 1 13 17 
#c 13 17 green
# found/all 140 152
q 1 14 16 
#c 14 16 green
# found/all 142 152
q 1 14 14 
q 1 15 15 
q 1 12 17 
#c 12 17 green
# found/all 143 152
q 1 14 17 
#c 14 17 green
# found/all 144 152
q 1 15 16 
#c 15 16 green
# found/all 146 152
q 1 11 17 
q 1 15 17 
#c 15 17 green
# found/all 148 152
q 1 16 16 
#c 16 16 green
# found/all 150 152
q 1 16 17 
q 1 16 15 
#c 16 15 green
# found/all 151 152
q 1 17 16 
#c 17 16 green
# found/all 152 152
a 108 2 5 1 5 3 5 1 6 3 6 4 5 3 7 3 8 2 8 3 9 4 8 2 9 3 10 4 9 5 8 3 11 4 10 5 9 5 7 6 8 2 11 5 10 6 9 5 6 6 7 2 12 6 6 2 13 6 5 7 6 1 13 2 14 3 13 8 6 0 13 3 14 4 13 3 15 4 14 4 12 5 13 5 14 5 12 10 7 10 8 11 7 11 8 12 7 11 9 12 8 12 6 11 10 12 9 13 8 12 5 13 6 11 11 12 10 13 9 14 8 13 5 14 6 10 11 11 12 12 11 13 10 14 9 14 7 15 8 14 5 15 6 10 12 13 11 16 8 15 5 10 13 13 12 14 11 16 9 15 4 9 13 10 14 14 12 15 11 16 10 15 3 9 14 10 15 11 14 15 10 17 10 8 14 9 15 17 11 7 14 8 15 13 15 13 16 14 15 13 17 14 16 12 17 14 17 15 16 15 17 16 16 16 15 17 16 
