# [[0, 0], [1, 0], [2, 0], [3, 0]]
# [[0, 1], [0, 2], [1, 0], [1, 1]]
# [[0, 0], [1, 0], [1, 1], [2, 1]]
# [[0, 0], [0, 1], [1, 1], [2, 1]]
# [[0, 0], [1, 0], [1, 1], [2, 1]]
# [[0, 0], [0, 1], [1, 0], [2, 0]]
# [[0, 1], [1, 0], [1, 1], [1, 2]]
# [[0, 0], [0, 1], [1, 0], [1, 1]]
# [[0, 1], [1, 0], [1, 1], [2, 0]]
# [[0, 0], [0, 1], [1, 0], [1, 1]]
# [[0, 0], [0, 1], [1, 0], [2, 0]]
# [[0, 1], [1, 0], [1, 1], [1, 2]]
# [[0, 0], [0, 1], [1, 0], [2, 0]]
# [[0, 1], [0, 2], [1, 0], [1, 1]]
# [[0, 0], [1, 0], [2, 0], [3, 0]]
# [[0, 0], [0, 1], [0, 2], [1, 2]]
# [[0, 0], [0, 1], [1, 1], [2, 1]]
# [[0, 0], [0, 1], [0, 2], [1, 1]]
q 16 0 0 0 1 0 2 0 3 1 0 1 1 1 2 1 3 2 0 2 1 2 2 2 3 3 0 3 1 3 2 3 3 
q 4 0 0 0 1 1 0 1 1 
q 4 0 2 0 3 1 2 1 3 
q 4 2 0 2 1 3 0 3 1 
q 4 2 2 2 3 3 2 3 3 
q 16 0 4 0 5 0 6 0 7 1 4 1 5 1 6 1 7 2 4 2 5 2 6 2 7 3 4 3 5 3 6 3 7 
q 4 0 4 0 5 1 4 1 5 
q 4 0 6 0 7 1 6 1 7 
q 4 2 4 2 5 3 4 3 5 
q 4 2 6 2 7 3 6 3 7 
q 16 0 8 0 9 0 10 0 11 1 8 1 9 1 10 1 11 2 8 2 9 2 10 2 11 3 8 3 9 3 10 3 11 
q 16 0 12 0 13 0 14 0 15 1 12 1 13 1 14 1 15 2 12 2 13 2 14 2 15 3 12 3 13 3 14 3 15 
q 4 0 12 0 13 1 12 1 13 
q 1 0 12 
#c 0 12 green
# searchh
q 1 0 11 
#c 0 11 green
# found/all 2 72
q 1 0 13 
q 1 1 12 
#c 1 12 green
# found/all 3 72
q 1 0 10 
q 1 1 11 
q 1 1 13 
q 1 2 12 
#c 2 12 green
# found/all 4 72
q 1 2 11 
q 1 2 13 
q 1 3 12 
q 4 0 14 0 15 1 14 1 15 
q 4 2 12 2 13 3 12 3 13 
q 4 2 14 2 15 3 14 3 15 
q 1 2 14 
#c 2 14 green
# searchh
q 1 1 14 
#c 1 14 green
# found/all 6 72
q 1 2 15 
q 1 3 14 
#c 3 14 green
# found/all 7 72
q 1 0 14 
q 1 1 15 
q 1 3 13 
#c 3 13 green
# found/all 8 72
q 1 3 15 
q 1 4 14 
#c 4 14 green
# found/all 10 72
q 1 4 13 
#c 4 13 green
# found/all 11 72
q 1 4 15 
#c 4 15 green
# found/all 12 72
q 1 5 14 
#c 5 14 green
# found/all 13 72
q 1 4 12 
q 1 5 13 
#c 5 13 green
# found/all 14 72
q 1 4 16 
q 1 5 15 
#c 5 15 green
# found/all 15 72
q 1 6 14 
#c 6 14 green
# found/all 16 72
q 1 5 12 
q 1 6 13 
#c 6 13 green
# found/all 17 72
q 1 5 16 
#c 5 16 green
# found/all 18 72
q 1 6 15 
#c 6 15 green
# found/all 19 72
q 1 7 14 
#c 7 14 green
# found/all 20 72
q 1 6 12 
q 1 7 13 
q 1 5 17 
#c 5 17 green
# found/all 21 72
q 1 6 16 
#c 6 16 green
# found/all 22 72
q 1 7 15 
#c 7 15 green
# found/all 23 72
q 1 8 14 
q 1 4 17 
q 1 5 18 
q 1 6 17 
#c 6 17 green
# found/all 24 72
q 1 7 16 
q 1 8 15 
q 1 6 18 
q 1 7 17 
q 12 0 16 0 17 0 18 1 16 1 17 1 18 2 16 2 17 2 18 3 16 3 17 3 18 
q 16 4 0 4 1 4 2 4 3 5 0 5 1 5 2 5 3 6 0 6 1 6 2 6 3 7 0 7 1 7 2 7 3 
q 4 4 0 4 1 5 0 5 1 
q 4 4 2 4 3 5 2 5 3 
q 4 6 0 6 1 7 0 7 1 
q 1 6 0 
#c 6 0 green
# searchh
q 1 5 0 
q 1 6 1 
#c 6 1 green
# found/all 27 72
q 1 7 0 
q 1 5 1 
q 1 6 2 
#c 6 2 green
# found/all 28 72
q 1 7 1 
#c 7 1 green
# found/all 30 72
q 1 5 2 
q 1 6 3 
q 1 7 2 
#c 7 2 green
# found/all 31 72
q 1 8 1 
#c 8 1 green
# found/all 32 72
q 1 7 3 
q 1 8 2 
q 1 8 0 
q 1 9 1 
# SUM >= 2
q 16 4 4 4 5 4 6 4 7 5 4 5 5 5 6 5 7 6 4 6 5 6 6 6 7 7 4 7 5 7 6 7 7 
q 4 4 4 4 5 5 4 5 5 
q 1 4 4 
q 1 4 5 
q 1 5 4 
q 1 5 5 
q 4 4 6 4 7 5 6 5 7 
q 4 6 4 6 5 7 4 7 5 
q 4 6 6 6 7 7 6 7 7 
q 16 4 8 4 9 4 10 4 11 5 8 5 9 5 10 5 11 6 8 6 9 6 10 6 11 7 8 7 9 7 10 7 11 
q 4 4 8 4 9 5 8 5 9 
q 4 4 10 4 11 5 10 5 11 
q 1 4 10 
q 1 4 11 
q 1 5 10 
#c 5 10 green
# searchh
q 1 5 9 
q 1 5 11 
#c 5 11 green
# found/all 34 72
q 1 6 10 
#c 6 10 green
# found/all 35 72
q 1 6 11 
q 1 6 9 
#c 6 9 green
# found/all 36 72
q 1 7 10 
q 1 6 8 
q 1 7 9 
q 4 6 8 6 9 7 8 7 9 
q 1 7 8 
q 4 6 10 6 11 7 10 7 11 
q 16 4 12 4 13 4 14 4 15 5 12 5 13 5 14 5 15 6 12 6 13 6 14 6 15 7 12 7 13 7 14 7 15 
# SUM >= 2
q 4 6 12 6 13 7 12 7 13 
q 1 7 12 
# SUM >= 2
q 12 4 16 4 17 4 18 5 16 5 17 5 18 6 16 6 17 6 18 7 16 7 17 7 18 
# SUM >= 2
# SUM >= 2
q 16 8 0 8 1 8 2 8 3 9 0 9 1 9 2 9 3 10 0 10 1 10 2 10 3 11 0 11 1 11 2 11 3 
q 4 8 0 8 1 9 0 9 1 
q 4 8 2 8 3 9 2 9 3 
q 4 10 0 10 1 11 0 11 1 
q 4 10 2 10 3 11 2 11 3 
q 16 8 4 8 5 8 6 8 7 9 4 9 5 9 6 9 7 10 4 10 5 10 6 10 7 11 4 11 5 11 6 11 7 
q 16 8 8 8 9 8 10 8 11 9 8 9 9 9 10 9 11 10 8 10 9 10 10 10 11 11 8 11 9 11 10 11 11 
q 16 8 12 8 13 8 14 8 15 9 12 9 13 9 14 9 15 10 12 10 13 10 14 10 15 11 12 11 13 11 14 11 15 
q 4 8 12 8 13 9 12 9 13 
q 1 8 12 
#c 8 12 green
# searchh
q 1 8 11 
q 1 8 13 
#c 8 13 green
# found/all 38 72
q 1 9 12 
#c 9 12 green
# found/all 39 72
q 1 9 13 
q 1 9 11 
q 1 10 12 
#c 10 12 green
# found/all 40 72
q 1 10 11 
q 1 10 13 
q 1 11 12 
#c 11 12 green
# found/all 41 72
q 1 11 11 
q 1 11 13 
#c 11 13 green
# found/all 42 72
q 1 12 12 
q 1 11 14 
#c 11 14 green
# found/all 43 72
q 1 12 13 
q 1 10 14 
q 1 11 15 
q 1 12 14 
#c 12 14 green
# found/all 44 72
q 1 12 15 
q 1 13 14 
q 4 8 14 8 15 9 14 9 15 
# SUM >= 2
q 12 8 16 8 17 8 18 9 16 9 17 9 18 10 16 10 17 10 18 11 16 11 17 11 18 
q 16 12 0 12 1 12 2 12 3 13 0 13 1 13 2 13 3 14 0 14 1 14 2 14 3 15 0 15 1 15 2 15 3 
q 4 12 0 12 1 13 0 13 1 
q 4 12 2 12 3 13 2 13 3 
q 4 14 0 14 1 15 0 15 1 
q 4 14 2 14 3 15 2 15 3 
q 16 12 4 12 5 12 6 12 7 13 4 13 5 13 6 13 7 14 4 14 5 14 6 14 7 15 4 15 5 15 6 15 7 
q 4 12 4 12 5 13 4 13 5 
q 1 12 4 
q 1 12 5 
#c 12 5 green
# searchh
q 1 11 5 
q 1 12 6 
q 1 13 5 
#c 13 5 green
# found/all 46 72
q 1 13 4 
#c 13 4 green
# found/all 47 72
q 1 13 6 
#c 13 6 green
# found/all 48 72
q 1 14 5 
q 1 13 3 
q 1 14 4 
q 1 13 7 
q 1 14 6 
#c 14 6 green
# found/all 49 72
q 1 14 7 
#c 14 7 green
# found/all 50 72
q 1 15 6 
q 1 14 8 
#c 14 8 green
# found/all 51 72
q 1 15 7 
#c 15 7 green
# found/all 52 72
q 1 13 8 
q 1 14 9 
q 1 15 8 
q 1 16 7 
q 4 12 6 12 7 13 6 13 7 
q 4 14 4 14 5 15 4 15 5 
# SUM >= 2
q 16 12 8 12 9 12 10 12 11 13 8 13 9 13 10 13 11 14 8 14 9 14 10 14 11 15 8 15 9 15 10 15 11 
q 4 12 8 12 9 13 8 13 9 
q 4 12 10 12 11 13 10 13 11 
q 1 12 10 
q 1 12 11 
#c 12 11 green
# searchh
q 1 13 11 
#c 13 11 green
# found/all 54 72
q 1 13 10 
#c 13 10 green
# found/all 55 72
q 1 13 12 
#c 13 12 green
# found/all 56 72
q 1 14 11 
q 1 13 9 
q 1 14 10 
q 1 13 13 
q 1 14 12 
q 4 14 8 14 9 15 8 15 9 
q 1 15 9 
q 4 14 10 14 11 15 10 15 11 
q 16 12 12 12 13 12 14 12 15 13 12 13 13 13 14 13 15 14 12 14 13 14 14 14 15 15 12 15 13 15 14 15 15 
q 4 12 12 12 13 13 12 13 13 
q 4 12 14 12 15 13 14 13 15 
q 1 13 15 
q 4 14 12 14 13 15 12 15 13 
q 1 14 13 
q 1 15 12 
q 1 15 13 
#c 15 13 green
# searchh
q 1 15 14 
#c 15 14 green
# found/all 58 72
q 1 16 13 
#c 16 13 green
# found/all 59 72
q 1 14 14 
q 1 15 15 
q 1 16 14 
q 1 16 12 
#c 16 12 green
# found/all 61 72
q 1 17 13 
q 1 16 11 
#c 16 11 green
# found/all 62 72
q 1 17 12 
q 1 15 11 
q 1 16 10 
q 1 17 11 
#c 17 11 green
# found/all 63 72
q 1 17 10 
q 1 18 11 
#c 18 11 green
# found/all 64 72
q 1 18 10 
q 1 18 12 
q 4 14 14 14 15 15 14 15 15 
q 12 12 16 12 17 12 18 13 16 13 17 13 18 14 16 14 17 14 18 15 16 15 17 15 18 
q 12 16 0 16 1 16 2 16 3 17 0 17 1 17 2 17 3 18 0 18 1 18 2 18 3 
q 12 16 4 16 5 16 6 16 7 17 4 17 5 17 6 17 7 18 4 18 5 18 6 18 7 
q 4 16 4 16 5 17 4 17 5 
q 4 16 6 16 7 17 6 17 7 
q 2 18 4 18 5 
q 2 18 6 18 7 
q 12 16 8 16 9 16 10 16 11 17 8 17 9 17 10 17 11 18 8 18 9 18 10 18 11 
q 4 16 8 16 9 17 8 17 9 
# SUM >= 2
q 2 18 8 18 9 
q 2 18 10 18 11 
q 12 16 12 16 13 16 14 16 15 17 12 17 13 17 14 17 15 18 12 18 13 18 14 18 15 
# SUM >= 2
q 2 18 12 18 13 
q 2 18 14 18 15 
q 9 16 16 16 17 16 18 17 16 17 17 17 18 18 16 18 17 18 18 
# ==================================
# found/all 64 72
# ==================================
q 16 0 0 0 1 0 2 0 3 1 0 1 1 1 2 1 3 2 0 2 1 2 2 2 3 3 0 3 1 3 2 3 3 
q 4 0 0 0 1 1 0 1 1 
q 1 0 0 
q 1 0 1 
q 1 1 0 
q 1 1 1 
q 4 0 2 0 3 1 2 1 3 
q 1 0 2 
q 1 0 3 
q 1 1 2 
q 1 1 3 
q 4 2 0 2 1 3 0 3 1 
q 4 2 2 2 3 3 2 3 3 
q 1 2 2 
q 1 2 3 
q 1 3 2 
q 1 3 3 
q 16 0 4 0 5 0 6 0 7 1 4 1 5 1 6 1 7 2 4 2 5 2 6 2 7 3 4 3 5 3 6 3 7 
q 4 0 4 0 5 1 4 1 5 
q 4 0 6 0 7 1 6 1 7 
q 1 0 6 
q 1 0 7 
q 1 1 6 
q 1 1 7 
#c 1 7 green
# searchh
q 1 1 8 
#c 1 8 green
# found/all 66 72
q 1 2 7 
#c 2 7 green
# found/all 67 72
q 1 0 8 
q 1 1 9 
q 1 2 8 
q 1 2 6 
q 1 3 7 
#c 3 7 green
# found/all 68 72
q 1 3 6 
q 1 3 8 
q 1 4 7 
q 4 2 4 2 5 3 4 3 5 
# SUM >= 2
q 16 0 8 0 9 0 10 0 11 1 8 1 9 1 10 1 11 2 8 2 9 2 10 2 11 3 8 3 9 3 10 3 11 
q 4 0 8 0 9 1 8 1 9 
q 1 0 9 
q 4 0 10 0 11 1 10 1 11 
q 1 1 10 
q 4 2 8 2 9 3 8 3 9 
q 1 2 9 
q 1 3 9 
q 4 2 10 2 11 3 10 3 11 
q 1 2 10 
q 1 3 10 
q 1 3 11 
q 16 0 12 0 13 0 14 0 15 1 12 1 13 1 14 1 15 2 12 2 13 2 14 2 15 3 12 3 13 3 14 3 15 
# SUM >= 2
# SUM >= 2
q 12 0 16 0 17 0 18 1 16 1 17 1 18 2 16 2 17 2 18 3 16 3 17 3 18 
q 16 4 0 4 1 4 2 4 3 5 0 5 1 5 2 5 3 6 0 6 1 6 2 6 3 7 0 7 1 7 2 7 3 
q 4 4 0 4 1 5 0 5 1 
q 1 4 0 
q 1 4 1 
q 4 4 2 4 3 5 2 5 3 
# SUM >= 2
q 16 4 4 4 5 4 6 4 7 5 4 5 5 5 6 5 7 6 4 6 5 6 6 6 7 7 4 7 5 7 6 7 7 
q 4 4 4 4 5 5 4 5 5 
q 4 4 6 4 7 5 6 5 7 
q 4 6 4 6 5 7 4 7 5 
q 4 6 6 6 7 7 6 7 7 
q 1 6 6 
q 1 6 7 
q 1 7 6 
q 1 7 7 
q 16 4 8 4 9 4 10 4 11 5 8 5 9 5 10 5 11 6 8 6 9 6 10 6 11 7 8 7 9 7 10 7 11 
q 4 4 8 4 9 5 8 5 9 
# SUM >= 2
q 4 6 8 6 9 7 8 7 9 
q 4 6 10 6 11 7 10 7 11 
q 1 7 11 
q 16 4 12 4 13 4 14 4 15 5 12 5 13 5 14 5 15 6 12 6 13 6 14 6 15 7 12 7 13 7 14 7 15 
# SUM >= 2
q 4 6 12 6 13 7 12 7 13 
# SUM >= 2
q 12 4 16 4 17 4 18 5 16 5 17 5 18 6 16 6 17 6 18 7 16 7 17 7 18 
# SUM >= 2
# SUM >= 2
q 16 8 0 8 1 8 2 8 3 9 0 9 1 9 2 9 3 10 0 10 1 10 2 10 3 11 0 11 1 11 2 11 3 
q 4 8 0 8 1 9 0 9 1 
q 1 9 0 
q 4 8 2 8 3 9 2 9 3 
q 4 10 0 10 1 11 0 11 1 
q 1 10 0 
q 1 10 1 
q 1 11 0 
q 1 11 1 
q 4 10 2 10 3 11 2 11 3 
q 16 8 4 8 5 8 6 8 7 9 4 9 5 9 6 9 7 10 4 10 5 10 6 10 7 11 4 11 5 11 6 11 7 
q 16 8 8 8 9 8 10 8 11 9 8 9 9 9 10 9 11 10 8 10 9 10 10 10 11 11 8 11 9 11 10 11 11 
q 4 8 8 8 9 9 8 9 9 
q 1 8 8 
q 1 8 9 
q 1 9 8 
q 1 9 9 
q 4 8 10 8 11 9 10 9 11 
q 1 8 10 
q 1 9 10 
q 4 10 8 10 9 11 8 11 9 
q 1 10 8 
q 1 10 9 
q 1 11 8 
q 1 11 9 
q 4 10 10 10 11 11 10 11 11 
q 16 8 12 8 13 8 14 8 15 9 12 9 13 9 14 9 15 10 12 10 13 10 14 10 15 11 12 11 13 11 14 11 15 
# SUM >= 2
# SUM >= 2
q 12 8 16 8 17 8 18 9 16 9 17 9 18 10 16 10 17 10 18 11 16 11 17 11 18 
q 4 8 16 8 17 9 16 9 17 
q 2 8 18 9 18 
q 4 10 16 10 17 11 16 11 17 
q 2 10 18 11 18 
q 1 10 18 
q 1 11 18 
q 16 12 0 12 1 12 2 12 3 13 0 13 1 13 2 13 3 14 0 14 1 14 2 14 3 15 0 15 1 15 2 15 3 
q 4 12 0 12 1 13 0 13 1 
q 4 12 2 12 3 13 2 13 3 
q 1 12 2 
q 1 12 3 
q 1 13 2 
q 4 14 0 14 1 15 0 15 1 
q 4 14 2 14 3 15 2 15 3 
q 16 12 4 12 5 12 6 12 7 13 4 13 5 13 6 13 7 14 4 14 5 14 6 14 7 15 4 15 5 15 6 15 7 
# SUM >= 2
q 4 14 4 14 5 15 4 15 5 
# SUM >= 2
q 16 12 8 12 9 12 10 12 11 13 8 13 9 13 10 13 11 14 8 14 9 14 10 14 11 15 8 15 9 15 10 15 11 
q 4 12 8 12 9 13 8 13 9 
q 1 12 8 
q 1 12 9 
# SUM >= 2
q 4 14 8 14 9 15 8 15 9 
q 4 14 10 14 11 15 10 15 11 
q 1 15 10 
q 16 12 12 12 13 12 14 12 15 13 12 13 13 13 14 13 15 14 12 14 13 14 14 14 15 15 12 15 13 15 14 15 15 
q 4 12 12 12 13 13 12 13 13 
q 4 12 14 12 15 13 14 13 15 
q 4 14 12 14 13 15 12 15 13 
q 4 14 14 14 15 15 14 15 15 
q 1 14 15 
q 12 12 16 12 17 12 18 13 16 13 17 13 18 14 16 14 17 14 18 15 16 15 17 15 18 
q 12 16 0 16 1 16 2 16 3 17 0 17 1 17 2 17 3 18 0 18 1 18 2 18 3 
q 12 16 4 16 5 16 6 16 7 17 4 17 5 17 6 17 7 18 4 18 5 18 6 18 7 
q 4 16 4 16 5 17 4 17 5 
q 1 16 4 
q 1 16 5 
q 1 17 4 
q 1 17 5 
q 4 16 6 16 7 17 6 17 7 
q 2 18 4 18 5 
q 2 18 6 18 7 
q 12 16 8 16 9 16 10 16 11 17 8 17 9 17 10 17 11 18 8 18 9 18 10 18 11 
q 4 16 8 16 9 17 8 17 9 
q 1 16 8 
q 1 16 9 
q 1 17 8 
q 1 17 9 
# SUM >= 2
q 2 18 8 18 9 
q 2 18 10 18 11 
q 12 16 12 16 13 16 14 16 15 17 12 17 13 17 14 17 15 18 12 18 13 18 14 18 15 
# SUM >= 2
q 2 18 12 18 13 
q 1 18 13 
q 2 18 14 18 15 
q 1 18 14 
#c 18 14 green
# searchh
q 1 17 14 
#c 17 14 green
# found/all 70 72
q 1 18 15 
q 1 17 15 
#c 17 15 green
# found/all 71 72
q 1 16 15 
#c 16 15 green
# found/all 72 72
a 68 0 12 0 11 1 12 2 12 2 14 1 14 3 14 3 13 4 14 4 13 4 15 5 14 5 13 5 15 6 14 6 13 5 16 6 15 7 14 5 17 6 16 7 15 6 17 6 0 6 1 6 2 7 1 7 2 8 1 5 10 5 11 6 10 6 9 8 12 8 13 9 12 10 12 11 12 11 13 11 14 12 14 12 5 13 5 13 4 13 6 14 6 14 7 14 8 15 7 12 11 13 11 13 10 13 12 15 13 15 14 16 13 16 12 16 11 17 11 18 11 1 7 1 8 2 7 3 7 18 14 17 14 17 15 16 15 
