# [[0, 0], [0, 1], [1, 0], [1, 1], [1, 2], [1, 3], [2, 0], [2, 3]]
# [[0, 0], [0, 1], [1, 0], [1, 1], [1, 2], [2, 1], [2, 2], [2, 3]]
# [[0, 3], [1, 1], [1, 2], [1, 3], [2, 0], [2, 1], [3, 1], [3, 2]]
# [[0, 3], [1, 0], [1, 1], [1, 2], [1, 3], [1, 4], [1, 5], [2, 0]]
# [[0, 1], [0, 2], [0, 3], [1, 0], [1, 1], [1, 2], [2, 2], [2, 3]]
# [[0, 1], [1, 1], [1, 2], [2, 0], [2, 1], [2, 2], [3, 0], [3, 1]]
# [[0, 1], [1, 0], [1, 1], [1, 2], [1, 3], [1, 4], [2, 3], [3, 3]]
q 16 0 0 0 1 0 2 0 3 1 0 1 1 1 2 1 3 2 0 2 1 2 2 2 3 3 0 3 1 3 2 3 3 
q 16 0 4 0 5 0 6 0 7 1 4 1 5 1 6 1 7 2 4 2 5 2 6 2 7 3 4 3 5 3 6 3 7 
q 16 0 8 0 9 0 10 0 11 1 8 1 9 1 10 1 11 2 8 2 9 2 10 2 11 3 8 3 9 3 10 3 11 
q 4 0 8 0 9 1 8 1 9 
q 4 0 10 0 11 1 10 1 11 
q 4 2 8 2 9 3 8 3 9 
q 4 2 10 2 11 3 10 3 11 
q 4 0 12 1 12 2 12 3 12 
q 16 4 0 4 1 4 2 4 3 5 0 5 1 5 2 5 3 6 0 6 1 6 2 6 3 7 0 7 1 7 2 7 3 
q 4 4 0 4 1 5 0 5 1 
q 4 4 2 4 3 5 2 5 3 
q 4 6 0 6 1 7 0 7 1 
q 4 6 2 6 3 7 2 7 3 
q 16 4 4 4 5 4 6 4 7 5 4 5 5 5 6 5 7 6 4 6 5 6 6 6 7 7 4 7 5 7 6 7 7 
q 4 4 4 4 5 5 4 5 5 
q 4 4 6 4 7 5 6 5 7 
q 1 4 6 
q 1 4 7 
#c 4 7 green
# searchh
q 1 3 7 
q 1 4 8 
q 1 5 7 
#c 5 7 green
# found/all 3 56
q 1 5 6 
#c 5 6 green
# found/all 4 56
q 1 5 8 
#c 5 8 green
# found/all 5 56
q 1 6 7 
#c 6 7 green
# found/all 7 56
q 1 5 5 
q 1 6 6 
#c 6 6 green
# found/all 9 56
q 1 5 9 
q 1 6 8 
#c 6 8 green
# found/all 13 56
q 1 7 7 
#c 7 7 green
# found/all 16 56
q 1 6 5 
q 1 7 6 
#c 7 6 green
# found/all 20 56
q 1 6 9 
#c 6 9 green
# found/all 23 56
q 1 7 8 
#c 7 8 green
# found/all 26 56
q 1 8 7 
#c 8 7 green
# found/all 27 56
q 1 7 5 
q 1 8 6 
#c 8 6 green
# found/all 30 56
q 1 6 10 
q 1 7 9 
#c 7 9 green
# found/all 33 56
q 1 8 8 
q 1 9 7 
#c 9 7 green
# found/all 34 56
q 1 8 5 
#c 8 5 green
# found/all 36 56
q 1 9 6 
#c 9 6 green
# found/all 38 56
q 1 7 10 
#c 7 10 green
# found/all 40 56
q 1 8 9 
#c 8 9 green
# found/all 41 56
q 1 9 8 
q 1 10 7 
q 1 8 4 
#c 8 4 green
# found/all 42 56
q 1 9 5 
q 1 10 6 
#c 10 6 green
# found/all 43 56
q 1 7 11 
#c 7 11 green
# found/all 44 56
q 1 8 10 
#c 8 10 green
# found/all 45 56
q 1 9 9 
q 1 7 4 
#c 7 4 green
# found/all 46 56
q 1 8 3 
#c 8 3 green
# found/all 47 56
q 1 9 4 
q 1 10 5 
q 1 11 6 
q 1 6 11 
q 1 7 12 
q 1 8 11 
#c 8 11 green
# found/all 48 56
q 1 9 10 
q 1 6 4 
q 1 7 3 
q 1 8 2 
q 1 9 3 
q 1 8 12 
q 1 9 11 
q 4 6 4 6 5 7 4 7 5 
# SUM >= 2
q 16 4 8 4 9 4 10 4 11 5 8 5 9 5 10 5 11 6 8 6 9 6 10 6 11 7 8 7 9 7 10 7 11 
q 4 4 8 4 9 5 8 5 9 
q 4 4 10 4 11 5 10 5 11 
# SUM >= 2
q 4 4 12 5 12 6 12 7 12 
q 16 8 0 8 1 8 2 8 3 9 0 9 1 9 2 9 3 10 0 10 1 10 2 10 3 11 0 11 1 11 2 11 3 
q 16 8 4 8 5 8 6 8 7 9 4 9 5 9 6 9 7 10 4 10 5 10 6 10 7 11 4 11 5 11 6 11 7 
# SUM >= 2
q 4 10 4 10 5 11 4 11 5 
q 4 10 6 10 7 11 6 11 7 
q 1 11 7 
q 16 8 8 8 9 8 10 8 11 9 8 9 9 9 10 9 11 10 8 10 9 10 10 10 11 11 8 11 9 11 10 11 11 
q 4 8 8 8 9 9 8 9 9 
# SUM >= 2
q 4 10 8 10 9 11 8 11 9 
q 4 10 10 10 11 11 10 11 11 
q 1 10 10 
#c 10 10 green
# searchh
q 1 10 9 
q 1 10 11 
#c 10 11 green
# found/all 50 56
q 1 11 10 
#c 11 10 green
# found/all 51 56
q 1 10 12 
#c 10 12 green
# found/all 52 56
q 1 11 11 
#c 11 11 green
# found/all 53 56
q 1 11 9 
#c 11 9 green
# found/all 54 56
q 1 12 10 
q 1 9 12 
q 1 11 12 
q 1 12 11 
#c 12 11 green
# found/all 55 56
q 1 11 8 
q 1 12 9 
q 1 12 12 
#c 12 12 green
# found/all 56 56
a 34 4 7 5 7 5 6 5 8 6 7 6 6 6 8 7 7 7 6 6 9 7 8 8 7 8 6 7 9 9 7 8 5 9 6 7 10 8 9 8 4 10 6 7 11 8 10 7 4 8 3 8 11 10 10 10 11 11 10 10 12 11 11 11 9 12 11 12 12 
