# [[0, 0], [1, 0], [1, 1], [2, 0], [2, 1]]
# [[0, 1], [1, 0], [1, 1], [2, 1], [2, 2]]
# [[0, 2], [1, 1], [1, 2], [1, 3], [2, 1], [3, 0], [3, 1]]
# [[0, 1], [1, 0], [1, 1], [1, 2], [2, 2], [3, 1], [3, 2]]
# [[0, 2], [1, 0], [1, 1], [1, 2], [1, 3], [1, 4], [2, 0]]
# [[0, 1], [0, 2], [1, 1], [1, 2], [2, 0], [2, 1], [2, 2], [3, 1]]
# [[0, 2], [1, 0], [1, 1], [1, 2], [1, 3], [1, 4], [2, 0], [2, 1], [2, 3]]
# [[0, 0], [0, 1], [1, 0], [2, 0], [3, 0], [4, 0]]
# [[0, 1], [1, 1], [2, 0], [2, 1], [3, 1], [3, 2], [4, 1]]
# [[0, 0], [1, 0], [1, 1], [2, 0], [2, 1], [2, 2], [2, 3], [3, 2]]
# [[0, 0], [0, 1], [1, 1], [1, 2], [2, 1], [2, 2], [2, 3], [3, 1], [3, 2]]
# [[0, 2], [0, 3], [1, 1], [1, 2], [2, 0], [2, 1]]
# [[0, 0], [0, 1], [1, 0], [1, 1], [1, 2], [2, 1], [3, 1]]
# [[0, 2], [1, 0], [1, 1], [1, 2], [2, 1]]
# [[0, 3], [1, 1], [1, 2], [1, 3], [2, 0], [2, 1], [2, 2], [2, 3], [3, 3]]
# [[0, 1], [0, 3], [1, 0], [1, 1], [1, 2], [1, 3], [2, 0], [2, 2], [2, 3]]
# [[0, 1], [0, 2], [1, 0], [1, 1], [1, 2], [2, 1], [2, 2], [3, 1]]
# [[0, 1], [1, 0], [1, 1], [2, 1], [3, 1], [4, 1], [5, 1]]
# [[0, 0], [0, 1], [1, 0], [1, 1], [1, 2], [2, 1]]
q 16 0 0 0 1 0 2 0 3 1 0 1 1 1 2 1 3 2 0 2 1 2 2 2 3 3 0 3 1 3 2 3 3 
q 16 0 4 0 5 0 6 0 7 1 4 1 5 1 6 1 7 2 4 2 5 2 6 2 7 3 4 3 5 3 6 3 7 
q 16 0 8 0 9 0 10 0 11 1 8 1 9 1 10 1 11 2 8 2 9 2 10 2 11 3 8 3 9 3 10 3 11 
q 4 0 8 0 9 1 8 1 9 
q 1 0 8 
#c 0 8 green
# searchh
q 1 0 7 
q 1 0 9 
#c 0 9 green
# found/all 2 135
q 1 1 8 
#c 1 8 green
# found/all 4 135
q 1 0 10 
q 1 1 9 
#c 1 9 green
# found/all 5 135
q 1 1 7 
q 1 2 8 
#c 2 8 green
# found/all 6 135
q 1 1 10 
q 1 2 9 
#c 2 9 green
# found/all 8 135
q 1 2 7 
#c 2 7 green
# found/all 9 135
q 1 3 8 
#c 3 8 green
# found/all 12 135
q 1 2 10 
q 1 3 9 
#c 3 9 green
# found/all 16 135
q 1 2 6 
q 1 3 7 
q 1 4 8 
#c 4 8 green
# found/all 19 135
q 1 3 10 
#c 3 10 green
# found/all 20 135
q 1 4 9 
#c 4 9 green
# found/all 22 135
q 1 4 7 
q 1 5 8 
#c 5 8 green
# found/all 23 135
q 1 3 11 
q 1 4 10 
#c 4 10 green
# found/all 24 135
q 1 5 9 
#c 5 9 green
# found/all 26 135
q 1 5 7 
#c 5 7 green
# found/all 27 135
q 1 6 8 
#c 6 8 green
# found/all 28 135
q 1 4 11 
q 1 5 10 
#c 5 10 green
# found/all 29 135
q 1 6 9 
#c 6 9 green
# found/all 30 135
q 1 5 6 
#c 5 6 green
# found/all 31 135
q 1 6 7 
q 1 7 8 
#c 7 8 green
# found/all 32 135
q 1 5 11 
q 1 6 10 
#c 6 10 green
# found/all 33 135
q 1 7 9 
q 1 4 6 
q 1 5 5 
#c 5 5 green
# found/all 34 135
q 1 6 6 
q 1 7 7 
q 1 8 8 
q 1 6 11 
#c 6 11 green
# found/all 35 135
q 1 7 10 
q 1 4 5 
#c 4 5 green
# found/all 36 135
q 1 5 4 
#c 5 4 green
# found/all 37 135
q 1 6 5 
#c 6 5 green
# found/all 38 135
q 1 6 12 
#c 6 12 green
# found/all 39 135
q 1 7 11 
q 1 3 5 
q 1 4 4 
#c 4 4 green
# found/all 40 135
q 1 5 3 
#c 5 3 green
# found/all 41 135
q 1 6 4 
#c 6 4 green
# found/all 42 135
q 1 7 5 
#c 7 5 green
# found/all 43 135
q 1 5 12 
q 1 6 13 
#c 6 13 green
# found/all 44 135
q 1 7 12 
q 1 3 4 
q 1 4 3 
#c 4 3 green
# found/all 45 135
q 1 5 2 
#c 5 2 green
# found/all 46 135
q 1 6 3 
#c 6 3 green
# found/all 47 135
q 1 7 4 
q 1 7 6 
q 1 8 5 
q 1 5 13 
q 1 6 14 
#c 6 14 green
# found/all 49 135
q 1 7 13 
q 1 3 3 
q 1 4 2 
q 1 5 1 
q 1 6 2 
q 1 7 3 
q 1 5 14 
#c 5 14 green
# found/all 50 135
q 1 6 15 
#c 6 15 green
# found/all 51 135
q 1 7 14 
q 1 4 14 
q 1 5 15 
#c 5 15 green
# found/all 53 135
q 1 6 16 
#c 6 16 green
# found/all 54 135
q 1 7 15 
#c 7 15 green
# found/all 56 135
q 1 4 15 
#c 4 15 green
# found/all 58 135
q 1 5 16 
#c 5 16 green
# found/all 60 135
q 1 6 17 
q 1 7 16 
q 1 8 15 
#c 8 15 green
# found/all 61 135
q 1 3 15 
q 1 4 16 
#c 4 16 green
# found/all 63 135
q 1 5 17 
q 1 8 14 
#c 8 14 green
# found/all 64 135
q 1 8 16 
q 1 9 15 
#c 9 15 green
# found/all 65 135
q 1 3 16 
q 1 4 17 
#c 4 17 green
# found/all 66 135
q 1 8 13 
#c 8 13 green
# found/all 67 135
q 1 9 14 
#c 9 14 green
# found/all 68 135
q 1 9 16 
q 1 10 15 
#c 10 15 green
# found/all 69 135
q 1 3 17 
#c 3 17 green
# found/all 70 135
q 1 4 18 
#c 4 18 green
# found/all 71 135
q 1 8 12 
q 1 9 13 
#c 9 13 green
# found/all 72 135
q 1 10 14 
q 1 10 16 
q 1 11 15 
q 1 2 17 
q 1 3 18 
q 1 4 19 
#c 4 19 green
# found/all 73 135
q 1 5 18 
#c 5 18 green
# found/all 74 135
q 1 9 12 
#c 9 12 green
# found/all 75 135
q 1 10 13 
q 1 3 19 
q 1 5 19 
q 1 6 18 
q 1 9 11 
q 1 10 12 
q 4 0 10 0 11 1 10 1 11 
# SUM >= 2
q 16 0 12 0 13 0 14 0 15 1 12 1 13 1 14 1 15 2 12 2 13 2 14 2 15 3 12 3 13 3 14 3 15 
q 16 0 16 0 17 0 18 0 19 1 16 1 17 1 18 1 19 2 16 2 17 2 18 2 19 3 16 3 17 3 18 3 19 
q 16 4 0 4 1 4 2 4 3 5 0 5 1 5 2 5 3 6 0 6 1 6 2 6 3 7 0 7 1 7 2 7 3 
q 4 4 0 4 1 5 0 5 1 
# SUM >= 2
q 4 6 0 6 1 7 0 7 1 
q 4 6 2 6 3 7 2 7 3 
q 16 4 4 4 5 4 6 4 7 5 4 5 5 5 6 5 7 6 4 6 5 6 6 6 7 7 4 7 5 7 6 7 7 
# SUM >= 2
# SUM >= 2
q 16 4 8 4 9 4 10 4 11 5 8 5 9 5 10 5 11 6 8 6 9 6 10 6 11 7 8 7 9 7 10 7 11 
# SUM >= 2
# SUM >= 2
q 16 4 12 4 13 4 14 4 15 5 12 5 13 5 14 5 15 6 12 6 13 6 14 6 15 7 12 7 13 7 14 7 15 
q 4 4 12 4 13 5 12 5 13 
# SUM >= 2
# SUM >= 2
q 16 4 16 4 17 4 18 4 19 5 16 5 17 5 18 5 19 6 16 6 17 6 18 6 19 7 16 7 17 7 18 7 19 
# SUM >= 2
q 4 6 16 6 17 7 16 7 17 
q 4 6 18 6 19 7 18 7 19 
q 16 8 0 8 1 8 2 8 3 9 0 9 1 9 2 9 3 10 0 10 1 10 2 10 3 11 0 11 1 11 2 11 3 
q 4 8 0 8 1 9 0 9 1 
q 4 8 2 8 3 9 2 9 3 
q 4 10 0 10 1 11 0 11 1 
q 4 10 2 10 3 11 2 11 3 
q 16 8 4 8 5 8 6 8 7 9 4 9 5 9 6 9 7 10 4 10 5 10 6 10 7 11 4 11 5 11 6 11 7 
q 16 8 8 8 9 8 10 8 11 9 8 9 9 9 10 9 11 10 8 10 9 10 10 10 11 11 8 11 9 11 10 11 11 
q 16 8 12 8 13 8 14 8 15 9 12 9 13 9 14 9 15 10 12 10 13 10 14 10 15 11 12 11 13 11 14 11 15 
# SUM >= 2
q 4 10 12 10 13 11 12 11 13 
q 4 10 14 10 15 11 14 11 15 
q 16 8 16 8 17 8 18 8 19 9 16 9 17 9 18 9 19 10 16 10 17 10 18 10 19 11 16 11 17 11 18 11 19 
q 4 8 16 8 17 9 16 9 17 
q 4 8 18 8 19 9 18 9 19 
q 1 8 18 
#c 8 18 green
# searchh
q 1 7 18 
q 1 8 17 
q 1 8 19 
#c 8 19 green
# found/all 77 135
q 1 9 18 
#c 9 18 green
# found/all 78 135
q 1 7 19 
q 1 9 19 
#c 9 19 green
# found/all 79 135
q 1 9 17 
q 1 10 18 
#c 10 18 green
# found/all 80 135
q 1 10 19 
#c 10 19 green
# found/all 81 135
q 1 10 17 
#c 10 17 green
# found/all 82 135
q 1 11 18 
#c 11 18 green
# found/all 83 135
q 1 11 19 
q 1 11 17 
q 1 12 18 
q 4 10 16 10 17 11 16 11 17 
# SUM >= 2
q 16 12 0 12 1 12 2 12 3 13 0 13 1 13 2 13 3 14 0 14 1 14 2 14 3 15 0 15 1 15 2 15 3 
q 4 12 0 12 1 13 0 13 1 
q 4 12 2 12 3 13 2 13 3 
q 4 14 0 14 1 15 0 15 1 
q 4 14 2 14 3 15 2 15 3 
q 1 14 2 
q 1 14 3 
q 1 15 2 
#c 15 2 green
# searchh
q 1 15 1 
q 1 15 3 
#c 15 3 green
# found/all 85 135
q 1 16 2 
q 1 15 4 
q 1 16 3 
#c 16 3 green
# found/all 87 135
q 1 16 4 
#c 16 4 green
# found/all 88 135
q 1 17 3 
#c 17 3 green
# found/all 90 135
q 1 16 5 
q 1 17 4 
#c 17 4 green
# found/all 92 135
q 1 17 2 
q 1 18 3 
#c 18 3 green
# found/all 94 135
q 1 17 5 
#c 17 5 green
# found/all 95 135
q 1 18 4 
#c 18 4 green
# found/all 97 135
q 1 18 2 
q 1 19 3 
q 1 17 6 
q 1 18 5 
#c 18 5 green
# found/all 98 135
q 1 19 4 
q 1 18 6 
#c 18 6 green
# found/all 99 135
q 1 19 5 
#c 19 5 green
# found/all 100 135
q 1 18 7 
q 1 19 6 
q 16 12 4 12 5 12 6 12 7 13 4 13 5 13 6 13 7 14 4 14 5 14 6 14 7 15 4 15 5 15 6 15 7 
q 4 12 4 12 5 13 4 13 5 
q 1 12 4 
q 1 12 5 
#c 12 5 green
# searchh
q 1 11 5 
#c 11 5 green
# found/all 102 135
q 1 12 6 
q 1 13 5 
#c 13 5 green
# found/all 103 135
q 1 10 5 
q 1 11 4 
q 1 11 6 
#c 11 6 green
# found/all 104 135
q 1 13 4 
q 1 13 6 
q 1 14 5 
#c 14 5 green
# found/all 105 135
q 1 10 6 
q 1 11 7 
q 1 14 4 
q 1 14 6 
q 1 15 5 
#c 15 5 green
# found/all 106 135
q 1 15 6 
q 4 12 6 12 7 13 6 13 7 
# SUM >= 2
q 16 12 8 12 9 12 10 12 11 13 8 13 9 13 10 13 11 14 8 14 9 14 10 14 11 15 8 15 9 15 10 15 11 
q 4 12 8 12 9 13 8 13 9 
q 4 12 10 12 11 13 10 13 11 
q 4 14 8 14 9 15 8 15 9 
q 4 14 10 14 11 15 10 15 11 
q 16 12 12 12 13 12 14 12 15 13 12 13 13 13 14 13 15 14 12 14 13 14 14 14 15 15 12 15 13 15 14 15 15 
q 4 12 12 12 13 13 12 13 13 
q 4 12 14 12 15 13 14 13 15 
q 4 14 12 14 13 15 12 15 13 
q 1 14 12 
#c 14 12 green
# searchh
q 1 13 12 
#c 13 12 green
# found/all 108 135
q 1 14 11 
#c 14 11 green
# found/all 109 135
q 1 14 13 
#c 14 13 green
# found/all 110 135
q 1 15 12 
q 1 12 12 
q 1 13 11 
q 1 13 13 
q 1 14 10 
q 1 15 11 
q 1 14 14 
q 1 15 13 
#c 15 13 green
# found/all 111 135
q 1 15 14 
q 1 16 13 
#c 16 13 green
# found/all 112 135
q 1 16 12 
#c 16 12 green
# found/all 113 135
q 1 16 14 
q 1 17 13 
q 1 16 11 
q 1 17 12 
q 4 14 14 14 15 15 14 15 15 
q 16 12 16 12 17 12 18 12 19 13 16 13 17 13 18 13 19 14 16 14 17 14 18 14 19 15 16 15 17 15 18 15 19 
q 16 16 0 16 1 16 2 16 3 17 0 17 1 17 2 17 3 18 0 18 1 18 2 18 3 19 0 19 1 19 2 19 3 
q 4 16 0 16 1 17 0 17 1 
# SUM >= 2
q 4 18 0 18 1 19 0 19 1 
q 4 18 2 18 3 19 2 19 3 
q 1 19 2 
q 16 16 4 16 5 16 6 16 7 17 4 17 5 17 6 17 7 18 4 18 5 18 6 18 7 19 4 19 5 19 6 19 7 
# SUM >= 2
# SUM >= 2
q 16 16 8 16 9 16 10 16 11 17 8 17 9 17 10 17 11 18 8 18 9 18 10 18 11 19 8 19 9 19 10 19 11 
q 4 16 8 16 9 17 8 17 9 
q 4 16 10 16 11 17 10 17 11 
q 4 18 8 18 9 19 8 19 9 
q 4 18 10 18 11 19 10 19 11 
q 16 16 12 16 13 16 14 16 15 17 12 17 13 17 14 17 15 18 12 18 13 18 14 18 15 19 12 19 13 19 14 19 15 
# SUM >= 2
q 4 18 12 18 13 19 12 19 13 
q 4 18 14 18 15 19 14 19 15 
q 1 18 14 
#c 18 14 green
# searchh
q 1 17 14 
#c 17 14 green
# found/all 118 135
q 1 18 13 
q 1 18 15 
#c 18 15 green
# found/all 120 135
q 1 19 14 
#c 19 14 green
# found/all 121 135
q 1 17 15 
#c 17 15 green
# found/all 123 135
q 1 18 16 
#c 18 16 green
# found/all 125 135
q 1 19 15 
#c 19 15 green
# found/all 127 135
q 1 19 13 
q 1 16 15 
#c 16 15 green
# found/all 129 135
q 1 17 16 
#c 17 16 green
# found/all 131 135
q 1 18 17 
#c 18 17 green
# found/all 132 135
q 1 19 16 
q 1 15 15 
q 1 16 16 
#c 16 16 green
# found/all 133 135
q 1 17 17 
#c 17 17 green
# found/all 134 135
q 1 18 18 
q 1 19 17 
q 1 15 16 
q 1 16 17 
#c 16 17 green
# found/all 135 135
a 104 0 8 0 9 1 8 1 9 2 8 2 9 2 7 3 8 3 9 4 8 3 10 4 9 5 8 4 10 5 9 5 7 6 8 5 10 6 9 5 6 7 8 6 10 5 5 6 11 4 5 5 4 6 5 6 12 4 4 5 3 6 4 7 5 6 13 4 3 5 2 6 3 6 14 5 14 6 15 5 15 6 16 7 15 4 15 5 16 8 15 4 16 8 14 9 15 4 17 8 13 9 14 10 15 3 17 4 18 9 13 4 19 5 18 9 12 8 18 8 19 9 18 9 19 10 18 10 19 10 17 11 18 15 2 15 3 16 3 16 4 17 3 17 4 18 3 17 5 18 4 18 5 18 6 19 5 12 5 11 5 13 5 11 6 14 5 15 5 14 12 13 12 14 11 14 13 15 13 16 13 16 12 18 14 17 14 18 15 19 14 17 15 18 16 19 15 16 15 17 16 18 17 16 16 17 17 16 17 
