# [[0, 0], [0, 1], [1, 1], [1, 2], [1, 3]]
# [[0, 0], [0, 1], [0, 2], [1, 0], [1, 1]]
# [[0, 0], [0, 1], [1, 0], [1, 1], [2, 1]]
# [[0, 1], [1, 0], [1, 1], [1, 2], [2, 1]]
# [[0, 3], [1, 0], [1, 1], [1, 2], [1, 3]]
# [[0, 0], [0, 1], [0, 2], [1, 1], [1, 2]]
q 16 0 0 0 1 0 2 0 3 1 0 1 1 1 2 1 3 2 0 2 1 2 2 2 3 3 0 3 1 3 2 3 3 
q 16 0 4 0 5 0 6 0 7 1 4 1 5 1 6 1 7 2 4 2 5 2 6 2 7 3 4 3 5 3 6 3 7 
q 4 0 4 0 5 1 4 1 5 
q 1 0 4 
q 1 0 5 
q 1 1 4 
#c 1 4 green
# searchh
q 1 1 3 
#c 1 3 green
# found/all 3 30
q 1 1 5 
#c 1 5 green
# found/all 5 30
q 1 2 4 
#c 2 4 green
# found/all 6 30
q 1 0 3 
q 1 1 2 
q 1 2 3 
q 1 1 6 
q 1 2 5 
#c 2 5 green
# found/all 8 30
q 1 3 4 
q 1 2 6 
#c 2 6 green
# found/all 10 30
q 1 3 5 
#c 3 5 green
# found/all 11 30
q 1 2 7 
#c 2 7 green
# found/all 12 30
q 1 3 6 
#c 3 6 green
# found/all 13 30
q 1 4 5 
q 1 1 7 
#c 1 7 green
# found/all 14 30
q 1 2 8 
q 1 3 7 
#c 3 7 green
# found/all 15 30
q 1 4 6 
#c 4 6 green
# found/all 16 30
q 1 0 7 
q 1 1 8 
#c 1 8 green
# found/all 17 30
q 1 3 8 
q 1 4 7 
q 1 5 6 
q 1 0 8 
q 1 1 9 
#c 1 9 green
# found/all 18 30
q 1 0 9 
q 1 1 10 
#c 1 10 green
# found/all 19 30
q 1 2 9 
q 1 0 10 
#c 0 10 green
# found/all 20 30
q 1 1 11 
q 1 2 10 
q 1 0 11 
q 4 0 6 0 7 1 6 1 7 
# SUM >= 2
q 16 0 8 0 9 0 10 0 11 1 8 1 9 1 10 1 11 2 8 2 9 2 10 2 11 3 8 3 9 3 10 3 11 
# SUM >= 2
q 4 2 8 2 9 3 8 3 9 
q 4 2 10 2 11 3 10 3 11 
q 16 4 0 4 1 4 2 4 3 5 0 5 1 5 2 5 3 6 0 6 1 6 2 6 3 7 0 7 1 7 2 7 3 
q 16 4 4 4 5 4 6 4 7 5 4 5 5 5 6 5 7 6 4 6 5 6 6 6 7 7 4 7 5 7 6 7 7 
q 4 4 4 4 5 5 4 5 5 
q 4 4 6 4 7 5 6 5 7 
q 1 5 7 
q 4 6 4 6 5 7 4 7 5 
q 4 6 6 6 7 7 6 7 7 
q 16 4 8 4 9 4 10 4 11 5 8 5 9 5 10 5 11 6 8 6 9 6 10 6 11 7 8 7 9 7 10 7 11 
q 4 4 8 4 9 5 8 5 9 
q 1 4 8 
q 1 4 9 
#c 4 9 green
# searchh
q 1 3 9 
q 1 4 10 
#c 4 10 green
# found/all 22 30
q 1 5 9 
#c 5 9 green
# found/all 23 30
q 1 3 10 
q 1 4 11 
q 1 5 10 
#c 5 10 green
# found/all 24 30
q 1 5 8 
q 1 6 9 
q 1 5 11 
q 1 6 10 
#c 6 10 green
# found/all 25 30
q 1 6 11 
q 1 7 10 
# SUM >= 2
q 4 6 8 6 9 7 8 7 9 
q 4 6 10 6 11 7 10 7 11 
q 1 7 11 
q 16 8 0 8 1 8 2 8 3 9 0 9 1 9 2 9 3 10 0 10 1 10 2 10 3 11 0 11 1 11 2 11 3 
q 4 8 0 8 1 9 0 9 1 
q 1 8 0 
q 1 8 1 
#c 8 1 green
# searchh
q 1 7 1 
q 1 8 2 
#c 8 2 green
# found/all 27 30
q 1 9 1 
#c 9 1 green
# found/all 28 30
q 1 7 2 
q 1 8 3 
#c 8 3 green
# found/all 29 30
q 1 9 2 
#c 9 2 green
# found/all 30 30
a 26 1 4 1 3 1 5 2 4 2 5 2 6 3 5 2 7 3 6 1 7 3 7 4 6 1 8 1 9 1 10 0 10 4 9 4 10 5 9 5 10 6 10 8 1 8 2 9 1 8 3 9 2 
