# [[0, 0], [0, 1], [1, 0], [1, 1]]
# [[0, 1], [1, 0], [1, 1], [1, 2]]
# [[0, 0], [0, 1], [0, 2], [1, 0]]
# [[0, 0], [1, 0], [2, 0], [2, 1]]
# [[0, 1], [0, 2], [1, 0], [1, 1]]
# [[0, 0], [0, 1], [1, 0], [1, 1]]
# [[0, 0], [1, 0], [1, 1], [2, 0]]
# [[0, 0], [1, 0], [1, 1], [2, 0]]
# [[0, 0], [0, 1], [0, 2], [0, 3]]
# [[0, 0], [0, 1], [0, 2], [1, 1]]
# [[0, 0], [0, 1], [0, 2], [0, 3]]
# [[0, 0], [0, 1], [0, 2], [1, 1]]
# [[0, 0], [1, 0], [2, 0], [2, 1]]
# [[0, 0], [0, 1], [1, 0], [1, 1]]
q 16 0 0 0 1 0 2 0 3 1 0 1 1 1 2 1 3 2 0 2 1 2 2 2 3 3 0 3 1 3 2 3 3 
q 16 0 4 0 5 0 6 0 7 1 4 1 5 1 6 1 7 2 4 2 5 2 6 2 7 3 4 3 5 3 6 3 7 
q 4 0 4 0 5 1 4 1 5 
q 4 0 6 0 7 1 6 1 7 
q 1 0 6 
q 1 0 7 
q 1 1 6 
q 1 1 7 
q 4 2 4 2 5 3 4 3 5 
q 1 2 4 
q 1 2 5 
#c 2 5 green
# searchh
q 1 1 5 
q 1 2 6 
q 1 3 5 
#c 3 5 green
# found/all 2 56
q 1 3 4 
q 1 3 6 
q 1 4 5 
#c 4 5 green
# found/all 3 56
q 1 4 4 
q 1 4 6 
#c 4 6 green
# found/all 4 56
q 1 5 5 
q 1 4 7 
q 1 5 6 
q 4 2 6 2 7 3 6 3 7 
q 16 0 8 0 9 0 10 0 11 1 8 1 9 1 10 1 11 2 8 2 9 2 10 2 11 3 8 3 9 3 10 3 11 
q 4 0 8 0 9 1 8 1 9 
q 1 0 8 
q 1 0 9 
q 1 1 8 
q 1 1 9 
q 4 0 10 0 11 1 10 1 11 
q 4 2 8 2 9 3 8 3 9 
q 4 2 10 2 11 3 10 3 11 
q 16 0 12 0 13 0 14 0 15 1 12 1 13 1 14 1 15 2 12 2 13 2 14 2 15 3 12 3 13 3 14 3 15 
q 4 0 12 0 13 1 12 1 13 
q 4 0 14 0 15 1 14 1 15 
q 1 0 14 
q 1 0 15 
q 1 1 14 
#c 1 14 green
# searchh
q 1 1 13 
q 1 1 15 
q 1 2 14 
#c 2 14 green
# found/all 6 56
q 1 2 13 
#c 2 13 green
# found/all 7 56
q 1 2 15 
#c 2 15 green
# found/all 8 56
q 1 3 14 
#c 3 14 green
# found/all 9 56
q 1 2 12 
#c 2 12 green
# found/all 11 56
q 1 3 13 
#c 3 13 green
# found/all 13 56
q 1 2 16 
q 1 3 15 
q 1 4 14 
q 1 1 12 
q 1 2 11 
q 1 3 12 
#c 3 12 green
# found/all 15 56
q 1 4 13 
q 1 3 11 
#c 3 11 green
# found/all 16 56
q 1 4 12 
q 1 3 10 
q 1 4 11 
# SUM >= 2
q 8 0 16 0 17 1 16 1 17 2 16 2 17 3 16 3 17 
q 16 4 0 4 1 4 2 4 3 5 0 5 1 5 2 5 3 6 0 6 1 6 2 6 3 7 0 7 1 7 2 7 3 
q 4 4 0 4 1 5 0 5 1 
q 4 4 2 4 3 5 2 5 3 
q 4 6 0 6 1 7 0 7 1 
q 4 6 2 6 3 7 2 7 3 
q 16 4 4 4 5 4 6 4 7 5 4 5 5 5 6 5 7 6 4 6 5 6 6 6 7 7 4 7 5 7 6 7 7 
q 4 4 4 4 5 5 4 5 5 
q 1 5 4 
q 4 4 6 4 7 5 6 5 7 
q 4 6 4 6 5 7 4 7 5 
q 1 6 4 
q 1 6 5 
q 1 7 4 
#c 7 4 green
# searchh
q 1 7 3 
q 1 7 5 
q 1 8 4 
#c 8 4 green
# found/all 18 56
q 1 8 3 
q 1 8 5 
#c 8 5 green
# found/all 19 56
q 1 9 4 
#c 9 4 green
# found/all 20 56
q 1 8 6 
q 1 9 5 
q 1 9 3 
q 1 10 4 
q 4 6 6 6 7 7 6 7 7 
q 1 6 6 
q 1 6 7 
#c 6 7 green
# searchh
q 1 5 7 
q 1 6 8 
#c 6 8 green
# found/all 22 56
q 1 7 7 
#c 7 7 green
# found/all 23 56
q 1 5 8 
q 1 6 9 
#c 6 9 green
# found/all 24 56
q 1 7 8 
#c 7 8 green
# found/all 25 56
q 1 7 6 
#c 7 6 green
# found/all 26 56
q 1 8 7 
#c 8 7 green
# found/all 27 56
q 1 5 9 
q 1 6 10 
#c 6 10 green
# found/all 28 56
q 1 7 9 
q 1 8 8 
q 1 9 7 
q 1 5 10 
q 1 6 11 
q 1 7 10 
q 16 4 8 4 9 4 10 4 11 5 8 5 9 5 10 5 11 6 8 6 9 6 10 6 11 7 8 7 9 7 10 7 11 
q 4 4 8 4 9 5 8 5 9 
q 1 4 8 
#c 4 8 green
# searchh
q 1 3 8 
#c 3 8 green
# found/all 30 56
q 1 4 9 
#c 4 9 green
# found/all 31 56
q 1 2 8 
#c 2 8 green
# found/all 32 56
q 1 3 7 
q 1 3 9 
q 1 4 10 
q 1 2 7 
q 1 2 9 
q 4 4 10 4 11 5 10 5 11 
# SUM >= 2
q 16 4 12 4 13 4 14 4 15 5 12 5 13 5 14 5 15 6 12 6 13 6 14 6 15 7 12 7 13 7 14 7 15 
q 4 4 12 4 13 5 12 5 13 
q 4 4 14 4 15 5 14 5 15 
q 4 6 12 6 13 7 12 7 13 
q 4 6 14 6 15 7 14 7 15 
q 8 4 16 4 17 5 16 5 17 6 16 6 17 7 16 7 17 
q 16 8 0 8 1 8 2 8 3 9 0 9 1 9 2 9 3 10 0 10 1 10 2 10 3 11 0 11 1 11 2 11 3 
q 4 8 0 8 1 9 0 9 1 
q 4 8 2 8 3 9 2 9 3 
q 4 10 0 10 1 11 0 11 1 
q 1 10 0 
q 1 10 1 
q 1 11 0 
q 1 11 1 
q 4 10 2 10 3 11 2 11 3 
q 16 8 4 8 5 8 6 8 7 9 4 9 5 9 6 9 7 10 4 10 5 10 6 10 7 11 4 11 5 11 6 11 7 
# SUM >= 2
q 4 10 4 10 5 11 4 11 5 
q 4 10 6 10 7 11 6 11 7 
q 16 8 8 8 9 8 10 8 11 9 8 9 9 9 10 9 11 10 8 10 9 10 10 10 11 11 8 11 9 11 10 11 11 
q 16 8 12 8 13 8 14 8 15 9 12 9 13 9 14 9 15 10 12 10 13 10 14 10 15 11 12 11 13 11 14 11 15 
q 4 8 12 8 13 9 12 9 13 
q 4 8 14 8 15 9 14 9 15 
q 4 10 12 10 13 11 12 11 13 
q 4 10 14 10 15 11 14 11 15 
q 8 8 16 8 17 9 16 9 17 10 16 10 17 11 16 11 17 
q 16 12 0 12 1 12 2 12 3 13 0 13 1 13 2 13 3 14 0 14 1 14 2 14 3 15 0 15 1 15 2 15 3 
q 4 12 0 12 1 13 0 13 1 
q 1 12 0 
#c 12 0 green
# searchh
q 1 12 1 
#c 12 1 green
# found/all 34 56
q 1 13 0 
q 1 12 2 
#c 12 2 green
# found/all 35 56
q 1 13 1 
#c 13 1 green
# found/all 36 56
q 1 11 2 
q 1 12 3 
q 1 13 2 
q 1 14 1 
q 4 12 2 12 3 13 2 13 3 
q 1 13 3 
q 4 14 0 14 1 15 0 15 1 
q 1 14 0 
q 1 15 0 
#c 15 0 green
# searchh
q 1 15 1 
#c 15 1 green
# found/all 38 56
q 1 16 0 
q 1 15 2 
#c 15 2 green
# found/all 39 56
q 1 16 1 
q 1 14 2 
q 1 15 3 
#c 15 3 green
# found/all 40 56
q 1 16 2 
q 1 14 3 
q 1 15 4 
q 1 16 3 
# SUM >= 2
q 16 12 4 12 5 12 6 12 7 13 4 13 5 13 6 13 7 14 4 14 5 14 6 14 7 15 4 15 5 15 6 15 7 
q 16 12 8 12 9 12 10 12 11 13 8 13 9 13 10 13 11 14 8 14 9 14 10 14 11 15 8 15 9 15 10 15 11 
q 16 12 12 12 13 12 14 12 15 13 12 13 13 13 14 13 15 14 12 14 13 14 14 14 15 15 12 15 13 15 14 15 15 
q 4 12 12 12 13 13 12 13 13 
q 4 12 14 12 15 13 14 13 15 
q 4 14 12 14 13 15 12 15 13 
q 1 14 12 
q 1 14 13 
#c 14 13 green
# searchh
q 1 13 13 
q 1 14 14 
#c 14 14 green
# found/all 42 56
q 1 15 13 
#c 15 13 green
# found/all 43 56
q 1 13 14 
q 1 14 15 
q 1 15 14 
#c 15 14 green
# found/all 44 56
q 1 15 12 
q 1 16 13 
q 1 15 15 
q 1 16 14 
#c 16 14 green
# found/all 45 56
q 1 16 15 
#c 16 15 green
# found/all 47 56
q 1 17 14 
#c 17 14 green
# found/all 48 56
q 1 16 16 
#c 16 16 green
# found/all 49 56
q 1 17 15 
#c 17 15 green
# found/all 50 56
q 1 17 13 
#c 17 13 green
# found/all 51 56
q 1 15 16 
q 1 16 17 
#c 16 17 green
# found/all 52 56
q 1 17 16 
q 1 17 12 
q 1 15 17 
q 1 17 17 
# SUM >= 2
q 8 12 16 12 17 13 16 13 17 14 16 14 17 15 16 15 17 
q 8 16 0 16 1 16 2 16 3 17 0 17 1 17 2 17 3 
q 4 16 0 16 1 17 0 17 1 
q 4 16 2 16 3 17 2 17 3 
q 8 16 4 16 5 16 6 16 7 17 4 17 5 17 6 17 7 
q 4 16 4 16 5 17 4 17 5 
q 4 16 6 16 7 17 6 17 7 
q 1 16 6 
#c 16 6 green
# searchh
q 1 15 6 
q 1 16 5 
q 1 16 7 
#c 16 7 green
# found/all 54 56
q 1 17 6 
#c 17 6 green
# found/all 55 56
q 1 15 7 
q 1 16 8 
q 1 17 7 
#c 17 7 green
# found/all 56 56
a 52 2 5 3 5 4 5 4 6 1 14 2 14 2 13 2 15 3 14 2 12 3 13 3 12 3 11 7 4 8 4 8 5 9 4 6 7 6 8 7 7 6 9 7 8 7 6 8 7 6 10 4 8 3 8 4 9 2 8 12 0 12 1 12 2 13 1 15 0 15 1 15 2 15 3 14 13 14 14 15 13 15 14 16 14 16 15 17 14 16 16 17 15 17 13 16 17 16 6 16 7 17 6 17 7 
