# [[0, 3], [1, 2], [1, 3], [1, 4], [2, 0], [2, 1], [2, 2], [2, 3], [2, 4], [2, 5]]
# [[0, 2], [1, 1], [1, 2], [1, 3], [2, 1], [3, 1], [4, 0], [4, 1]]
# [[0, 0], [0, 1], [0, 2], [1, 0], [1, 1], [2, 0], [2, 1], [2, 2], [3, 1], [3, 2]]
# [[0, 0], [1, 0], [1, 1], [1, 2], [2, 0], [2, 2], [3, 2]]
# [[0, 0], [0, 1], [0, 2], [1, 0], [1, 1], [1, 2], [2, 0], [2, 1]]
# [[0, 0], [0, 1], [0, 2], [0, 3], [0, 4], [1, 3]]
# [[0, 2], [1, 2], [2, 0], [2, 1], [2, 2], [2, 3], [3, 2]]
# [[0, 2], [0, 3], [1, 1], [1, 2], [2, 0], [2, 1], [2, 2], [3, 2]]
# [[0, 1], [1, 1], [1, 2], [2, 0], [2, 1], [2, 2], [3, 0], [3, 1], [3, 2]]
# [[0, 2], [1, 0], [1, 1], [1, 2], [1, 3], [2, 2]]
# [[0, 2], [1, 1], [1, 2], [2, 0], [2, 1], [2, 2], [2, 3], [3, 1]]
# [[0, 2], [0, 3], [0, 4], [1, 3], [2, 0], [2, 1], [2, 2], [2, 3], [3, 1], [3, 2]]
# [[0, 2], [1, 0], [1, 1], [1, 2], [2, 0], [2, 1], [2, 2]]
# [[0, 1], [0, 2], [1, 0], [1, 1], [1, 2], [1, 3], [2, 2], [3, 2]]
# [[0, 0], [1, 0], [1, 1], [1, 2], [2, 0], [3, 0], [3, 1]]
# [[0, 1], [1, 1], [2, 0], [2, 1], [2, 2], [3, 0], [3, 1], [4, 1]]
# [[0, 0], [1, 0], [1, 1], [1, 2], [1, 3], [1, 4]]
# [[0, 1], [0, 2], [0, 3], [1, 0], [1, 1], [1, 2], [1, 3], [2, 2], [2, 3], [2, 4]]
q 16 0 0 0 1 0 2 0 3 1 0 1 1 1 2 1 3 2 0 2 1 2 2 2 3 3 0 3 1 3 2 3 3 
q 4 0 0 0 1 1 0 1 1 
q 4 0 2 0 3 1 2 1 3 
q 4 2 0 2 1 3 0 3 1 
q 4 2 2 2 3 3 2 3 3 
q 1 2 2 
q 1 2 3 
q 1 3 2 
q 1 3 3 
#c 3 3 green
# searchh
q 1 3 4 
#c 3 4 green
# found/all 4 143
q 1 4 3 
#c 4 3 green
# found/all 6 143
q 1 2 4 
#c 2 4 green
# found/all 7 143
q 1 3 5 
#c 3 5 green
# found/all 10 143
q 1 4 4 
#c 4 4 green
# found/all 12 143
q 1 4 2 
#c 4 2 green
# found/all 13 143
q 1 5 3 
#c 5 3 green
# found/all 14 143
q 1 1 4 
q 1 2 5 
q 1 3 6 
#c 3 6 green
# found/all 15 143
q 1 4 5 
#c 4 5 green
# found/all 17 143
q 1 5 4 
#c 5 4 green
# found/all 18 143
q 1 4 1 
#c 4 1 green
# found/all 19 143
q 1 5 2 
q 1 6 3 
q 1 2 6 
#c 2 6 green
# found/all 20 143
q 1 3 7 
#c 3 7 green
# found/all 21 143
q 1 4 6 
#c 4 6 green
# found/all 23 143
q 1 5 5 
#c 5 5 green
# found/all 24 143
q 1 6 4 
#c 6 4 green
# found/all 25 143
q 1 3 1 
q 1 4 0 
q 1 5 1 
q 1 1 6 
#c 1 6 green
# found/all 26 143
q 1 2 7 
#c 2 7 green
# found/all 27 143
q 1 3 8 
q 1 4 7 
#c 4 7 green
# found/all 29 143
q 1 5 6 
#c 5 6 green
# found/all 31 143
q 1 6 5 
#c 6 5 green
# found/all 33 143
q 1 7 4 
q 1 0 6 
q 1 1 5 
q 1 1 7 
q 1 2 8 
q 1 4 8 
#c 4 8 green
# found/all 34 143
q 1 5 7 
#c 5 7 green
# found/all 36 143
q 1 6 6 
#c 6 6 green
# found/all 38 143
q 1 7 5 
#c 7 5 green
# found/all 39 143
q 1 4 9 
#c 4 9 green
# found/all 40 143
q 1 5 8 
#c 5 8 green
# found/all 42 143
q 1 6 7 
#c 6 7 green
# found/all 43 143
q 1 7 6 
#c 7 6 green
# found/all 45 143
q 1 8 5 
#c 8 5 green
# found/all 47 143
q 1 3 9 
#c 3 9 green
# found/all 48 143
q 1 4 10 
q 1 5 9 
#c 5 9 green
# found/all 49 143
q 1 6 8 
#c 6 8 green
# found/all 51 143
q 1 7 7 
#c 7 7 green
# found/all 53 143
q 1 8 6 
#c 8 6 green
# found/all 55 143
q 1 8 4 
q 1 9 5 
#c 9 5 green
# found/all 56 143
q 1 2 9 
q 1 3 10 
q 1 5 10 
#c 5 10 green
# found/all 57 143
q 1 6 9 
#c 6 9 green
# found/all 58 143
q 1 7 8 
#c 7 8 green
# found/all 59 143
q 1 8 7 
#c 8 7 green
# found/all 60 143
q 1 9 6 
#c 9 6 green
# found/all 61 143
q 1 9 4 
q 1 10 5 
#c 10 5 green
# found/all 62 143
q 1 5 11 
q 1 6 10 
#c 6 10 green
# found/all 63 143
q 1 7 9 
#c 7 9 green
# found/all 64 143
q 1 8 8 
q 1 9 7 
q 1 10 6 
q 1 10 4 
q 1 11 5 
#c 11 5 green
# found/all 65 143
q 1 6 11 
#c 6 11 green
# found/all 66 143
q 1 7 10 
#c 7 10 green
# found/all 67 143
q 1 8 9 
q 1 11 4 
#c 11 4 green
# found/all 68 143
q 1 11 6 
q 1 12 5 
q 1 6 12 
q 1 7 11 
q 1 8 10 
q 1 11 3 
#c 11 3 green
# found/all 69 143
q 1 12 4 
q 1 10 3 
#c 10 3 green
# found/all 70 143
q 1 11 2 
q 1 12 3 
q 1 9 3 
#c 9 3 green
# found/all 71 143
q 1 10 2 
q 1 8 3 
q 1 9 2 
#c 9 2 green
# found/all 72 143
q 1 8 2 
q 1 9 1 
#c 9 1 green
# found/all 73 143
q 1 8 1 
#c 8 1 green
# found/all 74 143
q 1 9 0 
q 1 10 1 
#c 10 1 green
# found/all 75 143
q 1 7 1 
q 1 8 0 
q 1 10 0 
q 1 11 1 
q 16 0 4 0 5 0 6 0 7 1 4 1 5 1 6 1 7 2 4 2 5 2 6 2 7 3 4 3 5 3 6 3 7 
q 4 0 4 0 5 1 4 1 5 
q 4 0 6 0 7 1 6 1 7 
# SUM >= 2
q 16 0 8 0 9 0 10 0 11 1 8 1 9 1 10 1 11 2 8 2 9 2 10 2 11 3 8 3 9 3 10 3 11 
q 4 0 8 0 9 1 8 1 9 
q 4 0 10 0 11 1 10 1 11 
q 4 2 8 2 9 3 8 3 9 
q 4 2 10 2 11 3 10 3 11 
q 16 0 12 0 13 0 14 0 15 1 12 1 13 1 14 1 15 2 12 2 13 2 14 2 15 3 12 3 13 3 14 3 15 
q 4 0 12 0 13 1 12 1 13 
q 4 0 14 0 15 1 14 1 15 
q 4 2 12 2 13 3 12 3 13 
q 4 2 14 2 15 3 14 3 15 
q 16 0 16 0 17 0 18 0 19 1 16 1 17 1 18 1 19 2 16 2 17 2 18 2 19 3 16 3 17 3 18 3 19 
q 4 0 16 0 17 1 16 1 17 
q 4 0 18 0 19 1 18 1 19 
q 4 2 16 2 17 3 16 3 17 
q 4 2 18 2 19 3 18 3 19 
q 16 4 0 4 1 4 2 4 3 5 0 5 1 5 2 5 3 6 0 6 1 6 2 6 3 7 0 7 1 7 2 7 3 
q 4 4 0 4 1 5 0 5 1 
q 1 5 0 
# SUM >= 2
q 4 6 0 6 1 7 0 7 1 
q 4 6 2 6 3 7 2 7 3 
q 16 4 4 4 5 4 6 4 7 5 4 5 5 5 6 5 7 6 4 6 5 6 6 6 7 7 4 7 5 7 6 7 7 
# SUM >= 2
# SUM >= 2
q 16 4 8 4 9 4 10 4 11 5 8 5 9 5 10 5 11 6 8 6 9 6 10 6 11 7 8 7 9 7 10 7 11 
# SUM >= 2
# SUM >= 2
q 16 4 12 4 13 4 14 4 15 5 12 5 13 5 14 5 15 6 12 6 13 6 14 6 15 7 12 7 13 7 14 7 15 
q 16 4 16 4 17 4 18 4 19 5 16 5 17 5 18 5 19 6 16 6 17 6 18 6 19 7 16 7 17 7 18 7 19 
q 4 4 16 4 17 5 16 5 17 
q 4 4 18 4 19 5 18 5 19 
q 4 6 16 6 17 7 16 7 17 
q 4 6 18 6 19 7 18 7 19 
q 16 8 0 8 1 8 2 8 3 9 0 9 1 9 2 9 3 10 0 10 1 10 2 10 3 11 0 11 1 11 2 11 3 
# SUM >= 2
q 4 10 0 10 1 11 0 11 1 
# SUM >= 2
q 16 8 4 8 5 8 6 8 7 9 4 9 5 9 6 9 7 10 4 10 5 10 6 10 7 11 4 11 5 11 6 11 7 
# SUM >= 2
# SUM >= 2
q 16 8 8 8 9 8 10 8 11 9 8 9 9 9 10 9 11 10 8 10 9 10 10 10 11 11 8 11 9 11 10 11 11 
q 4 8 8 8 9 9 8 9 9 
q 4 8 10 8 11 9 10 9 11 
q 1 8 11 
#c 8 11 green
# searchh
q 1 8 12 
#c 8 12 green
# found/all 79 143
q 1 9 11 
q 1 7 12 
#c 7 12 green
# found/all 80 143
q 1 8 13 
#c 8 13 green
# found/all 82 143
q 1 9 12 
q 1 7 13 
#c 7 13 green
# found/all 83 143
q 1 8 14 
#c 8 14 green
# found/all 85 143
q 1 9 13 
#c 9 13 green
# found/all 86 143
q 1 6 13 
q 1 7 14 
q 1 8 15 
#c 8 15 green
# found/all 87 143
q 1 9 14 
#c 9 14 green
# found/all 88 143
q 1 10 13 
#c 10 13 green
# found/all 89 143
q 1 7 15 
q 1 8 16 
q 1 9 15 
q 1 10 14 
q 1 10 12 
#c 10 12 green
# found/all 91 143
q 1 11 13 
#c 11 13 green
# found/all 92 143
q 1 10 11 
#c 10 11 green
# found/all 93 143
q 1 11 12 
#c 11 12 green
# found/all 95 143
q 1 11 14 
q 1 12 13 
#c 12 13 green
# found/all 96 143
q 1 10 10 
#c 10 10 green
# found/all 97 143
q 1 11 11 
#c 11 11 green
# found/all 99 143
q 1 12 12 
#c 12 12 green
# found/all 101 143
q 1 12 14 
q 1 13 13 
q 1 9 10 
#c 9 10 green
# found/all 102 143
q 1 10 9 
q 1 11 10 
#c 11 10 green
# found/all 103 143
q 1 12 11 
#c 12 11 green
# found/all 105 143
q 1 13 12 
#c 13 12 green
# found/all 106 143
q 1 9 9 
q 1 11 9 
q 1 12 10 
#c 12 10 green
# found/all 108 143
q 1 13 11 
#c 13 11 green
# found/all 110 143
q 1 14 12 
q 1 12 9 
q 1 13 10 
#c 13 10 green
# found/all 111 143
q 1 14 11 
#c 14 11 green
# found/all 112 143
q 1 13 9 
#c 13 9 green
# found/all 114 143
q 1 14 10 
#c 14 10 green
# found/all 115 143
q 1 15 11 
q 1 13 8 
q 1 14 9 
#c 14 9 green
# found/all 116 143
q 1 15 10 
#c 15 10 green
# found/all 117 143
q 1 14 8 
q 1 15 9 
#c 15 9 green
# found/all 118 143
q 1 16 10 
q 1 15 8 
#c 15 8 green
# found/all 119 143
q 1 16 9 
#c 16 9 green
# found/all 120 143
q 1 15 7 
#c 15 7 green
# found/all 121 143
q 1 16 8 
q 1 17 9 
q 1 14 7 
q 1 15 6 
q 1 16 7 
q 4 10 8 10 9 11 8 11 9 
# SUM >= 2
q 16 8 12 8 13 8 14 8 15 9 12 9 13 9 14 9 15 10 12 10 13 10 14 10 15 11 12 11 13 11 14 11 15 
# SUM >= 2
# SUM >= 2
q 16 8 16 8 17 8 18 8 19 9 16 9 17 9 18 9 19 10 16 10 17 10 18 10 19 11 16 11 17 11 18 11 19 
q 16 12 0 12 1 12 2 12 3 13 0 13 1 13 2 13 3 14 0 14 1 14 2 14 3 15 0 15 1 15 2 15 3 
q 4 12 0 12 1 13 0 13 1 
q 1 12 0 
q 1 12 1 
q 1 13 0 
#c 13 0 green
# searchh
q 1 13 1 
#c 13 1 green
# found/all 123 143
q 1 14 0 
#c 14 0 green
# found/all 124 143
q 1 13 2 
#c 13 2 green
# found/all 125 143
q 1 14 1 
#c 14 1 green
# found/all 126 143
q 1 15 0 
#c 15 0 green
# found/all 127 143
q 1 12 2 
q 1 13 3 
q 1 14 2 
#c 14 2 green
# found/all 128 143
q 1 15 1 
#c 15 1 green
# found/all 129 143
q 1 16 0 
q 1 14 3 
q 1 15 2 
q 1 16 1 
q 4 12 2 12 3 13 2 13 3 
# SUM >= 2
q 16 12 4 12 5 12 6 12 7 13 4 13 5 13 6 13 7 14 4 14 5 14 6 14 7 15 4 15 5 15 6 15 7 
q 4 12 4 12 5 13 4 13 5 
q 4 12 6 12 7 13 6 13 7 
q 4 14 4 14 5 15 4 15 5 
q 4 14 6 14 7 15 6 15 7 
q 16 12 8 12 9 12 10 12 11 13 8 13 9 13 10 13 11 14 8 14 9 14 10 14 11 15 8 15 9 15 10 15 11 
q 4 12 8 12 9 13 8 13 9 
q 1 12 8 
# SUM >= 2
# SUM >= 2
q 16 12 12 12 13 12 14 12 15 13 12 13 13 13 14 13 15 14 12 14 13 14 14 14 15 15 12 15 13 15 14 15 15 
# SUM >= 2
q 4 14 12 14 13 15 12 15 13 
q 4 14 14 14 15 15 14 15 15 
q 16 12 16 12 17 12 18 12 19 13 16 13 17 13 18 13 19 14 16 14 17 14 18 14 19 15 16 15 17 15 18 15 19 
q 16 16 0 16 1 16 2 16 3 17 0 17 1 17 2 17 3 18 0 18 1 18 2 18 3 19 0 19 1 19 2 19 3 
q 4 16 0 16 1 17 0 17 1 
q 4 16 2 16 3 17 2 17 3 
q 4 18 0 18 1 19 0 19 1 
q 4 18 2 18 3 19 2 19 3 
q 16 16 4 16 5 16 6 16 7 17 4 17 5 17 6 17 7 18 4 18 5 18 6 18 7 19 4 19 5 19 6 19 7 
q 4 16 4 16 5 17 4 17 5 
q 4 16 6 16 7 17 6 17 7 
q 4 18 4 18 5 19 4 19 5 
q 1 18 4 
#c 18 4 green
# searchh
q 1 17 4 
q 1 18 3 
#c 18 3 green
# found/all 131 143
q 1 18 5 
#c 18 5 green
# found/all 132 143
q 1 19 4 
q 1 17 3 
#c 17 3 green
# found/all 133 143
q 1 18 2 
q 1 19 3 
q 1 17 5 
q 1 18 6 
#c 18 6 green
# found/all 134 143
q 1 19 5 
q 1 16 3 
q 1 17 2 
q 1 17 6 
q 1 18 7 
#c 18 7 green
# found/all 135 143
q 1 19 6 
q 1 17 7 
q 1 18 8 
q 1 19 7 
# SUM >= 2
q 16 16 8 16 9 16 10 16 11 17 8 17 9 17 10 17 11 18 8 18 9 18 10 18 11 19 8 19 9 19 10 19 11 
q 4 16 8 16 9 17 8 17 9 
q 4 16 10 16 11 17 10 17 11 
q 4 18 8 18 9 19 8 19 9 
q 4 18 10 18 11 19 10 19 11 
q 16 16 12 16 13 16 14 16 15 17 12 17 13 17 14 17 15 18 12 18 13 18 14 18 15 19 12 19 13 19 14 19 15 
q 4 16 12 16 13 17 12 17 13 
q 1 16 12 
q 1 16 13 
#c 16 13 green
# searchh
q 1 15 13 
q 1 16 14 
#c 16 14 green
# found/all 137 143
q 1 17 13 
#c 17 13 green
# found/all 138 143
q 1 15 14 
q 1 16 15 
q 1 17 14 
q 1 17 12 
#c 17 12 green
# found/all 139 143
q 1 18 13 
#c 18 13 green
# found/all 140 143
q 1 17 11 
q 1 18 12 
#c 18 12 green
# found/all 141 143
q 1 18 14 
q 1 19 13 
#c 19 13 green
# found/all 142 143
q 1 18 11 
#c 18 11 green
# found/all 143 143
a 112 3 3 3 4 4 3 2 4 3 5 4 4 4 2 5 3 3 6 4 5 5 4 4 1 2 6 3 7 4 6 5 5 6 4 1 6 2 7 4 7 5 6 6 5 4 8 5 7 6 6 7 5 4 9 5 8 6 7 7 6 8 5 3 9 5 9 6 8 7 7 8 6 9 5 5 10 6 9 7 8 8 7 9 6 10 5 6 10 7 9 11 5 6 11 7 10 11 4 11 3 10 3 9 3 9 2 9 1 8 1 10 1 8 11 8 12 7 12 8 13 7 13 8 14 9 13 8 15 9 14 10 13 10 12 11 13 10 11 11 12 12 13 10 10 11 11 12 12 9 10 11 10 12 11 13 12 12 10 13 11 13 10 14 11 13 9 14 10 14 9 15 10 15 9 15 8 16 9 15 7 13 0 13 1 14 0 13 2 14 1 15 0 14 2 15 1 18 4 18 3 18 5 17 3 18 6 18 7 16 13 16 14 17 13 17 12 18 13 18 12 19 13 18 11 
