# [[0, 0], [0, 1], [1, 0], [1, 1], [2, 1]]
# [[0, 1], [0, 2], [1, 1], [1, 2], [1, 3], [2, 0], [2, 1]]
# [[0, 1], [1, 0], [1, 1], [2, 1], [3, 1]]
# [[0, 0], [0, 2], [1, 0], [1, 1], [1, 2], [1, 3], [2, 1]]
# [[0, 1], [1, 0], [1, 1], [2, 0], [3, 0]]
# [[0, 1], [1, 1], [2, 0], [2, 1], [3, 1], [4, 1], [4, 2]]
# [[0, 0], [1, 0], [1, 1], [2, 1], [2, 2], [3, 1], [3, 2]]
# [[0, 0], [1, 0], [1, 1], [2, 1], [2, 2]]
# [[0, 1], [1, 0], [1, 1], [2, 0], [3, 0]]
# [[0, 0], [0, 1], [1, 1], [1, 2], [2, 1], [3, 1], [4, 1]]
# [[0, 0], [0, 1], [0, 2], [1, 1], [1, 2], [1, 3]]
# [[0, 1], [1, 0], [1, 1], [1, 2], [2, 0], [2, 1], [3, 0]]
# [[0, 1], [1, 1], [2, 1], [3, 0], [3, 1]]
# [[0, 2], [1, 2], [2, 1], [2, 2], [2, 3], [3, 0], [3, 1]]
# [[0, 0], [0, 2], [1, 0], [1, 1], [1, 2], [1, 3], [1, 4]]
q 16 0 0 0 1 0 2 0 3 1 0 1 1 1 2 1 3 2 0 2 1 2 2 2 3 3 0 3 1 3 2 3 3 
q 4 0 0 0 1 1 0 1 1 
q 1 0 0 
q 1 0 1 
#c 0 1 green
# searchh
q 1 0 2 
#c 0 2 green
# found/all 2 92
q 1 1 1 
#c 1 1 green
# found/all 3 92
q 1 0 3 
#c 0 3 green
# found/all 4 92
q 1 1 2 
#c 1 2 green
# found/all 5 92
q 1 1 0 
q 1 2 1 
#c 2 1 green
# found/all 6 92
q 1 0 4 
#c 0 4 green
# found/all 7 92
q 1 1 3 
#c 1 3 green
# found/all 9 92
q 1 2 2 
#c 2 2 green
# found/all 10 92
q 1 2 0 
#c 2 0 green
# found/all 11 92
q 1 3 1 
#c 3 1 green
# found/all 12 92
q 1 0 5 
q 1 1 4 
#c 1 4 green
# found/all 13 92
q 1 2 3 
q 1 3 2 
#c 3 2 green
# found/all 14 92
q 1 3 0 
q 1 4 1 
#c 4 1 green
# found/all 15 92
q 1 1 5 
q 1 2 4 
#c 2 4 green
# found/all 17 92
q 1 3 3 
q 1 4 2 
q 1 4 0 
q 1 5 1 
#c 5 1 green
# found/all 18 92
q 1 2 5 
q 1 3 4 
#c 3 4 green
# found/all 19 92
q 1 5 0 
q 1 5 2 
#c 5 2 green
# found/all 20 92
q 1 6 1 
q 1 3 5 
q 1 4 4 
#c 4 4 green
# found/all 21 92
q 1 5 3 
#c 5 3 green
# found/all 22 92
q 1 6 2 
q 1 4 3 
#c 4 3 green
# found/all 23 92
q 1 4 5 
#c 4 5 green
# found/all 24 92
q 1 5 4 
q 1 6 3 
q 1 4 6 
q 1 5 5 
#c 5 5 green
# found/all 25 92
q 1 5 6 
q 1 6 5 
#c 6 5 green
# found/all 26 92
q 1 6 4 
q 1 6 6 
#c 6 6 green
# found/all 27 92
q 1 7 5 
q 1 6 7 
#c 6 7 green
# found/all 28 92
q 1 7 6 
#c 7 6 green
# found/all 29 92
q 1 5 7 
#c 5 7 green
# found/all 30 92
q 1 6 8 
#c 6 8 green
# found/all 31 92
q 1 7 7 
q 1 8 6 
q 1 4 7 
q 1 5 8 
q 1 6 9 
#c 6 9 green
# found/all 32 92
q 1 7 8 
q 1 5 9 
#c 5 9 green
# found/all 33 92
q 1 6 10 
q 1 7 9 
#c 7 9 green
# found/all 34 92
q 1 4 9 
q 1 5 10 
q 1 7 10 
q 1 8 9 
#c 8 9 green
# found/all 35 92
q 1 8 8 
#c 8 8 green
# found/all 36 92
q 1 8 10 
q 1 9 9 
q 1 8 7 
q 1 9 8 
#c 9 8 green
# found/all 37 92
q 1 9 7 
q 1 10 8 
#c 10 8 green
# found/all 38 92
q 1 10 7 
#c 10 7 green
# found/all 39 92
q 1 10 9 
q 1 11 8 
q 1 10 6 
#c 10 6 green
# found/all 40 92
q 1 11 7 
#c 11 7 green
# found/all 42 92
q 1 9 6 
q 1 10 5 
#c 10 5 green
# found/all 43 92
q 1 11 6 
#c 11 6 green
# found/all 45 92
q 1 12 7 
#c 12 7 green
# found/all 46 92
q 1 9 5 
q 1 10 4 
#c 10 4 green
# found/all 47 92
q 1 11 5 
#c 11 5 green
# found/all 49 92
q 1 12 6 
#c 12 6 green
# found/all 50 92
q 1 12 8 
#c 12 8 green
# found/all 51 92
q 1 13 7 
q 1 9 4 
#c 9 4 green
# found/all 52 92
q 1 10 3 
#c 10 3 green
# found/all 53 92
q 1 11 4 
#c 11 4 green
# found/all 54 92
q 1 12 5 
#c 12 5 green
# found/all 55 92
q 1 13 6 
q 1 12 9 
q 1 13 8 
#c 13 8 green
# found/all 56 92
q 1 8 4 
q 1 9 3 
#c 9 3 green
# found/all 57 92
q 1 10 2 
q 1 11 3 
q 1 12 4 
q 1 13 5 
#c 13 5 green
# found/all 58 92
q 1 13 9 
#c 13 9 green
# found/all 59 92
q 1 14 8 
q 1 8 3 
#c 8 3 green
# found/all 60 92
q 1 9 2 
q 1 13 4 
q 1 14 5 
q 1 13 10 
q 1 14 9 
#c 14 9 green
# found/all 61 92
q 1 7 3 
q 1 8 2 
#c 8 2 green
# found/all 62 92
q 1 14 10 
#c 14 10 green
# found/all 63 92
q 1 15 9 
#c 15 9 green
# found/all 64 92
q 1 7 2 
#c 7 2 green
# found/all 65 92
q 1 8 1 
q 1 14 11 
q 1 15 10 
#c 15 10 green
# found/all 66 92
q 1 15 8 
q 1 16 9 
q 1 7 1 
q 1 15 11 
q 1 16 10 
# SUM >= 2
# SUM >= 2
q 16 0 4 0 5 0 6 0 7 1 4 1 5 1 6 1 7 2 4 2 5 2 6 2 7 3 4 3 5 3 6 3 7 
# SUM >= 2
# SUM >= 2
q 16 0 8 0 9 0 10 0 11 1 8 1 9 1 10 1 11 2 8 2 9 2 10 2 11 3 8 3 9 3 10 3 11 
q 4 0 8 0 9 1 8 1 9 
q 4 0 10 0 11 1 10 1 11 
q 4 2 8 2 9 3 8 3 9 
q 4 2 10 2 11 3 10 3 11 
q 16 0 12 0 13 0 14 0 15 1 12 1 13 1 14 1 15 2 12 2 13 2 14 2 15 3 12 3 13 3 14 3 15 
q 4 0 12 0 13 1 12 1 13 
q 4 0 14 0 15 1 14 1 15 
q 4 2 12 2 13 3 12 3 13 
q 1 2 12 
q 1 2 13 
q 1 3 12 
q 1 3 13 
q 4 2 14 2 15 3 14 3 15 
q 8 0 16 0 17 1 16 1 17 2 16 2 17 3 16 3 17 
q 16 4 0 4 1 4 2 4 3 5 0 5 1 5 2 5 3 6 0 6 1 6 2 6 3 7 0 7 1 7 2 7 3 
# SUM >= 2
q 4 6 0 6 1 7 0 7 1 
q 4 6 2 6 3 7 2 7 3 
q 16 4 4 4 5 4 6 4 7 5 4 5 5 5 6 5 7 6 4 6 5 6 6 6 7 7 4 7 5 7 6 7 7 
# SUM >= 2
q 4 6 4 6 5 7 4 7 5 
# SUM >= 2
q 16 4 8 4 9 4 10 4 11 5 8 5 9 5 10 5 11 6 8 6 9 6 10 6 11 7 8 7 9 7 10 7 11 
q 4 4 8 4 9 5 8 5 9 
q 4 4 10 4 11 5 10 5 11 
# SUM >= 2
q 16 4 12 4 13 4 14 4 15 5 12 5 13 5 14 5 15 6 12 6 13 6 14 6 15 7 12 7 13 7 14 7 15 
q 4 4 12 4 13 5 12 5 13 
q 4 4 14 4 15 5 14 5 15 
q 4 6 12 6 13 7 12 7 13 
q 4 6 14 6 15 7 14 7 15 
q 8 4 16 4 17 5 16 5 17 6 16 6 17 7 16 7 17 
q 4 4 16 4 17 5 16 5 17 
q 4 6 16 6 17 7 16 7 17 
q 16 8 0 8 1 8 2 8 3 9 0 9 1 9 2 9 3 10 0 10 1 10 2 10 3 11 0 11 1 11 2 11 3 
q 4 8 0 8 1 9 0 9 1 
# SUM >= 2
q 4 10 0 10 1 11 0 11 1 
q 4 10 2 10 3 11 2 11 3 
q 1 11 2 
q 16 8 4 8 5 8 6 8 7 9 4 9 5 9 6 9 7 10 4 10 5 10 6 10 7 11 4 11 5 11 6 11 7 
q 4 8 4 8 5 9 4 9 5 
q 4 8 6 8 7 9 6 9 7 
# SUM >= 2
q 16 8 8 8 9 8 10 8 11 9 8 9 9 9 10 9 11 10 8 10 9 10 10 10 11 11 8 11 9 11 10 11 11 
# SUM >= 2
q 4 10 8 10 9 11 8 11 9 
q 4 10 10 10 11 11 10 11 11 
q 16 8 12 8 13 8 14 8 15 9 12 9 13 9 14 9 15 10 12 10 13 10 14 10 15 11 12 11 13 11 14 11 15 
q 4 8 12 8 13 9 12 9 13 
q 4 8 14 8 15 9 14 9 15 
q 4 10 12 10 13 11 12 11 13 
q 4 10 14 10 15 11 14 11 15 
q 8 8 16 8 17 9 16 9 17 10 16 10 17 11 16 11 17 
q 4 8 16 8 17 9 16 9 17 
q 4 10 16 10 17 11 16 11 17 
q 1 10 16 
#c 10 16 green
# searchh
q 1 9 16 
#c 9 16 green
# found/all 68 92
q 1 10 15 
q 1 10 17 
q 1 11 16 
#c 11 16 green
# found/all 69 92
q 1 8 16 
#c 8 16 green
# found/all 70 92
q 1 9 15 
#c 9 15 green
# found/all 71 92
q 1 9 17 
q 1 11 15 
q 1 11 17 
#c 11 17 green
# found/all 72 92
q 1 12 16 
q 1 7 16 
#c 7 16 green
# found/all 73 92
q 1 8 15 
q 1 8 17 
q 1 9 14 
q 1 12 17 
q 1 6 16 
q 1 7 15 
q 1 7 17 
q 16 12 0 12 1 12 2 12 3 13 0 13 1 13 2 13 3 14 0 14 1 14 2 14 3 15 0 15 1 15 2 15 3 
q 4 12 0 12 1 13 0 13 1 
q 4 12 2 12 3 13 2 13 3 
q 1 12 2 
#c 12 2 green
# searchh
q 1 12 1 
#c 12 1 green
# found/all 75 92
q 1 12 3 
q 1 13 2 
#c 13 2 green
# found/all 76 92
q 1 11 1 
q 1 12 0 
q 1 13 1 
q 1 13 3 
#c 13 3 green
# found/all 77 92
q 1 14 2 
#c 14 2 green
# found/all 78 92
q 1 14 3 
q 1 14 1 
q 1 15 2 
#c 15 2 green
# found/all 79 92
q 1 15 1 
q 1 15 3 
q 1 16 2 
#c 16 2 green
# found/all 80 92
q 1 16 1 
q 1 16 3 
q 1 17 2 
q 4 14 0 14 1 15 0 15 1 
# SUM >= 2
q 16 12 4 12 5 12 6 12 7 13 4 13 5 13 6 13 7 14 4 14 5 14 6 14 7 15 4 15 5 15 6 15 7 
# SUM >= 2
q 4 14 4 14 5 15 4 15 5 
q 4 14 6 14 7 15 6 15 7 
q 1 14 6 
q 1 14 7 
q 1 15 6 
q 1 15 7 
q 16 12 8 12 9 12 10 12 11 13 8 13 9 13 10 13 11 14 8 14 9 14 10 14 11 15 8 15 9 15 10 15 11 
# SUM >= 2
# SUM >= 2
q 16 12 12 12 13 12 14 12 15 13 12 13 13 13 14 13 15 14 12 14 13 14 14 14 15 15 12 15 13 15 14 15 15 
q 4 12 12 12 13 13 12 13 13 
q 4 12 14 12 15 13 14 13 15 
q 4 14 12 14 13 15 12 15 13 
q 4 14 14 14 15 15 14 15 15 
q 1 14 14 
#c 14 14 green
# searchh
q 1 13 14 
#c 13 14 green
# found/all 82 92
q 1 14 13 
#c 14 13 green
# found/all 83 92
q 1 14 15 
#c 14 15 green
# found/all 84 92
q 1 15 14 
q 1 12 14 
q 1 13 13 
q 1 13 15 
q 1 14 12 
#c 14 12 green
# found/all 85 92
q 1 15 13 
q 1 14 16 
#c 14 16 green
# found/all 87 92
q 1 15 15 
q 1 13 12 
#c 13 12 green
# found/all 88 92
q 1 15 12 
q 1 13 16 
q 1 14 17 
#c 14 17 green
# found/all 89 92
q 1 15 16 
q 1 12 12 
q 1 13 11 
q 1 13 17 
#c 13 17 green
# found/all 90 92
q 1 15 17 
#c 15 17 green
# found/all 91 92
q 1 16 17 
#c 16 17 green
# found/all 92 92
a 86 0 1 0 2 1 1 0 3 1 2 2 1 0 4 1 3 2 2 2 0 3 1 1 4 3 2 4 1 2 4 5 1 3 4 5 2 4 4 5 3 4 3 4 5 5 5 6 5 6 6 6 7 7 6 5 7 6 8 6 9 5 9 7 9 8 9 8 8 9 8 10 8 10 7 10 6 11 7 10 5 11 6 12 7 10 4 11 5 12 6 12 8 9 4 10 3 11 4 12 5 13 8 9 3 13 5 13 9 8 3 14 9 8 2 14 10 15 9 7 2 15 10 10 16 9 16 11 16 8 16 9 15 11 17 7 16 12 2 12 1 13 2 13 3 14 2 15 2 16 2 14 14 13 14 14 13 14 15 14 12 14 16 13 12 14 17 13 17 15 17 16 17 
