# [[0, 3], [1, 0], [1, 1], [1, 2], [1, 3], [1, 4], [2, 1], [2, 2], [2, 4]]
# [[0, 0], [0, 1], [1, 1], [2, 1]]
# [[0, 2], [1, 0], [1, 2], [2, 0], [2, 1], [2, 2], [2, 3], [2, 4], [3, 2], [4, 2], [4, 3]]
# [[0, 3], [0, 4], [1, 2], [1, 3], [1, 4], [2, 0], [2, 1], [2, 2], [3, 1], [3, 2], [3, 3], [4, 2], [4, 3]]
# [[0, 0], [0, 1], [0, 2], [0, 3], [1, 1], [1, 2], [1, 3], [2, 1], [2, 2], [3, 2], [4, 1], [4, 2]]
# [[0, 5], [1, 0], [1, 1], [1, 5], [1, 6], [2, 0], [2, 1], [2, 2], [2, 3], [2, 4], [2, 5], [3, 4], [4, 4], [4, 5]]
q 16 0 0 0 1 0 2 0 3 1 0 1 1 1 2 1 3 2 0 2 1 2 2 2 3 3 0 3 1 3 2 3 3 
q 16 0 4 0 5 0 6 0 7 1 4 1 5 1 6 1 7 2 4 2 5 2 6 2 7 3 4 3 5 3 6 3 7 
q 4 0 4 0 5 1 4 1 5 
q 4 0 6 0 7 1 6 1 7 
q 1 0 6 
q 1 0 7 
q 1 1 6 
q 1 1 7 
#c 1 7 green
# searchh
q 1 1 8 
#c 1 8 green
# found/all 2 63
q 1 2 7 
#c 2 7 green
# found/all 3 63
q 1 0 8 
#c 0 8 green
# found/all 4 63
q 1 1 9 
#c 1 9 green
# found/all 5 63
q 1 2 8 
q 1 2 6 
#c 2 6 green
# found/all 6 63
q 1 3 7 
#c 3 7 green
# found/all 7 63
q 1 0 9 
#c 0 9 green
# found/all 8 63
q 1 1 10 
q 1 2 9 
q 1 2 5 
#c 2 5 green
# found/all 9 63
q 1 3 6 
#c 3 6 green
# found/all 10 63
q 1 3 8 
#c 3 8 green
# found/all 11 63
q 1 4 7 
#c 4 7 green
# found/all 12 63
q 1 0 10 
q 1 1 5 
q 1 2 4 
q 1 3 5 
q 1 4 6 
q 1 3 9 
q 1 4 8 
#c 4 8 green
# found/all 13 63
q 1 5 7 
q 1 4 9 
q 1 5 8 
q 4 2 4 2 5 3 4 3 5 
# SUM >= 2
q 16 0 8 0 9 0 10 0 11 1 8 1 9 1 10 1 11 2 8 2 9 2 10 2 11 3 8 3 9 3 10 3 11 
# SUM >= 2
q 4 2 8 2 9 3 8 3 9 
q 4 2 10 2 11 3 10 3 11 
q 16 0 12 0 13 0 14 0 15 1 12 1 13 1 14 1 15 2 12 2 13 2 14 2 15 3 12 3 13 3 14 3 15 
q 4 0 16 1 16 2 16 3 16 
q 16 4 0 4 1 4 2 4 3 5 0 5 1 5 2 5 3 6 0 6 1 6 2 6 3 7 0 7 1 7 2 7 3 
q 4 4 0 4 1 5 0 5 1 
q 4 4 2 4 3 5 2 5 3 
q 4 6 0 6 1 7 0 7 1 
q 1 6 0 
q 1 6 1 
q 1 7 0 
q 1 7 1 
#c 7 1 green
# searchh
q 1 7 2 
#c 7 2 green
# found/all 15 63
q 1 8 1 
q 1 6 2 
#c 6 2 green
# found/all 16 63
q 1 7 3 
#c 7 3 green
# found/all 18 63
q 1 8 2 
#c 8 2 green
# found/all 19 63
q 1 5 2 
q 1 6 3 
#c 6 3 green
# found/all 20 63
q 1 7 4 
#c 7 4 green
# found/all 21 63
q 1 8 3 
#c 8 3 green
# found/all 23 63
q 1 9 2 
q 1 5 3 
q 1 6 4 
#c 6 4 green
# found/all 24 63
q 1 7 5 
#c 7 5 green
# found/all 25 63
q 1 8 4 
q 1 9 3 
q 1 5 4 
q 1 6 5 
q 1 7 6 
q 1 8 5 
#c 8 5 green
# found/all 26 63
q 1 8 6 
q 1 9 5 
# SUM >= 2
q 16 4 4 4 5 4 6 4 7 5 4 5 5 5 6 5 7 6 4 6 5 6 6 6 7 7 4 7 5 7 6 7 7 
q 4 4 4 4 5 5 4 5 5 
q 4 4 6 4 7 5 6 5 7 
# SUM >= 2
q 16 4 8 4 9 4 10 4 11 5 8 5 9 5 10 5 11 6 8 6 9 6 10 6 11 7 8 7 9 7 10 7 11 
q 4 4 8 4 9 5 8 5 9 
q 1 5 9 
#c 5 9 green
# searchh
q 1 5 10 
#c 5 10 green
# found/all 28 63
q 1 6 9 
#c 6 9 green
# found/all 29 63
q 1 4 10 
#c 4 10 green
# found/all 30 63
q 1 5 11 
#c 5 11 green
# found/all 32 63
q 1 6 10 
#c 6 10 green
# found/all 33 63
q 1 6 8 
q 1 7 9 
q 1 3 10 
q 1 4 11 
#c 4 11 green
# found/all 35 63
q 1 5 12 
#c 5 12 green
# found/all 36 63
q 1 6 11 
#c 6 11 green
# found/all 37 63
q 1 7 10 
q 1 3 11 
q 1 4 12 
q 1 5 13 
#c 5 13 green
# found/all 38 63
q 1 6 12 
#c 6 12 green
# found/all 39 63
q 1 7 11 
#c 7 11 green
# found/all 40 63
q 1 4 13 
q 1 5 14 
#c 5 14 green
# found/all 41 63
q 1 6 13 
#c 6 13 green
# found/all 42 63
q 1 7 12 
q 1 8 11 
#c 8 11 green
# found/all 43 63
q 1 4 14 
q 1 5 15 
#c 5 15 green
# found/all 44 63
q 1 6 14 
#c 6 14 green
# found/all 45 63
q 1 7 13 
q 1 8 10 
q 1 8 12 
#c 8 12 green
# found/all 46 63
q 1 9 11 
q 1 4 15 
#c 4 15 green
# found/all 47 63
q 1 5 16 
q 1 6 15 
q 1 7 14 
#c 7 14 green
# found/all 48 63
q 1 8 13 
q 1 9 12 
q 1 3 15 
#c 3 15 green
# found/all 49 63
q 1 4 16 
#c 4 16 green
# found/all 50 63
q 1 7 15 
#c 7 15 green
# found/all 51 63
q 1 8 14 
q 1 2 15 
q 1 3 14 
q 1 3 16 
q 1 7 16 
q 1 8 15 
# SUM >= 2
q 4 6 8 6 9 7 8 7 9 
# SUM >= 2
q 16 4 12 4 13 4 14 4 15 5 12 5 13 5 14 5 15 6 12 6 13 6 14 6 15 7 12 7 13 7 14 7 15 
# SUM >= 2
# SUM >= 2
q 4 4 16 5 16 6 16 7 16 
q 2 4 16 5 16 
q 2 6 16 7 16 
q 16 8 0 8 1 8 2 8 3 9 0 9 1 9 2 9 3 10 0 10 1 10 2 10 3 11 0 11 1 11 2 11 3 
q 4 8 0 8 1 9 0 9 1 
# SUM >= 2
q 4 10 0 10 1 11 0 11 1 
q 4 10 2 10 3 11 2 11 3 
q 1 10 2 
q 1 10 3 
q 1 11 2 
q 1 11 3 
q 16 8 4 8 5 8 6 8 7 9 4 9 5 9 6 9 7 10 4 10 5 10 6 10 7 11 4 11 5 11 6 11 7 
q 4 8 4 8 5 9 4 9 5 
q 4 8 6 8 7 9 6 9 7 
q 4 10 4 10 5 11 4 11 5 
q 4 10 6 10 7 11 6 11 7 
q 1 10 6 
q 1 10 7 
q 1 11 6 
q 1 11 7 
q 16 8 8 8 9 8 10 8 11 9 8 9 9 9 10 9 11 10 8 10 9 10 10 10 11 11 8 11 9 11 10 11 11 
q 4 8 8 8 9 9 8 9 9 
q 1 8 8 
q 1 8 9 
q 1 9 8 
q 1 9 9 
q 4 8 10 8 11 9 10 9 11 
q 1 9 10 
q 4 10 8 10 9 11 8 11 9 
q 4 10 10 10 11 11 10 11 11 
q 16 8 12 8 13 8 14 8 15 9 12 9 13 9 14 9 15 10 12 10 13 10 14 10 15 11 12 11 13 11 14 11 15 
q 4 8 12 8 13 9 12 9 13 
q 4 8 14 8 15 9 14 9 15 
q 4 10 12 10 13 11 12 11 13 
q 1 10 12 
q 1 10 13 
q 1 11 12 
#c 11 12 green
# searchh
q 1 11 11 
q 1 11 13 
#c 11 13 green
# found/all 53 63
q 1 12 12 
q 1 11 14 
#c 11 14 green
# found/all 54 63
q 1 12 13 
#c 12 13 green
# found/all 55 63
q 1 10 14 
q 1 11 15 
#c 11 15 green
# found/all 56 63
q 1 12 14 
#c 12 14 green
# found/all 57 63
q 1 13 13 
#c 13 13 green
# found/all 58 63
q 1 10 15 
q 1 11 16 
q 1 12 15 
#c 12 15 green
# found/all 59 63
q 1 13 14 
#c 13 14 green
# found/all 60 63
q 1 13 12 
q 1 14 13 
q 1 12 16 
q 1 13 15 
q 1 14 14 
#c 14 14 green
# found/all 61 63
q 1 14 15 
q 1 15 14 
#c 15 14 green
# found/all 62 63
q 1 15 13 
#c 15 13 green
# found/all 63 63
a 59 1 7 1 8 2 7 0 8 1 9 2 6 3 7 0 9 2 5 3 6 3 8 4 7 4 8 7 1 7 2 6 2 7 3 8 2 6 3 7 4 8 3 6 4 7 5 8 5 5 9 5 10 6 9 4 10 5 11 6 10 4 11 5 12 6 11 5 13 6 12 7 11 5 14 6 13 8 11 5 15 6 14 8 12 4 15 7 14 3 15 4 16 7 15 11 12 11 13 11 14 12 13 11 15 12 14 13 13 12 15 13 14 14 14 15 14 15 13 
