# [[0, 1], [0, 2], [1, 0], [1, 1], [1, 2]]
# [[0, 3], [1, 0], [1, 1], [1, 2], [1, 3], [2, 1], [2, 2], [2, 3], [2, 4], [2, 5], [3, 3]]
# [[0, 1], [0, 2], [0, 3], [1, 0], [1, 1], [1, 2], [2, 2]]
# [[0, 1], [1, 1], [1, 2], [1, 3], [1, 4], [1, 5], [2, 0], [2, 1], [2, 2], [2, 3], [2, 4], [3, 2], [4, 2]]
# [[0, 3], [1, 3], [2, 3], [2, 4], [3, 3], [3, 4], [4, 0], [4, 1], [4, 2], [4, 3], [5, 0]]
# [[0, 2], [1, 0], [1, 1], [1, 2], [1, 3], [2, 0], [2, 1], [2, 2], [2, 3], [3, 0], [3, 2]]
# [[0, 3], [1, 1], [1, 2], [1, 3], [2, 0], [2, 1], [2, 2], [2, 3], [2, 4], [3, 0], [3, 2], [3, 3], [3, 4]]
# [[0, 0], [0, 1], [0, 2], [0, 3], [1, 1], [1, 2], [1, 3], [2, 0], [2, 1], [2, 2], [2, 3], [3, 1], [4, 1]]
# [[0, 1], [1, 1], [2, 0], [2, 1], [3, 1], [4, 1], [4, 2]]
# [[0, 1], [1, 0], [1, 1], [1, 2], [2, 1], [2, 2], [3, 0], [3, 1], [3, 2], [3, 3]]
# [[0, 3], [1, 0], [1, 1], [1, 2], [1, 3], [1, 4], [2, 0], [2, 1], [2, 2], [3, 1], [4, 0], [4, 1], [4, 2]]
# [[0, 0], [1, 0], [2, 0], [2, 2], [2, 3], [3, 0], [3, 1], [3, 2], [4, 1]]
# [[0, 0], [0, 1], [0, 2], [1, 2], [1, 3], [1, 4], [2, 1], [2, 2], [2, 3], [3, 1], [3, 2], [4, 1]]
# [[0, 3], [0, 5], [1, 0], [1, 1], [1, 2], [1, 3], [1, 4], [1, 5], [2, 2], [2, 4]]
q 16 0 0 0 1 0 2 0 3 1 0 1 1 1 2 1 3 2 0 2 1 2 2 2 3 3 0 3 1 3 2 3 3 
q 16 0 4 0 5 0 6 0 7 1 4 1 5 1 6 1 7 2 4 2 5 2 6 2 7 3 4 3 5 3 6 3 7 
q 4 0 4 0 5 1 4 1 5 
q 4 0 6 0 7 1 6 1 7 
q 1 0 6 
q 1 0 7 
q 1 1 6 
q 1 1 7 
q 4 2 4 2 5 3 4 3 5 
q 4 2 6 2 7 3 6 3 7 
q 1 2 6 
q 1 2 7 
q 1 3 6 
q 1 3 7 
#c 3 7 green
# searchh
q 1 3 8 
#c 3 8 green
# found/all 2 145
q 1 4 7 
#c 4 7 green
# found/all 3 145
q 1 2 8 
q 1 3 9 
#c 3 9 green
# found/all 4 145
q 1 4 8 
#c 4 8 green
# found/all 5 145
q 1 4 6 
#c 4 6 green
# found/all 6 145
q 1 5 7 
q 1 2 9 
#c 2 9 green
# found/all 7 145
q 1 3 10 
#c 3 10 green
# found/all 8 145
q 1 4 9 
#c 4 9 green
# found/all 9 145
q 1 5 8 
#c 5 8 green
# found/all 10 145
q 1 4 5 
q 1 5 6 
#c 5 6 green
# found/all 12 145
q 1 1 9 
q 1 2 10 
q 1 3 11 
#c 3 11 green
# found/all 13 145
q 1 4 10 
#c 4 10 green
# found/all 14 145
q 1 5 9 
#c 5 9 green
# found/all 15 145
q 1 6 8 
q 1 5 5 
#c 5 5 green
# found/all 16 145
q 1 6 6 
q 1 2 11 
q 1 3 12 
#c 3 12 green
# found/all 18 145
q 1 4 11 
q 1 5 10 
#c 5 10 green
# found/all 19 145
q 1 6 9 
#c 6 9 green
# found/all 20 145
q 1 5 4 
#c 5 4 green
# found/all 21 145
q 1 6 5 
#c 6 5 green
# found/all 22 145
q 1 2 12 
#c 2 12 green
# found/all 23 145
q 1 3 13 
#c 3 13 green
# found/all 24 145
q 1 4 12 
#c 4 12 green
# found/all 26 145
q 1 5 11 
q 1 6 10 
#c 6 10 green
# found/all 27 145
q 1 7 9 
#c 7 9 green
# found/all 28 145
q 1 4 4 
#c 4 4 green
# found/all 29 145
q 1 5 3 
q 1 6 4 
#c 6 4 green
# found/all 30 145
q 1 7 5 
q 1 1 12 
q 1 2 13 
#c 2 13 green
# found/all 31 145
q 1 3 14 
#c 3 14 green
# found/all 32 145
q 1 4 13 
#c 4 13 green
# found/all 33 145
q 1 5 12 
#c 5 12 green
# found/all 34 145
q 1 6 11 
#c 6 11 green
# found/all 35 145
q 1 7 10 
q 1 7 8 
q 1 8 9 
q 1 3 4 
q 1 4 3 
#c 4 3 green
# found/all 36 145
q 1 6 3 
#c 6 3 green
# found/all 37 145
q 1 7 4 
#c 7 4 green
# found/all 38 145
q 1 1 13 
q 1 2 14 
q 1 3 15 
#c 3 15 green
# found/all 39 145
q 1 4 14 
#c 4 14 green
# found/all 40 145
q 1 5 13 
#c 5 13 green
# found/all 41 145
q 1 6 12 
#c 6 12 green
# found/all 42 145
q 1 7 11 
q 1 3 3 
q 1 4 2 
#c 4 2 green
# found/all 43 145
q 1 6 2 
q 1 7 3 
#c 7 3 green
# found/all 44 145
q 1 8 4 
q 1 2 15 
#c 2 15 green
# found/all 45 145
q 1 3 16 
q 1 4 15 
q 1 5 14 
q 1 6 13 
q 1 7 12 
q 1 3 2 
q 1 4 1 
q 1 5 2 
q 1 7 2 
q 1 8 3 
#c 8 3 green
# found/all 46 145
q 1 1 15 
q 1 2 16 
q 1 8 2 
q 1 9 3 
q 16 0 8 0 9 0 10 0 11 1 8 1 9 1 10 1 11 2 8 2 9 2 10 2 11 3 8 3 9 3 10 3 11 
q 4 0 8 0 9 1 8 1 9 
q 4 0 10 0 11 1 10 1 11 
# SUM >= 2
q 16 0 12 0 13 0 14 0 15 1 12 1 13 1 14 1 15 2 12 2 13 2 14 2 15 3 12 3 13 3 14 3 15 
q 4 0 12 0 13 1 12 1 13 
q 1 0 12 
q 1 0 13 
q 4 0 14 0 15 1 14 1 15 
# SUM >= 2
q 16 0 16 0 17 0 18 0 19 1 16 1 17 1 18 1 19 2 16 2 17 2 18 2 19 3 16 3 17 3 18 3 19 
q 16 4 0 4 1 4 2 4 3 5 0 5 1 5 2 5 3 6 0 6 1 6 2 6 3 7 0 7 1 7 2 7 3 
q 4 4 0 4 1 5 0 5 1 
# SUM >= 2
q 4 6 0 6 1 7 0 7 1 
# SUM >= 2
q 16 4 4 4 5 4 6 4 7 5 4 5 5 5 6 5 7 6 4 6 5 6 6 6 7 7 4 7 5 7 6 7 7 
# SUM >= 2
# SUM >= 2
q 16 4 8 4 9 4 10 4 11 5 8 5 9 5 10 5 11 6 8 6 9 6 10 6 11 7 8 7 9 7 10 7 11 
# SUM >= 2
# SUM >= 2
q 16 4 12 4 13 4 14 4 15 5 12 5 13 5 14 5 15 6 12 6 13 6 14 6 15 7 12 7 13 7 14 7 15 
# SUM >= 2
q 4 6 12 6 13 7 12 7 13 
q 1 7 13 
q 4 6 14 6 15 7 14 7 15 
q 16 4 16 4 17 4 18 4 19 5 16 5 17 5 18 5 19 6 16 6 17 6 18 6 19 7 16 7 17 7 18 7 19 
q 4 4 16 4 17 5 16 5 17 
q 4 4 18 4 19 5 18 5 19 
q 1 4 18 
q 1 4 19 
q 1 5 18 
q 1 5 19 
q 4 6 16 6 17 7 16 7 17 
q 4 6 18 6 19 7 18 7 19 
q 16 8 0 8 1 8 2 8 3 9 0 9 1 9 2 9 3 10 0 10 1 10 2 10 3 11 0 11 1 11 2 11 3 
q 4 8 0 8 1 9 0 9 1 
q 4 8 2 8 3 9 2 9 3 
q 1 9 2 
q 4 10 0 10 1 11 0 11 1 
q 4 10 2 10 3 11 2 11 3 
q 16 8 4 8 5 8 6 8 7 9 4 9 5 9 6 9 7 10 4 10 5 10 6 10 7 11 4 11 5 11 6 11 7 
q 4 8 4 8 5 9 4 9 5 
q 1 8 5 
q 1 9 4 
q 1 9 5 
#c 9 5 green
# searchh
q 1 9 6 
#c 9 6 green
# found/all 50 145
q 1 10 5 
#c 10 5 green
# found/all 51 145
q 1 8 6 
#c 8 6 green
# found/all 52 145
q 1 9 7 
#c 9 7 green
# found/all 53 145
q 1 10 6 
#c 10 6 green
# found/all 55 145
q 1 10 4 
q 1 11 5 
#c 11 5 green
# found/all 56 145
q 1 7 6 
#c 7 6 green
# found/all 57 145
q 1 8 7 
#c 8 7 green
# found/all 58 145
q 1 9 8 
#c 9 8 green
# found/all 59 145
q 1 10 7 
#c 10 7 green
# found/all 60 145
q 1 11 6 
#c 11 6 green
# found/all 61 145
q 1 11 4 
q 1 12 5 
q 1 7 7 
q 1 8 8 
q 1 9 9 
q 1 10 8 
#c 10 8 green
# found/all 62 145
q 1 11 7 
#c 11 7 green
# found/all 64 145
q 1 12 6 
q 1 10 9 
q 1 11 8 
q 1 12 7 
# SUM >= 2
# SUM >= 2
q 16 8 8 8 9 8 10 8 11 9 8 9 9 9 10 9 11 10 8 10 9 10 10 10 11 11 8 11 9 11 10 11 11 
q 4 8 8 8 9 9 8 9 9 
q 4 8 10 8 11 9 10 9 11 
q 4 10 8 10 9 11 8 11 9 
q 1 11 9 
q 4 10 10 10 11 11 10 11 11 
q 16 8 12 8 13 8 14 8 15 9 12 9 13 9 14 9 15 10 12 10 13 10 14 10 15 11 12 11 13 11 14 11 15 
q 4 8 12 8 13 9 12 9 13 
q 4 8 14 8 15 9 14 9 15 
q 4 10 12 10 13 11 12 11 13 
q 4 10 14 10 15 11 14 11 15 
q 1 10 14 
q 1 10 15 
#c 10 15 green
# searchh
q 1 9 15 
#c 9 15 green
# found/all 66 145
q 1 10 16 
q 1 11 15 
#c 11 15 green
# found/all 68 145
q 1 8 15 
q 1 9 14 
q 1 9 16 
q 1 11 14 
#c 11 14 green
# found/all 69 145
q 1 11 16 
#c 11 16 green
# found/all 70 145
q 1 12 15 
#c 12 15 green
# found/all 72 145
q 1 11 13 
q 1 12 14 
q 1 11 17 
#c 11 17 green
# found/all 74 145
q 1 12 16 
#c 12 16 green
# found/all 77 145
q 1 13 15 
#c 13 15 green
# found/all 78 145
q 1 10 17 
#c 10 17 green
# found/all 79 145
q 1 11 18 
#c 11 18 green
# found/all 80 145
q 1 12 17 
#c 12 17 green
# found/all 82 145
q 1 13 16 
#c 13 16 green
# found/all 84 145
q 1 13 14 
q 1 14 15 
q 1 9 17 
q 1 10 18 
q 1 11 19 
q 1 12 18 
#c 12 18 green
# found/all 85 145
q 1 13 17 
#c 13 17 green
# found/all 87 145
q 1 14 16 
#c 14 16 green
# found/all 88 145
q 1 12 19 
#c 12 19 green
# found/all 89 145
q 1 13 18 
q 1 14 17 
#c 14 17 green
# found/all 90 145
q 1 15 16 
#c 15 16 green
# found/all 91 145
q 1 13 19 
q 1 14 18 
q 1 15 17 
#c 15 17 green
# found/all 92 145
q 1 15 15 
#c 15 15 green
# found/all 93 145
q 1 16 16 
q 1 15 18 
#c 15 18 green
# found/all 94 145
q 1 16 17 
q 1 15 14 
q 1 16 15 
q 1 15 19 
q 1 16 18 
q 16 8 16 8 17 8 18 8 19 9 16 9 17 9 18 9 19 10 16 10 17 10 18 10 19 11 16 11 17 11 18 11 19 
q 4 8 16 8 17 9 16 9 17 
q 4 8 18 8 19 9 18 9 19 
# SUM >= 2
q 16 12 0 12 1 12 2 12 3 13 0 13 1 13 2 13 3 14 0 14 1 14 2 14 3 15 0 15 1 15 2 15 3 
q 4 12 0 12 1 13 0 13 1 
q 1 12 0 
q 1 12 1 
q 1 13 0 
q 1 13 1 
q 4 12 2 12 3 13 2 13 3 
q 1 12 2 
q 1 12 3 
#c 12 3 green
# searchh
q 1 11 3 
q 1 12 4 
q 1 13 3 
#c 13 3 green
# found/all 96 145
q 1 13 2 
q 1 13 4 
#c 13 4 green
# found/all 97 145
q 1 14 3 
#c 14 3 green
# found/all 99 145
q 1 13 5 
#c 13 5 green
# found/all 100 145
q 1 14 4 
#c 14 4 green
# found/all 102 145
q 1 14 2 
#c 14 2 green
# found/all 105 145
q 1 15 3 
#c 15 3 green
# found/all 106 145
q 1 13 6 
#c 13 6 green
# found/all 107 145
q 1 14 5 
#c 14 5 green
# found/all 109 145
q 1 15 4 
#c 15 4 green
# found/all 111 145
q 1 14 1 
#c 14 1 green
# found/all 112 145
q 1 15 2 
#c 15 2 green
# found/all 113 145
q 1 16 3 
#c 16 3 green
# found/all 115 145
q 1 13 7 
#c 13 7 green
# found/all 116 145
q 1 14 6 
#c 14 6 green
# found/all 117 145
q 1 15 5 
#c 15 5 green
# found/all 118 145
q 1 16 4 
#c 16 4 green
# found/all 120 145
q 1 14 0 
q 1 15 1 
#c 15 1 green
# found/all 121 145
q 1 16 2 
#c 16 2 green
# found/all 123 145
q 1 17 3 
#c 17 3 green
# found/all 124 145
q 1 13 8 
q 1 14 7 
q 1 15 6 
q 1 16 5 
#c 16 5 green
# found/all 125 145
q 1 17 4 
q 1 15 0 
#c 15 0 green
# found/all 126 145
q 1 16 1 
#c 16 1 green
# found/all 127 145
q 1 17 2 
#c 17 2 green
# found/all 128 145
q 1 18 3 
#c 18 3 green
# found/all 129 145
q 1 16 6 
q 1 17 5 
q 1 16 0 
q 1 17 1 
#c 17 1 green
# found/all 130 145
q 1 18 2 
#c 18 2 green
# found/all 131 145
q 1 18 4 
q 1 19 3 
q 1 17 0 
#c 17 0 green
# found/all 132 145
q 1 18 1 
q 1 19 2 
q 1 18 0 
# SUM >= 2
q 16 12 4 12 5 12 6 12 7 13 4 13 5 13 6 13 7 14 4 14 5 14 6 14 7 15 4 15 5 15 6 15 7 
# SUM >= 2
# SUM >= 2
q 16 12 8 12 9 12 10 12 11 13 8 13 9 13 10 13 11 14 8 14 9 14 10 14 11 15 8 15 9 15 10 15 11 
q 4 12 8 12 9 13 8 13 9 
q 4 12 10 12 11 13 10 13 11 
q 1 12 10 
#c 12 10 green
# searchh
q 1 11 10 
q 1 12 9 
#c 12 9 green
# found/all 134 145
q 1 12 11 
#c 12 11 green
# found/all 135 145
q 1 13 10 
#c 13 10 green
# found/all 136 145
q 1 12 8 
q 1 13 9 
#c 13 9 green
# found/all 137 145
q 1 11 11 
q 1 12 12 
#c 12 12 green
# found/all 138 145
q 1 13 11 
#c 13 11 green
# found/all 139 145
q 1 14 10 
#c 14 10 green
# found/all 140 145
q 1 14 9 
q 1 11 12 
#c 11 12 green
# found/all 141 145
q 1 12 13 
#c 12 13 green
# found/all 142 145
q 1 13 12 
q 1 14 11 
q 1 15 10 
#c 15 10 green
# found/all 143 145
q 1 10 12 
q 1 13 13 
q 1 15 9 
#c 15 9 green
# found/all 144 145
q 1 15 11 
#c 15 11 green
# found/all 145 145
a 121 3 7 3 8 4 7 3 9 4 8 4 6 2 9 3 10 4 9 5 8 5 6 3 11 4 10 5 9 5 5 3 12 5 10 6 9 5 4 6 5 2 12 3 13 4 12 6 10 7 9 4 4 6 4 2 13 3 14 4 13 5 12 6 11 4 3 6 3 7 4 3 15 4 14 5 13 6 12 4 2 7 3 2 15 8 3 9 5 9 6 10 5 8 6 9 7 10 6 11 5 7 6 8 7 9 8 10 7 11 6 10 8 11 7 10 15 9 15 11 15 11 14 11 16 12 15 11 17 12 16 13 15 10 17 11 18 12 17 13 16 12 18 13 17 14 16 12 19 14 17 15 16 15 17 15 15 15 18 12 3 13 3 13 4 14 3 13 5 14 4 14 2 15 3 13 6 14 5 15 4 14 1 15 2 16 3 13 7 14 6 15 5 16 4 15 1 16 2 17 3 16 5 15 0 16 1 17 2 18 3 17 1 18 2 17 0 12 10 12 9 12 11 13 10 13 9 12 12 13 11 14 10 11 12 12 13 15 10 15 9 15 11 
