# [[0, 2], [0, 5], [0, 6], [1, 1], [1, 2], [1, 3], [1, 4], [1, 5], [1, 6], [2, 0], [2, 1], [2, 2], [2, 3], [2, 4], [2, 5], [2, 6], [2, 7], [2, 8], [2, 9], [3, 0], [3, 1], [3, 3], [3, 4], [3, 5], [3, 6], [3, 7], [3, 8], [3, 9], [4, 4], [4, 5], [4, 6], [4, 7], [4, 8], [4, 9], [4, 10], [5, 4], [5, 5], [5, 6], [5, 7], [5, 8], [5, 9], [6, 3], [6, 4], [6, 6], [6, 8], [7, 4], [7, 5], [7, 8]]
# [[0, 1], [0, 2], [0, 3], [0, 4], [1, 1], [1, 2], [1, 3], [1, 4], [1, 5], [2, 2], [2, 3], [2, 4], [3, 1], [3, 3], [4, 0], [4, 1], [4, 2], [4, 3], [4, 4], [4, 5], [5, 0], [5, 2], [5, 3], [5, 4], [5, 5], [6, 2]]
# [[0, 4], [1, 1], [1, 2], [1, 4], [1, 5], [2, 2], [2, 3], [2, 4], [2, 5], [2, 6], [2, 7], [3, 0], [3, 1], [3, 2], [3, 4], [3, 5], [3, 6], [3, 7], [3, 8], [4, 5], [4, 6], [4, 7], [4, 8], [5, 2], [5, 3], [5, 4], [5, 5], [5, 6], [6, 4], [6, 5], [7, 4]]
# [[0, 2], [0, 4], [0, 5], [1, 1], [1, 2], [1, 3], [1, 4], [1, 5], [1, 6], [2, 1], [2, 2], [2, 3], [2, 4], [2, 5], [3, 0], [3, 1], [3, 2], [3, 3], [3, 4], [3, 5], [3, 6], [4, 0], [4, 1], [4, 3], [4, 4], [4, 5], [4, 6], [4, 7], [5, 3], [5, 4], [5, 5], [5, 7], [6, 5], [6, 6]]
q 16 0 0 0 1 0 2 0 3 1 0 1 1 1 2 1 3 2 0 2 1 2 2 2 3 3 0 3 1 3 2 3 3 
q 16 0 4 0 5 0 6 0 7 1 4 1 5 1 6 1 7 2 4 2 5 2 6 2 7 3 4 3 5 3 6 3 7 
q 16 0 8 0 9 0 10 0 11 1 8 1 9 1 10 1 11 2 8 2 9 2 10 2 11 3 8 3 9 3 10 3 11 
q 16 0 12 0 13 0 14 0 15 1 12 1 13 1 14 1 15 2 12 2 13 2 14 2 15 3 12 3 13 3 14 3 15 
q 12 0 16 0 17 0 18 1 16 1 17 1 18 2 16 2 17 2 18 3 16 3 17 3 18 
q 16 4 0 4 1 4 2 4 3 5 0 5 1 5 2 5 3 6 0 6 1 6 2 6 3 7 0 7 1 7 2 7 3 
q 4 4 0 4 1 5 0 5 1 
q 4 4 2 4 3 5 2 5 3 
q 4 6 0 6 1 7 0 7 1 
q 4 6 2 6 3 7 2 7 3 
q 16 4 4 4 5 4 6 4 7 5 4 5 5 5 6 5 7 6 4 6 5 6 6 6 7 7 4 7 5 7 6 7 7 
q 16 4 8 4 9 4 10 4 11 5 8 5 9 5 10 5 11 6 8 6 9 6 10 6 11 7 8 7 9 7 10 7 11 
q 4 4 8 4 9 5 8 5 9 
q 4 4 10 4 11 5 10 5 11 
q 1 4 10 
q 1 4 11 
q 1 5 10 
q 1 5 11 
q 4 6 8 6 9 7 8 7 9 
q 4 6 10 6 11 7 10 7 11 
q 1 6 10 
q 1 6 11 
q 1 7 10 
q 1 7 11 
q 16 4 12 4 13 4 14 4 15 5 12 5 13 5 14 5 15 6 12 6 13 6 14 6 15 7 12 7 13 7 14 7 15 
q 12 4 16 4 17 4 18 5 16 5 17 5 18 6 16 6 17 6 18 7 16 7 17 7 18 
q 4 4 16 4 17 5 16 5 17 
q 2 4 18 5 18 
q 4 6 16 6 17 7 16 7 17 
q 2 6 18 7 18 
q 16 8 0 8 1 8 2 8 3 9 0 9 1 9 2 9 3 10 0 10 1 10 2 10 3 11 0 11 1 11 2 11 3 
q 4 8 0 8 1 9 0 9 1 
q 4 8 2 8 3 9 2 9 3 
q 4 10 0 10 1 11 0 11 1 
q 4 10 2 10 3 11 2 11 3 
q 1 10 2 
q 1 10 3 
q 1 11 2 
q 1 11 3 
q 16 8 4 8 5 8 6 8 7 9 4 9 5 9 6 9 7 10 4 10 5 10 6 10 7 11 4 11 5 11 6 11 7 
q 4 8 4 8 5 9 4 9 5 
q 1 8 4 
q 1 8 5 
q 1 9 4 
q 1 9 5 
q 4 8 6 8 7 9 6 9 7 
q 4 10 4 10 5 11 4 11 5 
q 1 10 4 
q 1 10 5 
q 1 11 4 
#c 11 4 green
# searchh
q 1 11 5 
#c 11 5 green
# found/all 2 139
q 1 12 4 
#c 12 4 green
# found/all 3 139
q 1 11 6 
#c 11 6 green
# found/all 5 139
q 1 12 5 
#c 12 5 green
# found/all 7 139
q 1 12 3 
q 1 13 4 
q 1 10 6 
q 1 11 7 
#c 11 7 green
# found/all 9 139
q 1 12 6 
#c 12 6 green
# found/all 12 139
q 1 13 5 
#c 13 5 green
# found/all 14 139
q 1 10 7 
#c 10 7 green
# found/all 15 139
q 1 11 8 
#c 11 8 green
# found/all 16 139
q 1 12 7 
#c 12 7 green
# found/all 19 139
q 1 13 6 
#c 13 6 green
# found/all 21 139
q 1 14 5 
#c 14 5 green
# found/all 22 139
q 1 9 7 
q 1 10 8 
q 1 11 9 
#c 11 9 green
# found/all 24 139
q 1 12 8 
#c 12 8 green
# found/all 26 139
q 1 13 7 
#c 13 7 green
# found/all 28 139
q 1 14 6 
#c 14 6 green
# found/all 30 139
q 1 14 4 
#c 14 4 green
# found/all 31 139
q 1 15 5 
#c 15 5 green
# found/all 32 139
q 1 10 9 
q 1 11 10 
#c 11 10 green
# found/all 33 139
q 1 12 9 
#c 12 9 green
# found/all 35 139
q 1 13 8 
#c 13 8 green
# found/all 37 139
q 1 14 7 
#c 14 7 green
# found/all 38 139
q 1 15 6 
#c 15 6 green
# found/all 39 139
q 1 14 3 
q 1 15 4 
#c 15 4 green
# found/all 40 139
q 1 16 5 
#c 16 5 green
# found/all 41 139
q 1 10 10 
#c 10 10 green
# found/all 42 139
q 1 11 11 
#c 11 11 green
# found/all 43 139
q 1 12 10 
#c 12 10 green
# found/all 45 139
q 1 13 9 
#c 13 9 green
# found/all 47 139
q 1 14 8 
q 1 15 7 
#c 15 7 green
# found/all 48 139
q 1 16 6 
#c 16 6 green
# found/all 49 139
q 1 15 3 
#c 15 3 green
# found/all 50 139
q 1 16 4 
q 1 17 5 
#c 17 5 green
# found/all 51 139
q 1 9 10 
q 1 10 11 
#c 10 11 green
# found/all 52 139
q 1 11 12 
q 1 12 11 
#c 12 11 green
# found/all 53 139
q 1 13 10 
#c 13 10 green
# found/all 55 139
q 1 14 9 
#c 14 9 green
# found/all 57 139
q 1 15 8 
#c 15 8 green
# found/all 58 139
q 1 16 7 
#c 16 7 green
# found/all 60 139
q 1 17 6 
q 1 15 2 
q 1 16 3 
#c 16 3 green
# found/all 61 139
q 1 17 4 
q 1 18 5 
q 1 9 11 
q 1 10 12 
q 1 12 12 
#c 12 12 green
# found/all 63 139
q 1 13 11 
#c 13 11 green
# found/all 65 139
q 1 14 10 
#c 14 10 green
# found/all 67 139
q 1 15 9 
#c 15 9 green
# found/all 68 139
q 1 16 8 
#c 16 8 green
# found/all 71 139
q 1 17 7 
q 1 16 2 
q 1 17 3 
q 1 12 13 
#c 12 13 green
# found/all 73 139
q 1 13 12 
#c 13 12 green
# found/all 76 139
q 1 14 11 
#c 14 11 green
# found/all 79 139
q 1 15 10 
#c 15 10 green
# found/all 81 139
q 1 16 9 
#c 16 9 green
# found/all 83 139
q 1 17 8 
q 1 11 13 
#c 11 13 green
# found/all 84 139
q 1 12 14 
#c 12 14 green
# found/all 86 139
q 1 13 13 
#c 13 13 green
# found/all 88 139
q 1 14 12 
#c 14 12 green
# found/all 91 139
q 1 15 11 
#c 15 11 green
# found/all 94 139
q 1 16 10 
#c 16 10 green
# found/all 95 139
q 1 17 9 
#c 17 9 green
# found/all 97 139
q 1 10 13 
q 1 11 14 
q 1 12 15 
#c 12 15 green
# found/all 98 139
q 1 13 14 
#c 13 14 green
# found/all 100 139
q 1 14 13 
#c 14 13 green
# found/all 103 139
q 1 15 12 
#c 15 12 green
# found/all 106 139
q 1 16 11 
#c 16 11 green
# found/all 108 139
q 1 17 10 
#c 17 10 green
# found/all 110 139
q 1 18 9 
#c 18 9 green
# found/all 111 139
q 1 11 15 
#c 11 15 green
# found/all 112 139
q 1 12 16 
#c 12 16 green
# found/all 113 139
q 1 13 15 
#c 13 15 green
# found/all 114 139
q 1 14 14 
#c 14 14 green
# found/all 116 139
q 1 15 13 
#c 15 13 green
# found/all 118 139
q 1 16 12 
q 1 17 11 
q 1 18 10 
q 1 18 8 
q 1 10 15 
q 1 11 16 
#c 11 16 green
# found/all 119 139
q 1 12 17 
#c 12 17 green
# found/all 120 139
q 1 13 16 
#c 13 16 green
# found/all 121 139
q 1 14 15 
#c 14 15 green
# found/all 123 139
q 1 15 14 
#c 15 14 green
# found/all 125 139
q 1 16 13 
#c 16 13 green
# found/all 126 139
q 1 10 16 
q 1 11 17 
q 1 12 18 
q 1 13 17 
q 1 14 16 
#c 14 16 green
# found/all 127 139
q 1 15 15 
#c 15 15 green
# found/all 128 139
q 1 16 14 
#c 16 14 green
# found/all 129 139
q 1 17 13 
#c 17 13 green
# found/all 130 139
q 1 14 17 
#c 14 17 green
# found/all 131 139
q 1 15 16 
#c 15 16 green
# found/all 132 139
q 1 16 15 
#c 16 15 green
# found/all 133 139
q 1 17 14 
q 1 17 12 
q 1 18 13 
q 1 14 18 
q 1 15 17 
#c 15 17 green
# found/all 134 139
q 1 16 16 
#c 16 16 green
# found/all 135 139
q 1 17 15 
q 1 15 18 
#c 15 18 green
# found/all 136 139
q 1 16 17 
q 1 17 16 
#c 17 16 green
# found/all 137 139
q 1 16 18 
#c 16 18 green
# found/all 138 139
q 1 17 17 
#c 17 17 green
# found/all 139 139
a 89 11 4 11 5 12 4 11 6 12 5 11 7 12 6 13 5 10 7 11 8 12 7 13 6 14 5 11 9 12 8 13 7 14 6 14 4 15 5 11 10 12 9 13 8 14 7 15 6 15 4 16 5 10 10 11 11 12 10 13 9 15 7 16 6 15 3 17 5 10 11 12 11 13 10 14 9 15 8 16 7 16 3 12 12 13 11 14 10 15 9 16 8 12 13 13 12 14 11 15 10 16 9 11 13 12 14 13 13 14 12 15 11 16 10 17 9 12 15 13 14 14 13 15 12 16 11 17 10 18 9 11 15 12 16 13 15 14 14 15 13 11 16 12 17 13 16 14 15 15 14 16 13 14 16 15 15 16 14 17 13 14 17 15 16 16 15 15 17 16 16 15 18 17 16 16 18 17 17 
