# [[0, 0], [0, 1], [1, 1], [2, 0], [2, 1]]
# [[0, 1], [0, 2], [1, 0], [1, 1], [2, 0]]
# [[0, 0], [0, 1], [1, 1], [2, 0], [2, 1]]
# [[0, 0], [1, 0], [1, 1], [2, 0], [2, 1]]
# [[0, 1], [1, 0], [1, 1], [1, 2], [2, 2]]
# [[0, 0], [1, 0], [2, 0], [3, 0], [3, 1]]
# [[0, 0], [0, 1], [0, 2], [1, 1], [2, 1]]
# [[0, 0], [0, 1], [0, 2], [1, 0], [1, 2]]
# [[0, 2], [1, 0], [1, 1], [1, 2], [2, 0]]
q 16 0 0 0 1 0 2 0 3 1 0 1 1 1 2 1 3 2 0 2 1 2 2 2 3 3 0 3 1 3 2 3 3 
q 4 0 0 0 1 1 0 1 1 
q 1 0 0 
q 1 0 1 
q 1 1 0 
q 1 1 1 
q 4 0 2 0 3 1 2 1 3 
q 4 2 0 2 1 3 0 3 1 
q 1 2 0 
q 1 2 1 
q 1 3 0 
#c 3 0 green
# searchh
q 1 3 1 
#c 3 1 green
# found/all 2 45
q 1 4 0 
q 1 3 2 
q 1 4 1 
#c 4 1 green
# found/all 3 45
q 1 4 2 
q 1 5 1 
#c 5 1 green
# found/all 4 45
q 1 5 0 
#c 5 0 green
# found/all 5 45
q 1 5 2 
q 1 6 1 
q 1 6 0 
q 4 2 2 2 3 3 2 3 3 
q 16 0 4 0 5 0 6 0 7 1 4 1 5 1 6 1 7 2 4 2 5 2 6 2 7 3 4 3 5 3 6 3 7 
q 4 0 4 0 5 1 4 1 5 
q 1 0 4 
q 1 0 5 
q 1 1 4 
q 1 1 5 
q 4 0 6 0 7 1 6 1 7 
q 1 0 6 
q 1 0 7 
q 1 1 6 
#c 1 6 green
# searchh
q 1 1 7 
#c 1 7 green
# found/all 7 45
q 1 2 6 
#c 2 6 green
# found/all 8 45
q 1 1 8 
#c 1 8 green
# found/all 10 45
q 1 2 7 
#c 2 7 green
# found/all 11 45
q 1 2 5 
q 1 3 6 
q 1 0 8 
#c 0 8 green
# found/all 12 45
q 1 1 9 
#c 1 9 green
# found/all 13 45
q 1 2 8 
#c 2 8 green
# found/all 14 45
q 1 3 7 
#c 3 7 green
# found/all 15 45
q 1 0 9 
q 1 1 10 
q 1 2 9 
q 1 3 8 
#c 3 8 green
# found/all 16 45
q 1 4 7 
q 1 3 9 
#c 3 9 green
# found/all 17 45
q 1 4 8 
q 1 3 10 
#c 3 10 green
# found/all 18 45
q 1 4 9 
#c 4 9 green
# found/all 19 45
q 1 2 10 
q 1 3 11 
q 1 4 10 
q 1 5 9 
#c 5 9 green
# found/all 20 45
q 1 5 8 
q 1 5 10 
q 1 6 9 
q 4 2 4 2 5 3 4 3 5 
# SUM >= 2
q 16 0 8 0 9 0 10 0 11 1 8 1 9 1 10 1 11 2 8 2 9 2 10 2 11 3 8 3 9 3 10 3 11 
# SUM >= 2
# SUM >= 2
q 12 0 12 0 13 0 14 1 12 1 13 1 14 2 12 2 13 2 14 3 12 3 13 3 14 
q 16 4 0 4 1 4 2 4 3 5 0 5 1 5 2 5 3 6 0 6 1 6 2 6 3 7 0 7 1 7 2 7 3 
# SUM >= 2
q 4 6 0 6 1 7 0 7 1 
q 4 6 2 6 3 7 2 7 3 
q 16 4 4 4 5 4 6 4 7 5 4 5 5 5 6 5 7 6 4 6 5 6 6 6 7 7 4 7 5 7 6 7 7 
q 16 4 8 4 9 4 10 4 11 5 8 5 9 5 10 5 11 6 8 6 9 6 10 6 11 7 8 7 9 7 10 7 11 
# SUM >= 2
q 4 6 8 6 9 7 8 7 9 
q 4 6 10 6 11 7 10 7 11 
q 12 4 12 4 13 4 14 5 12 5 13 5 14 6 12 6 13 6 14 7 12 7 13 7 14 
q 4 4 12 4 13 5 12 5 13 
q 2 4 14 5 14 
q 4 6 12 6 13 7 12 7 13 
q 1 6 12 
#c 6 12 green
# searchh
q 1 5 12 
q 1 6 11 
q 1 6 13 
#c 6 13 green
# found/all 22 45
q 1 7 12 
q 1 5 13 
q 1 6 14 
q 1 7 13 
#c 7 13 green
# found/all 23 45
q 1 7 14 
q 1 8 13 
#c 8 13 green
# found/all 24 45
q 1 8 12 
#c 8 12 green
# found/all 25 45
q 1 8 14 
q 1 9 13 
q 1 8 11 
q 1 9 12 
#c 9 12 green
# found/all 26 45
q 1 9 11 
q 1 10 12 
#c 10 12 green
# found/all 27 45
q 1 10 11 
q 1 10 13 
q 1 11 12 
#c 11 12 green
# found/all 28 45
q 1 11 11 
q 1 11 13 
q 1 12 12 
#c 12 12 green
# found/all 29 45
q 1 12 11 
#c 12 11 green
# found/all 30 45
q 1 12 13 
#c 12 13 green
# found/all 31 45
q 1 13 12 
#c 13 12 green
# found/all 32 45
q 1 12 10 
q 1 13 11 
#c 13 11 green
# found/all 33 45
q 1 12 14 
q 1 13 13 
q 1 14 12 
#c 14 12 green
# found/all 34 45
q 1 13 10 
q 1 14 11 
#c 14 11 green
# found/all 35 45
q 1 14 13 
q 1 14 10 
q 2 6 14 7 14 
q 16 8 0 8 1 8 2 8 3 9 0 9 1 9 2 9 3 10 0 10 1 10 2 10 3 11 0 11 1 11 2 11 3 
q 16 8 4 8 5 8 6 8 7 9 4 9 5 9 6 9 7 10 4 10 5 10 6 10 7 11 4 11 5 11 6 11 7 
q 4 8 4 8 5 9 4 9 5 
q 4 8 6 8 7 9 6 9 7 
q 4 10 4 10 5 11 4 11 5 
q 1 10 4 
q 1 10 5 
#c 10 5 green
# searchh
q 1 9 5 
q 1 10 6 
q 1 11 5 
#c 11 5 green
# found/all 37 45
q 1 11 4 
#c 11 4 green
# found/all 38 45
q 1 11 6 
#c 11 6 green
# found/all 39 45
q 1 12 5 
q 1 11 3 
q 1 12 4 
q 1 11 7 
#c 11 7 green
# found/all 40 45
q 1 12 6 
#c 12 6 green
# found/all 41 45
q 1 10 7 
#c 10 7 green
# found/all 42 45
q 1 11 8 
q 1 12 7 
q 1 13 6 
q 1 9 7 
q 1 10 8 
#c 10 8 green
# found/all 43 45
q 1 9 8 
q 1 10 9 
#c 10 9 green
# found/all 44 45
q 1 9 9 
q 1 10 10 
q 1 11 9 
#c 11 9 green
# found/all 45 45
a 44 3 0 3 1 4 1 5 1 5 0 1 6 1 7 2 6 1 8 2 7 0 8 1 9 2 8 3 7 3 8 3 9 3 10 4 9 5 9 6 12 6 13 7 13 8 13 8 12 9 12 10 12 11 12 12 12 12 11 12 13 13 12 13 11 14 12 14 11 10 5 11 5 11 4 11 6 11 7 12 6 10 7 10 8 10 9 11 9 
