# [[0, 1], [1, 1], [2, 1], [3, 1], [4, 0], [4, 1]]
# [[0, 1], [0, 2], [1, 0], [1, 1], [1, 2], [2, 1], [2, 2], [2, 3], [3, 0], [3, 1], [3, 2], [3, 3], [4, 2]]
# [[0, 0], [0, 1], [1, 0], [1, 1], [2, 1], [3, 1], [3, 2]]
# [[0, 1], [1, 0], [1, 1], [2, 1], [3, 0], [3, 1]]
# [[0, 1], [0, 2], [1, 1], [1, 2], [2, 0], [2, 1], [2, 2], [3, 0], [3, 1], [3, 2], [4, 0], [4, 2], [4, 3]]
# [[0, 1], [1, 0], [1, 1], [1, 2], [2, 2], [3, 2]]
# [[0, 0], [1, 0], [1, 2], [1, 3], [1, 4], [2, 0], [2, 1], [2, 2], [2, 3], [2, 4], [3, 2], [3, 3], [4, 3]]
q 16 0 0 0 1 0 2 0 3 1 0 1 1 1 2 1 3 2 0 2 1 2 2 2 3 3 0 3 1 3 2 3 3 
q 16 0 4 0 5 0 6 0 7 1 4 1 5 1 6 1 7 2 4 2 5 2 6 2 7 3 4 3 5 3 6 3 7 
q 16 0 8 0 9 0 10 0 11 1 8 1 9 1 10 1 11 2 8 2 9 2 10 2 11 3 8 3 9 3 10 3 11 
q 4 0 8 0 9 1 8 1 9 
q 4 0 10 0 11 1 10 1 11 
q 4 2 8 2 9 3 8 3 9 
q 1 2 8 
q 1 2 9 
q 1 3 8 
q 1 3 9 
q 4 2 10 2 11 3 10 3 11 
q 16 0 12 0 13 0 14 0 15 1 12 1 13 1 14 1 15 2 12 2 13 2 14 2 15 3 12 3 13 3 14 3 15 
q 4 0 12 0 13 1 12 1 13 
q 4 0 14 0 15 1 14 1 15 
q 4 2 12 2 13 3 12 3 13 
q 4 2 14 2 15 3 14 3 15 
q 4 0 16 1 16 2 16 3 16 
q 16 4 0 4 1 4 2 4 3 5 0 5 1 5 2 5 3 6 0 6 1 6 2 6 3 7 0 7 1 7 2 7 3 
q 4 4 0 4 1 5 0 5 1 
q 1 4 0 
q 1 4 1 
q 1 5 0 
q 1 5 1 
q 4 4 2 4 3 5 2 5 3 
q 1 4 2 
q 1 4 3 
q 1 5 2 
q 1 5 3 
q 4 6 0 6 1 7 0 7 1 
q 1 6 0 
q 1 6 1 
q 1 7 0 
q 1 7 1 
q 4 6 2 6 3 7 2 7 3 
q 1 6 2 
q 1 6 3 
q 1 7 2 
q 1 7 3 
q 16 4 4 4 5 4 6 4 7 5 4 5 5 5 6 5 7 6 4 6 5 6 6 6 7 7 4 7 5 7 6 7 7 
q 4 4 4 4 5 5 4 5 5 
q 4 4 6 4 7 5 6 5 7 
q 1 4 6 
q 1 4 7 
q 1 5 6 
q 1 5 7 
q 4 6 4 6 5 7 4 7 5 
q 4 6 6 6 7 7 6 7 7 
q 16 4 8 4 9 4 10 4 11 5 8 5 9 5 10 5 11 6 8 6 9 6 10 6 11 7 8 7 9 7 10 7 11 
q 4 4 8 4 9 5 8 5 9 
q 1 4 8 
q 1 4 9 
#c 4 9 green
# searchh
q 1 4 10 
#c 4 10 green
# found/all 2 64
q 1 5 9 
q 1 3 10 
#c 3 10 green
# found/all 3 64
q 1 4 11 
#c 4 11 green
# found/all 4 64
q 1 5 10 
#c 5 10 green
# found/all 5 64
q 1 2 10 
q 1 3 11 
#c 3 11 green
# found/all 6 64
q 1 4 12 
#c 4 12 green
# found/all 7 64
q 1 5 11 
#c 5 11 green
# found/all 8 64
q 1 6 10 
#c 6 10 green
# found/all 9 64
q 1 2 11 
q 1 3 12 
q 1 4 13 
q 1 5 12 
#c 5 12 green
# found/all 11 64
q 1 6 11 
#c 6 11 green
# found/all 12 64
q 1 6 9 
#c 6 9 green
# found/all 13 64
q 1 7 10 
#c 7 10 green
# found/all 14 64
q 1 5 13 
q 1 6 12 
#c 6 12 green
# found/all 16 64
q 1 7 11 
#c 7 11 green
# found/all 17 64
q 1 6 8 
q 1 7 9 
q 1 8 10 
#c 8 10 green
# found/all 18 64
q 1 6 13 
#c 6 13 green
# found/all 19 64
q 1 7 12 
q 1 8 11 
q 1 8 9 
q 1 9 10 
#c 9 10 green
# found/all 20 64
q 1 6 14 
#c 6 14 green
# found/all 21 64
q 1 7 13 
q 1 9 9 
q 1 9 11 
q 1 10 10 
#c 10 10 green
# found/all 22 64
q 1 5 14 
#c 5 14 green
# found/all 23 64
q 1 6 15 
#c 6 15 green
# found/all 24 64
q 1 7 14 
#c 7 14 green
# found/all 25 64
q 1 10 9 
q 1 10 11 
q 1 11 10 
#c 11 10 green
# found/all 26 64
q 1 4 14 
q 1 5 15 
#c 5 15 green
# found/all 27 64
q 1 6 16 
#c 6 16 green
# found/all 28 64
q 1 7 15 
#c 7 15 green
# found/all 29 64
q 1 8 14 
q 1 11 9 
#c 11 9 green
# found/all 30 64
q 1 11 11 
q 1 12 10 
q 1 4 15 
q 1 5 16 
#c 5 16 green
# found/all 31 64
q 1 7 16 
q 1 8 15 
#c 8 15 green
# found/all 32 64
q 1 11 8 
q 1 12 9 
q 1 4 16 
q 1 8 16 
q 1 9 15 
q 1 5 8 
# SUM >= 2
q 4 6 8 6 9 7 8 7 9 
q 1 7 8 
# SUM >= 2
q 16 4 12 4 13 4 14 4 15 5 12 5 13 5 14 5 15 6 12 6 13 6 14 6 15 7 12 7 13 7 14 7 15 
# SUM >= 2
# SUM >= 2
q 4 4 16 5 16 6 16 7 16 
q 16 8 0 8 1 8 2 8 3 9 0 9 1 9 2 9 3 10 0 10 1 10 2 10 3 11 0 11 1 11 2 11 3 
q 4 8 0 8 1 9 0 9 1 
q 4 8 2 8 3 9 2 9 3 
q 4 10 0 10 1 11 0 11 1 
q 4 10 2 10 3 11 2 11 3 
q 16 8 4 8 5 8 6 8 7 9 4 9 5 9 6 9 7 10 4 10 5 10 6 10 7 11 4 11 5 11 6 11 7 
q 4 8 4 8 5 9 4 9 5 
q 4 8 6 8 7 9 6 9 7 
q 4 10 4 10 5 11 4 11 5 
q 1 10 4 
#c 10 4 green
# searchh
q 1 9 4 
q 1 10 3 
q 1 10 5 
#c 10 5 green
# found/all 34 64
q 1 11 4 
#c 11 4 green
# found/all 35 64
q 1 9 5 
q 1 10 6 
#c 10 6 green
# found/all 36 64
q 1 11 5 
#c 11 5 green
# found/all 38 64
q 1 11 3 
q 1 12 4 
q 1 9 6 
q 1 10 7 
q 1 11 6 
#c 11 6 green
# found/all 39 64
q 1 12 5 
#c 12 5 green
# found/all 40 64
q 1 11 7 
#c 11 7 green
# found/all 41 64
q 1 12 6 
q 1 13 5 
#c 13 5 green
# found/all 42 64
q 1 12 7 
#c 12 7 green
# found/all 43 64
q 1 13 4 
q 1 13 6 
#c 13 6 green
# found/all 44 64
q 1 14 5 
q 1 12 8 
q 1 13 7 
#c 13 7 green
# found/all 45 64
q 1 14 6 
q 1 13 8 
q 1 14 7 
# SUM >= 2
q 16 8 8 8 9 8 10 8 11 9 8 9 9 9 10 9 11 10 8 10 9 10 10 10 11 11 8 11 9 11 10 11 11 
q 4 8 8 8 9 9 8 9 9 
# SUM >= 2
q 4 10 8 10 9 11 8 11 9 
q 1 10 8 
# SUM >= 2
q 16 8 12 8 13 8 14 8 15 9 12 9 13 9 14 9 15 10 12 10 13 10 14 10 15 11 12 11 13 11 14 11 15 
q 4 8 12 8 13 9 12 9 13 
q 4 8 14 8 15 9 14 9 15 
q 1 9 14 
q 4 10 12 10 13 11 12 11 13 
q 4 10 14 10 15 11 14 11 15 
q 4 8 16 9 16 10 16 11 16 
q 16 12 0 12 1 12 2 12 3 13 0 13 1 13 2 13 3 14 0 14 1 14 2 14 3 15 0 15 1 15 2 15 3 
q 4 12 0 12 1 13 0 13 1 
q 4 12 2 12 3 13 2 13 3 
q 1 12 2 
q 1 12 3 
q 1 13 2 
q 1 13 3 
q 4 14 0 14 1 15 0 15 1 
q 4 14 2 14 3 15 2 15 3 
q 1 14 2 
q 1 14 3 
q 1 15 2 
q 1 15 3 
q 16 12 4 12 5 12 6 12 7 13 4 13 5 13 6 13 7 14 4 14 5 14 6 14 7 15 4 15 5 15 6 15 7 
# SUM >= 2
q 4 14 4 14 5 15 4 15 5 
q 4 14 6 14 7 15 6 15 7 
q 1 15 6 
q 1 15 7 
q 16 12 8 12 9 12 10 12 11 13 8 13 9 13 10 13 11 14 8 14 9 14 10 14 11 15 8 15 9 15 10 15 11 
q 4 12 8 12 9 13 8 13 9 
q 1 13 9 
#c 13 9 green
# searchh
q 1 13 10 
q 1 14 9 
#c 14 9 green
# found/all 47 64
q 1 14 8 
#c 14 8 green
# found/all 48 64
q 1 14 10 
q 1 15 9 
#c 15 9 green
# found/all 49 64
q 1 15 8 
q 1 15 10 
q 1 16 9 
#c 16 9 green
# found/all 50 64
q 1 16 8 
#c 16 8 green
# found/all 51 64
q 1 16 10 
q 1 16 7 
q 4 12 10 12 11 13 10 13 11 
# SUM >= 2
q 16 12 12 12 13 12 14 12 15 13 12 13 13 13 14 13 15 14 12 14 13 14 14 14 15 15 12 15 13 15 14 15 15 
q 4 12 12 12 13 13 12 13 13 
q 1 12 12 
#c 12 12 green
# searchh
q 1 11 12 
q 1 12 11 
q 1 12 13 
#c 12 13 green
# found/all 53 64
q 1 13 12 
#c 13 12 green
# found/all 54 64
q 1 11 13 
q 1 12 14 
q 1 13 13 
#c 13 13 green
# found/all 55 64
q 1 13 11 
q 1 14 12 
#c 14 12 green
# found/all 56 64
q 1 13 14 
q 1 14 13 
#c 14 13 green
# found/all 57 64
q 1 14 11 
#c 14 11 green
# found/all 58 64
q 1 15 12 
#c 15 12 green
# found/all 59 64
q 1 14 14 
q 1 15 13 
#c 15 13 green
# found/all 60 64
q 1 15 11 
#c 15 11 green
# found/all 61 64
q 1 16 12 
q 1 15 14 
q 1 16 13 
#c 16 13 green
# found/all 62 64
q 1 16 11 
#c 16 11 green
# found/all 63 64
q 1 16 14 
#c 16 14 green
# found/all 64 64
a 61 4 9 4 10 3 10 4 11 5 10 3 11 4 12 5 11 6 10 5 12 6 11 6 9 7 10 6 12 7 11 8 10 6 13 9 10 6 14 10 10 5 14 6 15 7 14 11 10 5 15 6 16 7 15 11 9 5 16 8 15 10 4 10 5 11 4 10 6 11 5 11 6 12 5 11 7 13 5 12 7 13 6 13 7 13 9 14 9 14 8 15 9 16 9 16 8 12 12 12 13 13 12 13 13 14 12 14 13 14 11 15 12 15 13 15 11 16 13 16 11 16 14 
