# [[0, 2], [0, 4], [1, 0], [1, 1], [1, 2], [1, 3], [1, 4], [2, 0], [2, 1], [2, 2], [2, 3], [2, 4], [2, 5], [3, 2], [3, 3], [3, 4], [4, 2]]
# [[0, 1], [1, 1], [1, 2], [2, 1], [2, 2], [2, 3], [2, 4], [3, 1], [3, 3], [4, 0], [4, 1], [4, 2], [4, 3], [5, 0], [5, 2]]
# [[0, 0], [0, 1], [1, 0], [1, 1], [1, 2], [1, 4], [1, 5], [1, 6], [1, 7], [2, 1], [2, 2], [2, 3], [2, 4], [2, 5], [2, 6], [3, 2], [3, 3]]
# [[0, 4], [1, 1], [1, 2], [1, 3], [1, 4], [2, 0], [2, 1], [2, 2], [3, 2], [3, 3], [4, 1], [4, 2]]
# [[0, 2], [1, 2], [1, 3], [2, 0], [2, 1], [2, 2], [2, 3], [2, 4], [3, 1], [3, 2], [3, 3], [3, 4], [4, 2], [4, 3]]
# [[0, 0], [0, 1], [1, 1], [1, 2], [1, 3], [1, 4], [2, 2]]
# [[0, 2], [0, 3], [1, 0], [1, 1], [1, 3], [1, 4], [2, 1], [2, 2], [2, 3], [3, 0], [3, 1], [3, 2], [4, 0], [4, 1], [4, 2], [5, 0], [5, 2]]
# [[0, 2], [0, 3], [1, 0], [1, 3], [1, 4], [2, 0], [2, 1], [2, 2], [2, 3], [3, 2], [3, 3], [4, 2], [4, 3], [4, 4], [5, 3], [5, 4], [6, 3]]
# [[0, 1], [1, 0], [1, 1], [1, 2], [2, 0]]
# [[0, 1], [1, 0], [1, 1], [1, 2], [1, 3]]
# [[0, 0], [0, 1], [0, 3], [1, 1], [1, 2], [1, 3], [2, 2], [2, 3], [2, 4], [2, 5], [3, 2], [3, 3], [4, 2], [4, 3]]
# [[0, 0], [0, 1], [1, 1], [1, 2], [2, 1]]
q 16 0 0 0 1 0 2 0 3 1 0 1 1 1 2 1 3 2 0 2 1 2 2 2 3 3 0 3 1 3 2 3 3 
q 4 0 0 0 1 1 0 1 1 
q 4 0 2 0 3 1 2 1 3 
q 4 2 0 2 1 3 0 3 1 
q 4 2 2 2 3 3 2 3 3 
q 16 0 4 0 5 0 6 0 7 1 4 1 5 1 6 1 7 2 4 2 5 2 6 2 7 3 4 3 5 3 6 3 7 
q 16 0 8 0 9 0 10 0 11 1 8 1 9 1 10 1 11 2 8 2 9 2 10 2 11 3 8 3 9 3 10 3 11 
q 4 0 8 0 9 1 8 1 9 
q 4 0 10 0 11 1 10 1 11 
q 4 2 8 2 9 3 8 3 9 
q 1 2 8 
#c 2 8 green
# searchh
q 1 1 8 
q 1 2 7 
q 1 2 9 
q 1 3 8 
#c 3 8 green
# found/all 4 145
q 1 3 7 
#c 3 7 green
# found/all 5 145
q 1 3 9 
#c 3 9 green
# found/all 7 145
q 1 4 8 
#c 4 8 green
# found/all 10 145
q 1 3 6 
q 1 4 7 
#c 4 7 green
# found/all 13 145
q 1 3 10 
q 1 4 9 
#c 4 9 green
# found/all 15 145
q 1 5 8 
#c 5 8 green
# found/all 16 145
q 1 4 6 
#c 4 6 green
# found/all 18 145
q 1 5 7 
#c 5 7 green
# found/all 21 145
q 1 4 10 
#c 4 10 green
# found/all 23 145
q 1 5 9 
#c 5 9 green
# found/all 24 145
q 1 6 8 
#c 6 8 green
# found/all 25 145
q 1 4 5 
#c 4 5 green
# found/all 26 145
q 1 5 6 
#c 5 6 green
# found/all 28 145
q 1 6 7 
#c 6 7 green
# found/all 30 145
q 1 4 11 
q 1 5 10 
q 1 6 9 
#c 6 9 green
# found/all 31 145
q 1 7 8 
#c 7 8 green
# found/all 32 145
q 1 3 5 
q 1 4 4 
q 1 5 5 
#c 5 5 green
# found/all 34 145
q 1 6 6 
#c 6 6 green
# found/all 36 145
q 1 7 7 
#c 7 7 green
# found/all 37 145
q 1 6 10 
q 1 7 9 
q 1 8 8 
q 1 5 4 
#c 5 4 green
# found/all 39 145
q 1 6 5 
#c 6 5 green
# found/all 41 145
q 1 7 6 
#c 7 6 green
# found/all 42 145
q 1 8 7 
q 1 5 3 
#c 5 3 green
# found/all 43 145
q 1 6 4 
#c 6 4 green
# found/all 46 145
q 1 7 5 
#c 7 5 green
# found/all 47 145
q 1 8 6 
#c 8 6 green
# found/all 49 145
q 1 4 3 
#c 4 3 green
# found/all 50 145
q 1 5 2 
#c 5 2 green
# found/all 51 145
q 1 6 3 
#c 6 3 green
# found/all 52 145
q 1 7 4 
#c 7 4 green
# found/all 53 145
q 1 8 5 
#c 8 5 green
# found/all 54 145
q 1 9 6 
q 1 3 3 
q 1 4 2 
#c 4 2 green
# found/all 55 145
q 1 5 1 
q 1 6 2 
q 1 7 3 
#c 7 3 green
# found/all 56 145
q 1 8 4 
q 1 9 5 
#c 9 5 green
# found/all 57 145
q 1 3 2 
#c 3 2 green
# found/all 58 145
q 1 4 1 
#c 4 1 green
# found/all 59 145
q 1 7 2 
q 1 8 3 
q 1 9 4 
#c 9 4 green
# found/all 60 145
q 1 10 5 
q 1 2 2 
q 1 3 1 
#c 3 1 green
# found/all 61 145
q 1 4 0 
q 1 9 3 
q 1 10 4 
q 1 2 1 
q 1 3 0 
q 4 2 10 2 11 3 10 3 11 
q 16 0 12 0 13 0 14 0 15 1 12 1 13 1 14 1 15 2 12 2 13 2 14 2 15 3 12 3 13 3 14 3 15 
q 4 0 12 0 13 1 12 1 13 
q 4 0 14 0 15 1 14 1 15 
q 4 2 12 2 13 3 12 3 13 
q 4 2 14 2 15 3 14 3 15 
q 8 0 16 0 17 1 16 1 17 2 16 2 17 3 16 3 17 
q 16 4 0 4 1 4 2 4 3 5 0 5 1 5 2 5 3 6 0 6 1 6 2 6 3 7 0 7 1 7 2 7 3 
q 4 4 0 4 1 5 0 5 1 
# SUM >= 2
q 4 6 0 6 1 7 0 7 1 
# SUM >= 2
q 16 4 4 4 5 4 6 4 7 5 4 5 5 5 6 5 7 6 4 6 5 6 6 6 7 7 4 7 5 7 6 7 7 
# SUM >= 2
# SUM >= 2
q 16 4 8 4 9 4 10 4 11 5 8 5 9 5 10 5 11 6 8 6 9 6 10 6 11 7 8 7 9 7 10 7 11 
# SUM >= 2
# SUM >= 2
q 16 4 12 4 13 4 14 4 15 5 12 5 13 5 14 5 15 6 12 6 13 6 14 6 15 7 12 7 13 7 14 7 15 
q 4 4 12 4 13 5 12 5 13 
q 4 4 14 4 15 5 14 5 15 
q 4 6 12 6 13 7 12 7 13 
q 4 6 14 6 15 7 14 7 15 
q 8 4 16 4 17 5 16 5 17 6 16 6 17 7 16 7 17 
q 16 8 0 8 1 8 2 8 3 9 0 9 1 9 2 9 3 10 0 10 1 10 2 10 3 11 0 11 1 11 2 11 3 
q 4 8 0 8 1 9 0 9 1 
q 4 8 2 8 3 9 2 9 3 
q 4 10 0 10 1 11 0 11 1 
q 1 10 0 
q 1 10 1 
q 1 11 0 
#c 11 0 green
# searchh
q 1 11 1 
#c 11 1 green
# found/all 63 145
q 1 12 0 
q 1 11 2 
q 1 12 1 
#c 12 1 green
# found/all 64 145
q 1 12 2 
#c 12 2 green
# found/all 65 145
q 1 13 1 
q 1 12 3 
#c 12 3 green
# found/all 67 145
q 1 13 2 
#c 13 2 green
# found/all 68 145
q 1 11 3 
#c 11 3 green
# found/all 69 145
q 1 12 4 
#c 12 4 green
# found/all 70 145
q 1 13 3 
#c 13 3 green
# found/all 72 145
q 1 14 2 
#c 14 2 green
# found/all 73 145
q 1 10 3 
q 1 11 4 
q 1 12 5 
#c 12 5 green
# found/all 74 145
q 1 13 4 
#c 13 4 green
# found/all 77 145
q 1 14 3 
#c 14 3 green
# found/all 78 145
q 1 14 1 
q 1 15 2 
#c 15 2 green
# found/all 79 145
q 1 11 5 
#c 11 5 green
# found/all 80 145
q 1 12 6 
#c 12 6 green
# found/all 81 145
q 1 13 5 
#c 13 5 green
# found/all 84 145
q 1 14 4 
#c 14 4 green
# found/all 85 145
q 1 15 3 
#c 15 3 green
# found/all 86 145
q 1 15 1 
q 1 16 2 
q 1 11 6 
q 1 12 7 
q 1 13 6 
#c 13 6 green
# found/all 88 145
q 1 14 5 
#c 14 5 green
# found/all 90 145
q 1 15 4 
q 1 16 3 
q 1 13 7 
#c 13 7 green
# found/all 92 145
q 1 14 6 
#c 14 6 green
# found/all 93 145
q 1 15 5 
#c 15 5 green
# found/all 94 145
q 1 13 8 
q 1 14 7 
#c 14 7 green
# found/all 95 145
q 1 15 6 
#c 15 6 green
# found/all 96 145
q 1 16 5 
q 1 14 8 
q 1 15 7 
q 1 16 6 
q 4 10 2 10 3 11 2 11 3 
q 1 10 2 
q 16 8 4 8 5 8 6 8 7 9 4 9 5 9 6 9 7 10 4 10 5 10 6 10 7 11 4 11 5 11 6 11 7 
# SUM >= 2
q 4 10 4 10 5 11 4 11 5 
q 4 10 6 10 7 11 6 11 7 
q 16 8 8 8 9 8 10 8 11 9 8 9 9 9 10 9 11 10 8 10 9 10 10 10 11 11 8 11 9 11 10 11 11 
q 4 8 8 8 9 9 8 9 9 
q 1 8 9 
q 1 9 8 
q 1 9 9 
q 4 8 10 8 11 9 10 9 11 
q 4 10 8 10 9 11 8 11 9 
q 4 10 10 10 11 11 10 11 11 
q 1 10 10 
q 1 10 11 
q 1 11 10 
#c 11 10 green
# searchh
q 1 11 9 
q 1 11 11 
q 1 12 10 
#c 12 10 green
# found/all 98 145
q 1 12 9 
q 1 12 11 
#c 12 11 green
# found/all 100 145
q 1 13 10 
q 1 12 12 
#c 12 12 green
# found/all 103 145
q 1 13 11 
q 1 11 12 
#c 11 12 green
# found/all 104 145
q 1 12 13 
#c 12 13 green
# found/all 105 145
q 1 13 12 
#c 13 12 green
# found/all 107 145
q 1 10 12 
#c 10 12 green
# found/all 108 145
q 1 11 13 
#c 11 13 green
# found/all 111 145
q 1 12 14 
#c 12 14 green
# found/all 113 145
q 1 13 13 
#c 13 13 green
# found/all 115 145
q 1 14 12 
#c 14 12 green
# found/all 117 145
q 1 9 12 
q 1 10 13 
#c 10 13 green
# found/all 119 145
q 1 11 14 
#c 11 14 green
# found/all 122 145
q 1 12 15 
#c 12 15 green
# found/all 123 145
q 1 13 14 
#c 13 14 green
# found/all 124 145
q 1 14 13 
#c 14 13 green
# found/all 126 145
q 1 14 11 
#c 14 11 green
# found/all 127 145
q 1 15 12 
#c 15 12 green
# found/all 128 145
q 1 9 13 
#c 9 13 green
# found/all 129 145
q 1 10 14 
q 1 11 15 
#c 11 15 green
# found/all 130 145
q 1 12 16 
q 1 13 15 
q 1 14 14 
#c 14 14 green
# found/all 131 145
q 1 15 13 
#c 15 13 green
# found/all 133 145
q 1 14 10 
q 1 15 11 
#c 15 11 green
# found/all 134 145
q 1 16 12 
q 1 8 13 
#c 8 13 green
# found/all 135 145
q 1 9 14 
#c 9 14 green
# found/all 136 145
q 1 10 15 
#c 10 15 green
# found/all 137 145
q 1 11 16 
q 1 14 15 
q 1 15 14 
#c 15 14 green
# found/all 138 145
q 1 16 13 
#c 16 13 green
# found/all 140 145
q 1 15 10 
q 1 16 11 
#c 16 11 green
# found/all 141 145
q 1 7 13 
#c 7 13 green
# found/all 142 145
q 1 8 12 
q 1 8 14 
#c 8 14 green
# found/all 143 145
q 1 9 15 
#c 9 15 green
# found/all 144 145
q 1 10 16 
q 1 15 15 
q 1 16 14 
q 1 17 13 
q 1 16 10 
q 1 17 11 
q 1 6 13 
q 1 7 12 
q 1 7 14 
q 1 8 15 
q 1 9 16 
#c 9 16 green
# found/all 145 145
a 100 2 8 3 8 3 7 3 9 4 8 4 7 4 9 5 8 4 6 5 7 4 10 5 9 6 8 4 5 5 6 6 7 6 9 7 8 5 5 6 6 7 7 5 4 6 5 7 6 5 3 6 4 7 5 8 6 4 3 5 2 6 3 7 4 8 5 4 2 7 3 9 5 3 2 4 1 9 4 3 1 11 0 11 1 12 1 12 2 12 3 13 2 11 3 12 4 13 3 14 2 12 5 13 4 14 3 15 2 11 5 12 6 13 5 14 4 15 3 13 6 14 5 13 7 14 6 15 5 14 7 15 6 11 10 12 10 12 11 12 12 11 12 12 13 13 12 10 12 11 13 12 14 13 13 14 12 10 13 11 14 12 15 13 14 14 13 14 11 15 12 9 13 11 15 14 14 15 13 15 11 8 13 9 14 10 15 15 14 16 13 16 11 7 13 8 14 9 15 9 16 
