# [[0, 1], [0, 3], [1, 0], [1, 1], [1, 2], [1, 3], [2, 1], [2, 3], [2, 4], [3, 4]]
# [[0, 1], [1, 0], [1, 1], [1, 2], [2, 1], [2, 2], [3, 0], [3, 1], [4, 0], [4, 1]]
# [[0, 1], [0, 2], [1, 0], [1, 1], [1, 2], [1, 3], [2, 1], [3, 0], [3, 1]]
# [[0, 0], [0, 1], [1, 1], [1, 2], [2, 1], [2, 2], [3, 1]]
# [[0, 0], [1, 0], [1, 1], [1, 3], [2, 0], [2, 1], [2, 2], [2, 3], [2, 4], [3, 0]]
# [[0, 0], [0, 1], [0, 2], [0, 3], [1, 2], [1, 3], [2, 2]]
# [[0, 1], [1, 1], [2, 0], [2, 1], [3, 0], [3, 1], [4, 1], [5, 0], [5, 1]]
# [[0, 0], [0, 1], [1, 1], [1, 2], [1, 3], [1, 4], [2, 3]]
# [[0, 1], [1, 1], [2, 0], [2, 1], [3, 0], [3, 1], [3, 2], [3, 3], [4, 1]]
# [[0, 2], [1, 0], [1, 1], [1, 2], [1, 3], [2, 1], [2, 2]]
# [[0, 0], [0, 1], [1, 1], [2, 1], [2, 2], [3, 1]]
# [[0, 1], [1, 1], [2, 0], [2, 1], [2, 2], [3, 0], [3, 1], [4, 1]]
# [[0, 0], [1, 0], [1, 1], [1, 2], [1, 3], [2, 0]]
# [[0, 0], [0, 1], [0, 2], [1, 1], [1, 2], [2, 0], [2, 1], [2, 2], [3, 1], [3, 2]]
# [[0, 0], [0, 1], [1, 1], [1, 2], [1, 3], [2, 2], [3, 2], [3, 3]]
# [[0, 2], [1, 0], [1, 1], [1, 2], [1, 3], [2, 1]]
# [[0, 1], [0, 2], [1, 0], [1, 1], [1, 2], [2, 1], [3, 0], [3, 1]]
# [[0, 0], [0, 1], [1, 0], [1, 1], [1, 2], [2, 0], [2, 1]]
# [[0, 0], [1, 0], [1, 1], [2, 0], [2, 1], [3, 1], [3, 2]]
# [[0, 1], [0, 2], [1, 1], [1, 2], [1, 3], [2, 0], [2, 1]]
q 16 0 0 0 1 0 2 0 3 1 0 1 1 1 2 1 3 2 0 2 1 2 2 2 3 3 0 3 1 3 2 3 3 
q 4 0 0 0 1 1 0 1 1 
q 4 0 2 0 3 1 2 1 3 
q 1 0 2 
#c 0 2 green
# searchh
q 1 0 1 
q 1 0 3 
#c 0 3 green
# found/all 2 158
q 1 1 2 
q 1 0 4 
#c 0 4 green
# found/all 3 158
q 1 1 3 
q 1 0 5 
#c 0 5 green
# found/all 4 158
q 1 1 4 
#c 1 4 green
# found/all 5 158
q 1 0 6 
q 1 1 5 
#c 1 5 green
# found/all 6 158
q 1 2 4 
#c 2 4 green
# found/all 7 158
q 1 1 6 
q 1 2 5 
q 1 2 3 
q 1 3 4 
q 4 2 0 2 1 3 0 3 1 
q 4 2 2 2 3 3 2 3 3 
q 16 0 4 0 5 0 6 0 7 1 4 1 5 1 6 1 7 2 4 2 5 2 6 2 7 3 4 3 5 3 6 3 7 
# SUM >= 2
q 4 2 4 2 5 3 4 3 5 
q 4 2 6 2 7 3 6 3 7 
q 16 0 8 0 9 0 10 0 11 1 8 1 9 1 10 1 11 2 8 2 9 2 10 2 11 3 8 3 9 3 10 3 11 
q 4 0 8 0 9 1 8 1 9 
q 4 0 10 0 11 1 10 1 11 
q 4 2 8 2 9 3 8 3 9 
q 4 2 10 2 11 3 10 3 11 
q 1 2 10 
q 1 2 11 
#c 2 11 green
# searchh
q 1 1 11 
q 1 2 12 
q 1 3 11 
#c 3 11 green
# found/all 9 158
q 1 3 10 
q 1 3 12 
q 1 4 11 
#c 4 11 green
# found/all 10 158
q 1 4 10 
#c 4 10 green
# found/all 12 158
q 1 4 12 
q 1 5 11 
#c 5 11 green
# found/all 14 158
q 1 4 9 
#c 4 9 green
# found/all 15 158
q 1 5 10 
#c 5 10 green
# found/all 17 158
q 1 5 12 
#c 5 12 green
# found/all 18 158
q 1 6 11 
#c 6 11 green
# found/all 20 158
q 1 3 9 
q 1 4 8 
q 1 5 9 
q 1 6 10 
q 1 5 13 
#c 5 13 green
# found/all 21 158
q 1 6 12 
q 1 7 11 
#c 7 11 green
# found/all 23 158
q 1 4 13 
q 1 5 14 
#c 5 14 green
# found/all 24 158
q 1 6 13 
q 1 7 10 
#c 7 10 green
# found/all 25 158
q 1 7 12 
#c 7 12 green
# found/all 26 158
q 1 8 11 
q 1 4 14 
q 1 5 15 
#c 5 15 green
# found/all 27 158
q 1 6 14 
#c 6 14 green
# found/all 28 158
q 1 7 9 
q 1 8 10 
q 1 7 13 
q 1 8 12 
q 1 4 15 
#c 4 15 green
# found/all 30 158
q 1 5 16 
#c 5 16 green
# found/all 31 158
q 1 6 15 
q 1 7 14 
q 1 3 15 
#c 3 15 green
# found/all 32 158
q 1 4 16 
q 1 5 17 
q 1 6 16 
q 1 2 15 
#c 2 15 green
# found/all 33 158
q 1 3 14 
q 1 3 16 
#c 3 16 green
# found/all 34 158
q 1 1 15 
q 1 2 14 
q 1 2 16 
q 1 3 17 
#c 3 17 green
# found/all 35 158
q 1 2 17 
q 1 3 18 
#c 3 18 green
# found/all 36 158
q 1 4 17 
q 1 2 18 
q 1 3 19 
q 1 4 18 
q 16 0 12 0 13 0 14 0 15 1 12 1 13 1 14 1 15 2 12 2 13 2 14 2 15 3 12 3 13 3 14 3 15 
q 4 0 12 0 13 1 12 1 13 
q 4 0 14 0 15 1 14 1 15 
q 4 2 12 2 13 3 12 3 13 
# SUM >= 2
q 16 0 16 0 17 0 18 0 19 1 16 1 17 1 18 1 19 2 16 2 17 2 18 2 19 3 16 3 17 3 18 3 19 
q 4 0 16 0 17 1 16 1 17 
q 4 0 18 0 19 1 18 1 19 
# SUM >= 2
q 16 4 0 4 1 4 2 4 3 5 0 5 1 5 2 5 3 6 0 6 1 6 2 6 3 7 0 7 1 7 2 7 3 
q 4 4 0 4 1 5 0 5 1 
q 4 4 2 4 3 5 2 5 3 
q 1 4 2 
#c 4 2 green
# searchh
q 1 3 2 
#c 3 2 green
# found/all 38 158
q 1 4 1 
q 1 4 3 
q 1 5 2 
#c 5 2 green
# found/all 40 158
q 1 2 2 
q 1 3 1 
q 1 3 3 
q 1 5 1 
#c 5 1 green
# found/all 41 158
q 1 5 3 
q 1 6 2 
#c 6 2 green
# found/all 44 158
q 1 5 0 
q 1 6 1 
#c 6 1 green
# found/all 46 158
q 1 6 3 
#c 6 3 green
# found/all 49 158
q 1 7 2 
#c 7 2 green
# found/all 52 158
q 1 6 0 
q 1 7 1 
q 1 6 4 
#c 6 4 green
# found/all 53 158
q 1 7 3 
#c 7 3 green
# found/all 55 158
q 1 8 2 
#c 8 2 green
# found/all 58 158
q 1 5 4 
q 1 6 5 
#c 6 5 green
# found/all 59 158
q 1 7 4 
#c 7 4 green
# found/all 60 158
q 1 8 3 
#c 8 3 green
# found/all 62 158
q 1 8 1 
#c 8 1 green
# found/all 63 158
q 1 9 2 
#c 9 2 green
# found/all 64 158
q 1 5 5 
q 1 6 6 
q 1 7 5 
#c 7 5 green
# found/all 65 158
q 1 8 4 
q 1 9 3 
#c 9 3 green
# found/all 67 158
q 1 8 0 
q 1 9 1 
q 1 10 2 
q 1 7 6 
#c 7 6 green
# found/all 68 158
q 1 8 5 
q 1 9 4 
#c 9 4 green
# found/all 69 158
q 1 10 3 
q 1 7 7 
q 1 8 6 
q 1 9 5 
#c 9 5 green
# found/all 70 158
q 1 10 4 
q 1 9 6 
#c 9 6 green
# found/all 72 158
q 1 10 5 
#c 10 5 green
# found/all 73 158
q 1 9 7 
#c 9 7 green
# found/all 74 158
q 1 10 6 
q 1 11 5 
q 1 8 7 
q 1 9 8 
#c 9 8 green
# found/all 75 158
q 1 10 7 
#c 10 7 green
# found/all 76 158
q 1 8 8 
#c 8 8 green
# found/all 77 158
q 1 9 9 
#c 9 9 green
# found/all 78 158
q 1 10 8 
#c 10 8 green
# found/all 79 158
q 1 11 7 
q 1 7 8 
q 1 8 9 
q 1 9 10 
q 1 10 9 
q 1 11 8 
q 4 6 0 6 1 7 0 7 1 
q 1 7 0 
# SUM >= 2
q 16 4 4 4 5 4 6 4 7 5 4 5 5 5 6 5 7 6 4 6 5 6 6 6 7 7 4 7 5 7 6 7 7 
q 4 4 4 4 5 5 4 5 5 
q 4 4 6 4 7 5 6 5 7 
# SUM >= 2
q 16 4 8 4 9 4 10 4 11 5 8 5 9 5 10 5 11 6 8 6 9 6 10 6 11 7 8 7 9 7 10 7 11 
q 4 4 8 4 9 5 8 5 9 
# SUM >= 2
q 4 6 8 6 9 7 8 7 9 
# SUM >= 2
q 16 4 12 4 13 4 14 4 15 5 12 5 13 5 14 5 15 6 12 6 13 6 14 6 15 7 12 7 13 7 14 7 15 
# SUM >= 2
q 4 6 12 6 13 7 12 7 13 
q 4 6 14 6 15 7 14 7 15 
q 16 4 16 4 17 4 18 4 19 5 16 5 17 5 18 5 19 6 16 6 17 6 18 6 19 7 16 7 17 7 18 7 19 
q 4 4 16 4 17 5 16 5 17 
q 4 4 18 4 19 5 18 5 19 
q 4 6 16 6 17 7 16 7 17 
q 1 6 17 
q 1 7 16 
q 1 7 17 
#c 7 17 green
# searchh
q 1 7 18 
#c 7 18 green
# found/all 82 158
q 1 8 17 
#c 8 17 green
# found/all 83 158
q 1 6 18 
q 1 7 19 
q 1 8 18 
#c 8 18 green
# found/all 84 158
q 1 8 16 
q 1 9 17 
#c 9 17 green
# found/all 86 158
q 1 8 19 
q 1 9 18 
#c 9 18 green
# found/all 88 158
q 1 9 16 
#c 9 16 green
# found/all 90 158
q 1 10 17 
#c 10 17 green
# found/all 92 158
q 1 9 19 
#c 9 19 green
# found/all 93 158
q 1 10 18 
#c 10 18 green
# found/all 95 158
q 1 9 15 
q 1 10 16 
#c 10 16 green
# found/all 97 158
q 1 11 17 
#c 11 17 green
# found/all 98 158
q 1 10 19 
q 1 11 18 
q 1 10 15 
#c 10 15 green
# found/all 100 158
q 1 11 16 
#c 11 16 green
# found/all 102 158
q 1 12 17 
q 1 10 14 
q 1 11 15 
#c 11 15 green
# found/all 103 158
q 1 12 16 
#c 12 16 green
# found/all 105 158
q 1 11 14 
#c 11 14 green
# found/all 107 158
q 1 12 15 
#c 12 15 green
# found/all 110 158
q 1 13 16 
q 1 11 13 
#c 11 13 green
# found/all 111 158
q 1 12 14 
q 1 13 15 
#c 13 15 green
# found/all 113 158
q 1 10 13 
#c 10 13 green
# found/all 114 158
q 1 11 12 
#c 11 12 green
# found/all 115 158
q 1 12 13 
#c 12 13 green
# found/all 117 158
q 1 13 14 
#c 13 14 green
# found/all 119 158
q 1 14 15 
#c 14 15 green
# found/all 121 158
q 1 9 13 
q 1 10 12 
#c 10 12 green
# found/all 122 158
q 1 11 11 
#c 11 11 green
# found/all 123 158
q 1 12 12 
#c 12 12 green
# found/all 124 158
q 1 13 13 
#c 13 13 green
# found/all 125 158
q 1 14 14 
#c 14 14 green
# found/all 127 158
q 1 14 16 
#c 14 16 green
# found/all 128 158
q 1 15 15 
#c 15 15 green
# found/all 129 158
q 1 9 12 
q 1 10 11 
q 1 11 10 
#c 11 10 green
# found/all 130 158
q 1 12 11 
#c 12 11 green
# found/all 131 158
q 1 13 12 
#c 13 12 green
# found/all 132 158
q 1 14 13 
#c 14 13 green
# found/all 134 158
q 1 15 14 
#c 15 14 green
# found/all 135 158
q 1 14 17 
q 1 15 16 
#c 15 16 green
# found/all 136 158
q 1 16 15 
#c 16 15 green
# found/all 137 158
q 1 10 10 
q 1 11 9 
q 1 12 10 
#c 12 10 green
# found/all 138 158
q 1 13 11 
q 1 14 12 
q 1 15 13 
q 1 16 14 
#c 16 14 green
# found/all 139 158
q 1 15 17 
q 1 16 16 
q 1 17 15 
q 1 12 9 
#c 12 9 green
# found/all 140 158
q 1 13 10 
#c 13 10 green
# found/all 141 158
q 1 16 13 
q 1 17 14 
#c 17 14 green
# found/all 142 158
q 1 12 8 
q 1 13 9 
q 1 14 10 
#c 14 10 green
# found/all 143 158
q 1 17 13 
q 1 18 14 
q 1 14 9 
#c 14 9 green
# found/all 144 158
q 1 14 11 
q 1 15 10 
q 1 14 8 
q 1 15 9 
q 4 6 18 6 19 7 18 7 19 
q 16 8 0 8 1 8 2 8 3 9 0 9 1 9 2 9 3 10 0 10 1 10 2 10 3 11 0 11 1 11 2 11 3 
q 4 8 0 8 1 9 0 9 1 
# SUM >= 2
q 4 10 0 10 1 11 0 11 1 
q 4 10 2 10 3 11 2 11 3 
q 16 8 4 8 5 8 6 8 7 9 4 9 5 9 6 9 7 10 4 10 5 10 6 10 7 11 4 11 5 11 6 11 7 
# SUM >= 2
q 4 10 4 10 5 11 4 11 5 
q 4 10 6 10 7 11 6 11 7 
q 16 8 8 8 9 8 10 8 11 9 8 9 9 9 10 9 11 10 8 10 9 10 10 10 11 11 8 11 9 11 10 11 11 
# SUM >= 2
q 4 10 8 10 9 11 8 11 9 
# SUM >= 2
q 16 8 12 8 13 8 14 8 15 9 12 9 13 9 14 9 15 10 12 10 13 10 14 10 15 11 12 11 13 11 14 11 15 
q 4 8 12 8 13 9 12 9 13 
q 4 8 14 8 15 9 14 9 15 
# SUM >= 2
q 16 8 16 8 17 8 18 8 19 9 16 9 17 9 18 9 19 10 16 10 17 10 18 10 19 11 16 11 17 11 18 11 19 
# SUM >= 2
# SUM >= 2
q 16 12 0 12 1 12 2 12 3 13 0 13 1 13 2 13 3 14 0 14 1 14 2 14 3 15 0 15 1 15 2 15 3 
q 16 12 4 12 5 12 6 12 7 13 4 13 5 13 6 13 7 14 4 14 5 14 6 14 7 15 4 15 5 15 6 15 7 
q 16 12 8 12 9 12 10 12 11 13 8 13 9 13 10 13 11 14 8 14 9 14 10 14 11 15 8 15 9 15 10 15 11 
q 4 12 8 12 9 13 8 13 9 
# SUM >= 2
q 4 14 8 14 9 15 8 15 9 
q 4 14 10 14 11 15 10 15 11 
q 16 12 12 12 13 12 14 12 15 13 12 13 13 13 14 13 15 14 12 14 13 14 14 14 15 15 12 15 13 15 14 15 15 
# SUM >= 2
q 4 14 12 14 13 15 12 15 13 
q 1 15 12 
# SUM >= 2
q 16 12 16 12 17 12 18 12 19 13 16 13 17 13 18 13 19 14 16 14 17 14 18 14 19 15 16 15 17 15 18 15 19 
q 4 12 16 12 17 13 16 13 17 
q 1 13 17 
q 4 12 18 12 19 13 18 13 19 
# SUM >= 2
q 16 16 0 16 1 16 2 16 3 17 0 17 1 17 2 17 3 18 0 18 1 18 2 18 3 19 0 19 1 19 2 19 3 
q 16 16 4 16 5 16 6 16 7 17 4 17 5 17 6 17 7 18 4 18 5 18 6 18 7 19 4 19 5 19 6 19 7 
q 4 16 4 16 5 17 4 17 5 
q 1 16 4 
q 1 16 5 
#c 16 5 green
# searchh
q 1 15 5 
q 1 16 6 
#c 16 6 green
# found/all 146 158
q 1 17 5 
#c 17 5 green
# found/all 147 158
q 1 15 6 
q 1 16 7 
q 1 17 6 
#c 17 6 green
# found/all 148 158
q 1 17 4 
q 1 18 5 
#c 18 5 green
# found/all 149 158
q 1 17 7 
#c 17 7 green
# found/all 150 158
q 1 18 6 
q 1 18 4 
#c 18 4 green
# found/all 151 158
q 1 19 5 
q 1 17 8 
q 1 18 7 
q 1 18 3 
q 1 19 4 
# SUM >= 2
# SUM >= 2
q 16 16 8 16 9 16 10 16 11 17 8 17 9 17 10 17 11 18 8 18 9 18 10 18 11 19 8 19 9 19 10 19 11 
q 4 16 8 16 9 17 8 17 9 
q 4 16 10 16 11 17 10 17 11 
q 1 16 10 
q 1 16 11 
#c 16 11 green
# searchh
q 1 15 11 
q 1 16 12 
q 1 17 11 
#c 17 11 green
# found/all 153 158
q 1 17 10 
q 1 17 12 
#c 17 12 green
# found/all 154 158
q 1 18 11 
#c 18 11 green
# found/all 155 158
q 1 18 12 
#c 18 12 green
# found/all 156 158
q 1 18 10 
q 1 19 11 
q 1 18 13 
q 1 19 12 
#c 19 12 green
# found/all 157 158
q 1 19 13 
#c 19 13 green
# found/all 158 158
a 119 0 2 0 3 0 4 0 5 1 4 1 5 2 4 2 11 3 11 4 11 4 10 5 11 4 9 5 10 5 12 6 11 5 13 7 11 5 14 7 10 7 12 5 15 6 14 4 15 5 16 3 15 2 15 3 16 3 17 3 18 4 2 3 2 5 2 5 1 6 2 6 1 6 3 7 2 6 4 7 3 8 2 6 5 7 4 8 3 8 1 9 2 7 5 9 3 7 6 9 4 9 5 9 6 10 5 9 7 9 8 10 7 8 8 9 9 10 8 7 17 7 18 8 17 8 18 9 17 9 18 9 16 10 17 9 19 10 18 10 16 11 17 10 15 11 16 11 15 12 16 11 14 12 15 11 13 13 15 10 13 11 12 12 13 13 14 14 15 10 12 11 11 12 12 13 13 14 14 14 16 15 15 11 10 12 11 13 12 14 13 15 14 15 16 16 15 12 10 16 14 12 9 13 10 17 14 14 10 14 9 16 5 16 6 17 5 17 6 18 5 17 7 18 4 16 11 17 11 17 12 18 11 18 12 19 12 19 13 
