# [[0, 0], [0, 1], [1, 0], [1, 1], [1, 2], [2, 2]]
# [[0, 3], [1, 2], [1, 3], [2, 1], [2, 2], [2, 3], [2, 4], [3, 0], [3, 1], [3, 3]]
# [[0, 1], [1, 0], [1, 1], [1, 2], [1, 3], [2, 2], [2, 3]]
# [[0, 0], [0, 1], [0, 2], [0, 3], [1, 0], [1, 2]]
q 16 0 0 0 1 0 2 0 3 1 0 1 1 1 2 1 3 2 0 2 1 2 2 2 3 3 0 3 1 3 2 3 3 
q 4 0 0 0 1 1 0 1 1 
q 4 0 2 0 3 1 2 1 3 
q 1 0 2 
#c 0 2 green
# searchh
q 1 0 1 
q 1 0 3 
q 1 1 2 
#c 1 2 green
# found/all 2 29
q 1 1 1 
#c 1 1 green
# found/all 3 29
q 1 1 3 
#c 1 3 green
# found/all 4 29
q 1 2 2 
q 1 1 0 
q 1 2 1 
q 1 1 4 
#c 1 4 green
# found/all 6 29
q 1 2 3 
#c 2 3 green
# found/all 8 29
q 1 0 4 
q 1 1 5 
q 1 2 4 
#c 2 4 green
# found/all 10 29
q 1 3 3 
#c 3 3 green
# found/all 11 29
q 1 2 5 
q 1 3 4 
#c 3 4 green
# found/all 12 29
q 1 3 2 
#c 3 2 green
# found/all 13 29
q 1 4 3 
q 1 3 5 
#c 3 5 green
# found/all 14 29
q 1 4 4 
#c 4 4 green
# found/all 15 29
q 1 3 1 
q 1 4 2 
#c 4 2 green
# found/all 16 29
q 1 3 6 
q 1 4 5 
#c 4 5 green
# found/all 17 29
q 1 5 4 
q 1 4 1 
#c 4 1 green
# found/all 18 29
q 1 5 2 
q 1 4 6 
#c 4 6 green
# found/all 19 29
q 1 5 5 
#c 5 5 green
# found/all 20 29
q 1 4 0 
q 1 5 1 
q 1 4 7 
#c 4 7 green
# found/all 21 29
q 1 5 6 
q 1 6 5 
q 1 3 7 
q 1 4 8 
#c 4 8 green
# found/all 22 29
q 1 5 7 
#c 5 7 green
# found/all 23 29
q 1 3 8 
q 1 4 9 
q 1 5 8 
q 1 6 7 
q 4 2 0 2 1 3 0 3 1 
# SUM >= 2
q 16 0 4 0 5 0 6 0 7 1 4 1 5 1 6 1 7 2 4 2 5 2 6 2 7 3 4 3 5 3 6 3 7 
q 4 0 4 0 5 1 4 1 5 
q 1 0 5 
q 4 0 6 0 7 1 6 1 7 
# SUM >= 2
q 12 0 8 0 9 0 10 1 8 1 9 1 10 2 8 2 9 2 10 3 8 3 9 3 10 
q 4 0 8 0 9 1 8 1 9 
q 2 0 10 1 10 
q 4 2 8 2 9 3 8 3 9 
q 2 2 10 3 10 
q 16 4 0 4 1 4 2 4 3 5 0 5 1 5 2 5 3 6 0 6 1 6 2 6 3 7 0 7 1 7 2 7 3 
q 4 4 0 4 1 5 0 5 1 
q 4 4 2 4 3 5 2 5 3 
q 1 5 3 
q 4 6 0 6 1 7 0 7 1 
q 4 6 2 6 3 7 2 7 3 
q 16 4 4 4 5 4 6 4 7 5 4 5 5 5 6 5 7 6 4 6 5 6 6 6 7 7 4 7 5 7 6 7 7 
# SUM >= 2
q 4 6 4 6 5 7 4 7 5 
q 4 6 6 6 7 7 6 7 7 
q 1 6 6 
q 1 7 6 
q 1 7 7 
q 12 4 8 4 9 4 10 5 8 5 9 5 10 6 8 6 9 6 10 7 8 7 9 7 10 
q 4 4 8 4 9 5 8 5 9 
q 2 4 10 5 10 
q 4 6 8 6 9 7 8 7 9 
q 2 6 10 7 10 
q 12 8 0 8 1 8 2 8 3 9 0 9 1 9 2 9 3 10 0 10 1 10 2 10 3 
q 12 8 4 8 5 8 6 8 7 9 4 9 5 9 6 9 7 10 4 10 5 10 6 10 7 
q 4 8 4 8 5 9 4 9 5 
q 1 8 4 
#c 8 4 green
# searchh
q 1 7 4 
q 1 8 3 
q 1 8 5 
#c 8 5 green
# found/all 25 29
q 1 9 4 
#c 9 4 green
# found/all 26 29
q 1 7 5 
q 1 8 6 
q 1 9 5 
#c 9 5 green
# found/all 27 29
q 1 9 3 
q 1 10 4 
q 1 9 6 
#c 9 6 green
# found/all 28 29
q 1 10 5 
q 1 9 7 
q 1 10 6 
#c 10 6 green
# found/all 29 29
a 26 0 2 1 2 1 1 1 3 1 4 2 3 2 4 3 3 3 4 3 2 3 5 4 4 4 2 4 5 4 1 4 6 5 5 4 7 4 8 5 7 8 4 8 5 9 4 9 5 9 6 10 6 
