# [[0, 0], [1, 0], [1, 1], [2, 0], [2, 1], [3, 0], [3, 1], [4, 0], [4, 1], [5, 0]]
# [[0, 0], [0, 1], [1, 0], [1, 1], [2, 0], [2, 1], [3, 0], [4, 0], [4, 1], [4, 2], [5, 0]]
# [[0, 0], [0, 1], [0, 2], [0, 3], [0, 4], [0, 5], [1, 0], [1, 3]]
# [[0, 2], [0, 3], [1, 0], [1, 1], [1, 2], [1, 3], [2, 1], [2, 2], [3, 2]]
# [[0, 1], [1, 0], [1, 1], [2, 1], [2, 2], [3, 1], [3, 2], [4, 0], [4, 1], [4, 2], [4, 3], [4, 4], [4, 5]]
# [[0, 3], [1, 0], [1, 1], [1, 2], [1, 3], [2, 3], [2, 4], [2, 5], [3, 3]]
# [[0, 2], [1, 2], [2, 0], [2, 1], [2, 2], [2, 3], [3, 0], [3, 1], [3, 2], [4, 2]]
# [[0, 2], [0, 3], [1, 0], [1, 1], [1, 2], [1, 4], [2, 2], [2, 3], [2, 4], [3, 3]]
# [[0, 0], [0, 1], [1, 1], [1, 2], [2, 1], [2, 2], [3, 1], [3, 2]]
# [[0, 1], [0, 2], [1, 0], [1, 1], [1, 2], [1, 3], [2, 0], [2, 1], [2, 2], [2, 3], [2, 4], [3, 2], [3, 3], [4, 2]]
# [[0, 0], [0, 2], [1, 0], [1, 1], [1, 2], [1, 3], [2, 1], [2, 2], [2, 3], [3, 0], [3, 1], [3, 2], [3, 3]]
# [[0, 2], [0, 3], [1, 3], [2, 0], [2, 1], [2, 2], [2, 3], [3, 0], [3, 1]]
# [[0, 2], [1, 1], [1, 2], [2, 0], [2, 1], [2, 2], [3, 1], [3, 2], [4, 1], [4, 2], [5, 1], [5, 2], [6, 0], [6, 1], [6, 2]]
# [[0, 2], [1, 2], [1, 3], [1, 4], [1, 5], [2, 0], [2, 1], [2, 2], [2, 3], [3, 1], [3, 2], [3, 3], [4, 1], [4, 2], [4, 3], [5, 1]]
q 16 0 0 0 1 0 2 0 3 1 0 1 1 1 2 1 3 2 0 2 1 2 2 2 3 3 0 3 1 3 2 3 3 
q 4 0 0 0 1 1 0 1 1 
q 4 0 2 0 3 1 2 1 3 
q 1 0 2 
#c 0 2 green
# searchh
q 1 0 1 
q 1 0 3 
#c 0 3 green
# found/all 2 155
q 1 1 2 
q 1 0 4 
q 1 1 3 
#c 1 3 green
# found/all 3 155
q 1 1 4 
q 1 2 3 
#c 2 3 green
# found/all 4 155
q 1 2 2 
#c 2 2 green
# found/all 5 155
q 1 2 4 
q 1 3 3 
#c 3 3 green
# found/all 6 155
q 1 2 1 
#c 2 1 green
# found/all 7 155
q 1 3 2 
q 1 3 4 
q 1 4 3 
#c 4 3 green
# found/all 8 155
q 1 1 1 
q 1 2 0 
#c 2 0 green
# found/all 9 155
q 1 3 1 
#c 3 1 green
# found/all 10 155
q 1 4 2 
q 1 4 4 
#c 4 4 green
# found/all 11 155
q 1 5 3 
#c 5 3 green
# found/all 12 155
q 1 1 0 
q 1 3 0 
#c 3 0 green
# found/all 13 155
q 1 4 1 
q 1 4 5 
#c 4 5 green
# found/all 14 155
q 1 5 4 
#c 5 4 green
# found/all 15 155
q 1 5 2 
#c 5 2 green
# found/all 16 155
q 1 6 3 
#c 6 3 green
# found/all 18 155
q 1 4 0 
q 1 3 5 
q 1 4 6 
#c 4 6 green
# found/all 19 155
q 1 5 5 
q 1 6 4 
#c 6 4 green
# found/all 20 155
q 1 5 1 
#c 5 1 green
# found/all 21 155
q 1 6 2 
#c 6 2 green
# found/all 22 155
q 1 7 3 
#c 7 3 green
# found/all 24 155
q 1 3 6 
q 1 4 7 
q 1 5 6 
q 1 6 5 
q 1 7 4 
#c 7 4 green
# found/all 26 155
q 1 5 0 
q 1 6 1 
#c 6 1 green
# found/all 27 155
q 1 7 2 
#c 7 2 green
# found/all 29 155
q 1 8 3 
#c 8 3 green
# found/all 30 155
q 1 7 5 
q 1 8 4 
#c 8 4 green
# found/all 31 155
q 1 6 0 
q 1 7 1 
#c 7 1 green
# found/all 32 155
q 1 8 2 
#c 8 2 green
# found/all 34 155
q 1 9 3 
#c 9 3 green
# found/all 36 155
q 1 8 5 
q 1 9 4 
#c 9 4 green
# found/all 37 155
q 1 7 0 
q 1 8 1 
q 1 9 2 
#c 9 2 green
# found/all 38 155
q 1 10 3 
#c 10 3 green
# found/all 39 155
q 1 9 5 
q 1 10 4 
q 1 9 1 
#c 9 1 green
# found/all 40 155
q 1 10 2 
#c 10 2 green
# found/all 41 155
q 1 11 3 
#c 11 3 green
# found/all 42 155
q 1 9 0 
q 1 10 1 
q 1 11 2 
#c 11 2 green
# found/all 43 155
q 1 11 4 
q 1 12 3 
#c 12 3 green
# found/all 44 155
q 1 11 1 
#c 11 1 green
# found/all 45 155
q 1 12 2 
#c 12 2 green
# found/all 46 155
q 1 12 4 
q 1 13 3 
#c 13 3 green
# found/all 47 155
q 1 11 0 
q 1 12 1 
q 1 13 2 
#c 13 2 green
# found/all 48 155
q 1 13 4 
q 1 14 3 
#c 14 3 green
# found/all 49 155
q 1 13 1 
q 1 14 2 
#c 14 2 green
# found/all 50 155
q 1 14 4 
q 1 15 3 
#c 15 3 green
# found/all 51 155
q 1 14 1 
q 1 15 2 
#c 15 2 green
# found/all 52 155
q 1 15 4 
#c 15 4 green
# found/all 53 155
q 1 16 3 
q 1 15 1 
#c 15 1 green
# found/all 54 155
q 1 16 2 
q 1 15 5 
#c 15 5 green
# found/all 55 155
q 1 16 4 
q 1 15 0 
q 1 16 1 
q 1 14 5 
q 1 15 6 
q 1 16 5 
#c 16 5 green
# found/all 56 155
q 1 16 6 
#c 16 6 green
# found/all 57 155
q 1 17 5 
#c 17 5 green
# found/all 58 155
q 1 16 7 
q 1 17 6 
#c 17 6 green
# found/all 59 155
q 1 17 4 
q 1 18 5 
#c 18 5 green
# found/all 60 155
q 1 17 7 
q 1 18 6 
#c 18 6 green
# found/all 61 155
q 1 18 4 
q 1 19 5 
q 1 18 7 
q 1 19 6 
# SUM >= 2
q 16 0 4 0 5 0 6 0 7 1 4 1 5 1 6 1 7 2 4 2 5 2 6 2 7 3 4 3 5 3 6 3 7 
q 4 0 4 0 5 1 4 1 5 
q 4 0 6 0 7 1 6 1 7 
q 4 2 4 2 5 3 4 3 5 
q 4 2 6 2 7 3 6 3 7 
q 16 0 8 0 9 0 10 0 11 1 8 1 9 1 10 1 11 2 8 2 9 2 10 2 11 3 8 3 9 3 10 3 11 
q 4 0 8 0 9 1 8 1 9 
q 1 0 8 
q 1 0 9 
q 1 1 8 
q 1 1 9 
#c 1 9 green
# searchh
q 1 1 10 
#c 1 10 green
# found/all 63 155
q 1 2 9 
#c 2 9 green
# found/all 66 155
q 1 0 10 
q 1 1 11 
#c 1 11 green
# found/all 67 155
q 1 2 10 
#c 2 10 green
# found/all 69 155
q 1 2 8 
#c 2 8 green
# found/all 71 155
q 1 3 9 
#c 3 9 green
# found/all 73 155
q 1 0 11 
q 1 1 12 
q 1 2 11 
#c 2 11 green
# found/all 74 155
q 1 3 10 
#c 3 10 green
# found/all 75 155
q 1 2 7 
#c 2 7 green
# found/all 76 155
q 1 3 8 
#c 3 8 green
# found/all 77 155
q 1 4 9 
#c 4 9 green
# found/all 79 155
q 1 2 12 
#c 2 12 green
# found/all 80 155
q 1 3 11 
#c 3 11 green
# found/all 81 155
q 1 4 10 
#c 4 10 green
# found/all 82 155
q 1 1 7 
q 1 2 6 
q 1 3 7 
q 1 4 8 
q 1 5 9 
#c 5 9 green
# found/all 83 155
q 1 2 13 
#c 2 13 green
# found/all 84 155
q 1 3 12 
#c 3 12 green
# found/all 86 155
q 1 4 11 
#c 4 11 green
# found/all 88 155
q 1 5 10 
#c 5 10 green
# found/all 89 155
q 1 5 8 
q 1 6 9 
#c 6 9 green
# found/all 90 155
q 1 1 13 
q 1 2 14 
#c 2 14 green
# found/all 91 155
q 1 3 13 
#c 3 13 green
# found/all 92 155
q 1 4 12 
#c 4 12 green
# found/all 93 155
q 1 5 11 
q 1 6 10 
#c 6 10 green
# found/all 94 155
q 1 6 8 
q 1 7 9 
#c 7 9 green
# found/all 95 155
q 1 1 14 
#c 1 14 green
# found/all 96 155
q 1 2 15 
q 1 3 14 
#c 3 14 green
# found/all 97 155
q 1 4 13 
q 1 5 12 
#c 5 12 green
# found/all 98 155
q 1 6 11 
q 1 7 10 
q 1 7 8 
q 1 8 9 
q 1 0 14 
q 1 1 15 
#c 1 15 green
# found/all 99 155
q 1 3 15 
#c 3 15 green
# found/all 100 155
q 1 4 14 
q 1 5 13 
#c 5 13 green
# found/all 101 155
q 1 6 12 
#c 6 12 green
# found/all 102 155
q 1 0 15 
q 1 1 16 
q 1 3 16 
#c 3 16 green
# found/all 104 155
q 1 4 15 
#c 4 15 green
# found/all 106 155
q 1 5 14 
q 1 6 13 
#c 6 13 green
# found/all 107 155
q 1 7 12 
#c 7 12 green
# found/all 108 155
q 1 2 16 
#c 2 16 green
# found/all 109 155
q 1 3 17 
#c 3 17 green
# found/all 110 155
q 1 4 16 
#c 4 16 green
# found/all 111 155
q 1 5 15 
#c 5 15 green
# found/all 112 155
q 1 6 14 
q 1 7 13 
#c 7 13 green
# found/all 113 155
q 1 7 11 
#c 7 11 green
# found/all 114 155
q 1 8 12 
q 1 2 17 
q 1 3 18 
q 1 4 17 
#c 4 17 green
# found/all 115 155
q 1 5 16 
#c 5 16 green
# found/all 116 155
q 1 6 15 
q 1 7 14 
#c 7 14 green
# found/all 117 155
q 1 8 13 
q 1 8 11 
q 1 4 18 
#c 4 18 green
# found/all 118 155
q 1 5 17 
#c 5 17 green
# found/all 119 155
q 1 6 16 
q 1 7 15 
#c 7 15 green
# found/all 120 155
q 1 8 14 
q 1 4 19 
q 1 5 18 
#c 5 18 green
# found/all 121 155
q 1 6 17 
#c 6 17 green
# found/all 122 155
q 1 7 16 
#c 7 16 green
# found/all 123 155
q 1 8 15 
q 1 5 19 
#c 5 19 green
# found/all 124 155
q 1 6 18 
#c 6 18 green
# found/all 125 155
q 1 7 17 
#c 7 17 green
# found/all 126 155
q 1 8 16 
q 1 6 19 
q 1 7 18 
q 1 8 17 
# SUM >= 2
# SUM >= 2
q 16 0 12 0 13 0 14 0 15 1 12 1 13 1 14 1 15 2 12 2 13 2 14 2 15 3 12 3 13 3 14 3 15 
q 4 0 12 0 13 1 12 1 13 
# SUM >= 2
# SUM >= 2
q 16 0 16 0 17 0 18 0 19 1 16 1 17 1 18 1 19 2 16 2 17 2 18 2 19 3 16 3 17 3 18 3 19 
q 4 0 16 0 17 1 16 1 17 
q 4 0 18 0 19 1 18 1 19 
# SUM >= 2
q 16 4 0 4 1 4 2 4 3 5 0 5 1 5 2 5 3 6 0 6 1 6 2 6 3 7 0 7 1 7 2 7 3 
q 4 4 0 4 1 5 0 5 1 
# SUM >= 2
# SUM >= 2
q 16 4 4 4 5 4 6 4 7 5 4 5 5 5 6 5 7 6 4 6 5 6 6 6 7 7 4 7 5 7 6 7 7 
# SUM >= 2
# SUM >= 2
q 16 4 8 4 9 4 10 4 11 5 8 5 9 5 10 5 11 6 8 6 9 6 10 6 11 7 8 7 9 7 10 7 11 
# SUM >= 2
# SUM >= 2
q 16 4 12 4 13 4 14 4 15 5 12 5 13 5 14 5 15 6 12 6 13 6 14 6 15 7 12 7 13 7 14 7 15 
# SUM >= 2
# SUM >= 2
q 16 4 16 4 17 4 18 4 19 5 16 5 17 5 18 5 19 6 16 6 17 6 18 6 19 7 16 7 17 7 18 7 19 
# SUM >= 2
# SUM >= 2
q 16 8 0 8 1 8 2 8 3 9 0 9 1 9 2 9 3 10 0 10 1 10 2 10 3 11 0 11 1 11 2 11 3 
q 4 8 0 8 1 9 0 9 1 
# SUM >= 2
q 4 10 0 10 1 11 0 11 1 
q 1 10 0 
# SUM >= 2
q 16 8 4 8 5 8 6 8 7 9 4 9 5 9 6 9 7 10 4 10 5 10 6 10 7 11 4 11 5 11 6 11 7 
# SUM >= 2
q 4 10 4 10 5 11 4 11 5 
q 4 10 6 10 7 11 6 11 7 
q 1 10 6 
q 1 10 7 
#c 10 7 green
# searchh
q 1 9 7 
q 1 10 8 
#c 10 8 green
# found/all 128 155
q 1 11 7 
#c 11 7 green
# found/all 129 155
q 1 9 8 
q 1 10 9 
q 1 11 8 
#c 11 8 green
# found/all 130 155
q 1 11 6 
q 1 12 7 
#c 12 7 green
# found/all 131 155
q 1 11 9 
q 1 12 8 
#c 12 8 green
# found/all 132 155
q 1 12 6 
q 1 13 7 
#c 13 7 green
# found/all 133 155
q 1 12 9 
q 1 13 8 
q 1 13 6 
q 1 14 7 
#c 14 7 green
# found/all 134 155
q 1 14 6 
q 1 14 8 
#c 14 8 green
# found/all 135 155
q 1 15 7 
#c 15 7 green
# found/all 136 155
q 1 14 9 
#c 14 9 green
# found/all 137 155
q 1 15 8 
q 1 13 9 
q 1 14 10 
q 1 15 9 
q 16 8 8 8 9 8 10 8 11 9 8 9 9 9 10 9 11 10 8 10 9 10 10 10 11 11 8 11 9 11 10 11 11 
q 4 8 8 8 9 9 8 9 9 
q 4 8 10 8 11 9 10 9 11 
# SUM >= 2
q 16 8 12 8 13 8 14 8 15 9 12 9 13 9 14 9 15 10 12 10 13 10 14 10 15 11 12 11 13 11 14 11 15 
q 16 8 16 8 17 8 18 8 19 9 16 9 17 9 18 9 19 10 16 10 17 10 18 10 19 11 16 11 17 11 18 11 19 
q 16 12 0 12 1 12 2 12 3 13 0 13 1 13 2 13 3 14 0 14 1 14 2 14 3 15 0 15 1 15 2 15 3 
q 4 12 0 12 1 13 0 13 1 
# SUM >= 2
q 4 14 0 14 1 15 0 15 1 
q 1 14 0 
# SUM >= 2
q 16 12 4 12 5 12 6 12 7 13 4 13 5 13 6 13 7 14 4 14 5 14 6 14 7 15 4 15 5 15 6 15 7 
q 4 12 4 12 5 13 4 13 5 
# SUM >= 2
# SUM >= 2
q 16 12 8 12 9 12 10 12 11 13 8 13 9 13 10 13 11 14 8 14 9 14 10 14 11 15 8 15 9 15 10 15 11 
q 4 12 8 12 9 13 8 13 9 
q 4 12 10 12 11 13 10 13 11 
q 1 12 10 
q 1 12 11 
#c 12 11 green
# searchh
q 1 11 11 
q 1 12 12 
#c 12 12 green
# found/all 139 155
q 1 13 11 
#c 13 11 green
# found/all 140 155
q 1 11 12 
q 1 12 13 
#c 12 13 green
# found/all 141 155
q 1 13 12 
q 1 13 10 
q 1 14 11 
q 1 11 13 
q 1 12 14 
#c 12 14 green
# found/all 142 155
q 1 13 13 
q 1 11 14 
q 1 12 15 
#c 12 15 green
# found/all 143 155
q 1 13 14 
#c 13 14 green
# found/all 144 155
q 1 11 15 
q 1 12 16 
#c 12 16 green
# found/all 145 155
q 1 13 15 
q 1 14 14 
q 1 11 16 
q 1 12 17 
q 1 13 16 
# SUM >= 2
q 16 12 12 12 13 12 14 12 15 13 12 13 13 13 14 13 15 14 12 14 13 14 14 14 15 15 12 15 13 15 14 15 15 
# SUM >= 2
q 4 14 12 14 13 15 12 15 13 
q 4 14 14 14 15 15 14 15 15 
q 16 12 16 12 17 12 18 12 19 13 16 13 17 13 18 13 19 14 16 14 17 14 18 14 19 15 16 15 17 15 18 15 19 
q 4 12 16 12 17 13 16 13 17 
q 4 12 18 12 19 13 18 13 19 
q 4 14 16 14 17 15 16 15 17 
q 4 14 18 14 19 15 18 15 19 
q 16 16 0 16 1 16 2 16 3 17 0 17 1 17 2 17 3 18 0 18 1 18 2 18 3 19 0 19 1 19 2 19 3 
q 4 16 0 16 1 17 0 17 1 
q 1 16 0 
q 1 17 0 
q 1 17 1 
q 4 16 2 16 3 17 2 17 3 
q 4 18 0 18 1 19 0 19 1 
q 4 18 2 18 3 19 2 19 3 
q 16 16 4 16 5 16 6 16 7 17 4 17 5 17 6 17 7 18 4 18 5 18 6 18 7 19 4 19 5 19 6 19 7 
# SUM >= 2
q 4 18 4 18 5 19 4 19 5 
q 4 18 6 18 7 19 6 19 7 
q 16 16 8 16 9 16 10 16 11 17 8 17 9 17 10 17 11 18 8 18 9 18 10 18 11 19 8 19 9 19 10 19 11 
q 4 16 8 16 9 17 8 17 9 
q 4 16 10 16 11 17 10 17 11 
q 4 18 8 18 9 19 8 19 9 
q 4 18 10 18 11 19 10 19 11 
q 16 16 12 16 13 16 14 16 15 17 12 17 13 17 14 17 15 18 12 18 13 18 14 18 15 19 12 19 13 19 14 19 15 
q 4 16 12 16 13 17 12 17 13 
q 4 16 14 16 15 17 14 17 15 
q 1 16 14 
#c 16 14 green
# searchh
q 1 15 14 
q 1 16 13 
q 1 16 15 
#c 16 15 green
# found/all 147 155
q 1 17 14 
#c 17 14 green
# found/all 148 155
q 1 15 15 
q 1 16 16 
#c 16 16 green
# found/all 149 155
q 1 17 15 
#c 17 15 green
# found/all 150 155
q 1 17 13 
q 1 18 14 
q 1 15 16 
#c 15 16 green
# found/all 151 155
q 1 16 17 
#c 16 17 green
# found/all 152 155
q 1 17 16 
#c 17 16 green
# found/all 153 155
q 1 18 15 
q 1 14 16 
#c 14 16 green
# found/all 154 155
q 1 15 17 
q 1 16 18 
q 1 17 17 
q 1 18 16 
#c 18 16 green
# found/all 155 155
a 139 0 2 0 3 1 3 2 3 2 2 3 3 2 1 4 3 2 0 3 1 4 4 5 3 3 0 4 5 5 4 5 2 6 3 4 6 6 4 5 1 6 2 7 3 7 4 6 1 7 2 8 3 8 4 7 1 8 2 9 3 9 4 9 2 10 3 9 1 10 2 11 3 11 2 12 3 11 1 12 2 13 3 13 2 14 3 14 2 15 3 15 2 15 4 15 1 15 5 16 5 16 6 17 5 17 6 18 5 18 6 1 9 1 10 2 9 1 11 2 10 2 8 3 9 2 11 3 10 2 7 3 8 4 9 2 12 3 11 4 10 5 9 2 13 3 12 4 11 5 10 6 9 2 14 3 13 4 12 6 10 7 9 1 14 3 14 5 12 1 15 3 15 5 13 6 12 3 16 4 15 6 13 7 12 2 16 3 17 4 16 5 15 7 13 7 11 4 17 5 16 7 14 4 18 5 17 7 15 5 18 6 17 7 16 5 19 6 18 7 17 10 7 10 8 11 7 11 8 12 7 12 8 13 7 14 7 14 8 15 7 14 9 12 11 12 12 13 11 12 13 12 14 12 15 13 14 12 16 16 14 16 15 17 14 16 16 17 15 15 16 16 17 17 16 14 16 18 16 
