# [[0, 1], [1, 0], [1, 1], [2, 1]]
# [[0, 0], [0, 1], [1, 1], [1, 2], [2, 0], [2, 1], [2, 2], [2, 3], [3, 0], [3, 1], [3, 2], [3, 3], [4, 1], [4, 2], [4, 3]]
# [[0, 2], [1, 2], [1, 3], [2, 2], [3, 1], [3, 2], [3, 3], [4, 0], [4, 1], [4, 2], [4, 3], [4, 4], [5, 1], [5, 2], [5, 3], [5, 4]]
# [[0, 0], [0, 1], [0, 2], [1, 1], [1, 2], [1, 3]]
# [[0, 2], [0, 3], [1, 0], [1, 1], [1, 2], [1, 3], [2, 0], [2, 1], [2, 3], [3, 3]]
# [[0, 0], [0, 1], [0, 2], [0, 3], [1, 0], [1, 1], [1, 2], [2, 2]]
# [[0, 3], [0, 4], [1, 2], [1, 3], [1, 4], [1, 5], [2, 0], [2, 1], [2, 2], [2, 3], [2, 5], [3, 2]]
# [[0, 1], [1, 1], [2, 0], [2, 1], [2, 2], [3, 2], [3, 3], [3, 5], [4, 3], [4, 4], [4, 5]]
# [[0, 2], [0, 3], [1, 2], [1, 3], [2, 2], [2, 3], [2, 4], [3, 1], [3, 2], [3, 3], [4, 0], [4, 1], [4, 2], [5, 0]]
# [[0, 0], [0, 1], [0, 2], [1, 1], [1, 2], [1, 3], [1, 4], [2, 2], [2, 3], [3, 1], [3, 2]]
# [[0, 2], [1, 0], [1, 1], [1, 2]]
# [[0, 2], [1, 0], [1, 1], [1, 2], [1, 3], [2, 0], [2, 1], [2, 2], [3, 0], [3, 2], [4, 0], [4, 2]]
q 16 0 0 0 1 0 2 0 3 1 0 1 1 1 2 1 3 2 0 2 1 2 2 2 3 3 0 3 1 3 2 3 3 
q 4 0 0 0 1 1 0 1 1 
q 1 0 0 
q 1 0 1 
q 1 1 0 
q 1 1 1 
q 4 0 2 0 3 1 2 1 3 
q 1 0 2 
q 1 0 3 
q 1 1 2 
#c 1 2 green
# searchh
q 1 1 3 
#c 1 3 green
# found/all 2 123
q 1 2 2 
q 1 1 4 
q 1 2 3 
#c 2 3 green
# found/all 3 123
q 1 2 4 
#c 2 4 green
# found/all 4 123
q 1 3 3 
#c 3 3 green
# found/all 5 123
q 1 2 5 
q 1 3 4 
#c 3 4 green
# found/all 6 123
q 1 3 2 
#c 3 2 green
# found/all 7 123
q 1 4 3 
#c 4 3 green
# found/all 8 123
q 1 3 5 
#c 3 5 green
# found/all 9 123
q 1 4 4 
#c 4 4 green
# found/all 10 123
q 1 3 1 
q 1 4 2 
#c 4 2 green
# found/all 11 123
q 1 5 3 
#c 5 3 green
# found/all 12 123
q 1 3 6 
q 1 4 5 
#c 4 5 green
# found/all 13 123
q 1 5 4 
#c 5 4 green
# found/all 14 123
q 1 4 1 
q 1 5 2 
q 1 6 3 
q 1 4 6 
q 1 5 5 
#c 5 5 green
# found/all 15 123
q 1 6 4 
q 1 5 6 
q 1 6 5 
q 4 2 0 2 1 3 0 3 1 
# SUM >= 2
q 16 0 4 0 5 0 6 0 7 1 4 1 5 1 6 1 7 2 4 2 5 2 6 2 7 3 4 3 5 3 6 3 7 
q 4 0 4 0 5 1 4 1 5 
q 4 0 6 0 7 1 6 1 7 
# SUM >= 2
q 16 0 8 0 9 0 10 0 11 1 8 1 9 1 10 1 11 2 8 2 9 2 10 2 11 3 8 3 9 3 10 3 11 
q 4 0 8 0 9 1 8 1 9 
q 1 0 8 
q 1 0 9 
#c 0 9 green
# searchh
q 1 0 10 
#c 0 10 green
# found/all 17 123
q 1 1 9 
#c 1 9 green
# found/all 18 123
q 1 0 11 
q 1 1 10 
#c 1 10 green
# found/all 19 123
q 1 1 8 
#c 1 8 green
# found/all 20 123
q 1 2 9 
#c 2 9 green
# found/all 21 123
q 1 1 11 
#c 1 11 green
# found/all 22 123
q 1 2 10 
q 1 1 7 
q 1 2 8 
#c 2 8 green
# found/all 24 123
q 1 3 9 
#c 3 9 green
# found/all 25 123
q 1 1 12 
q 1 2 11 
#c 2 11 green
# found/all 26 123
q 1 2 7 
#c 2 7 green
# found/all 28 123
q 1 3 8 
#c 3 8 green
# found/all 30 123
q 1 3 10 
#c 3 10 green
# found/all 31 123
q 1 4 9 
#c 4 9 green
# found/all 32 123
q 1 2 12 
q 1 3 11 
#c 3 11 green
# found/all 33 123
q 1 2 6 
#c 2 6 green
# found/all 35 123
q 1 3 7 
#c 3 7 green
# found/all 36 123
q 1 4 8 
#c 4 8 green
# found/all 37 123
q 1 4 10 
q 1 5 9 
q 1 3 12 
#c 3 12 green
# found/all 38 123
q 1 4 11 
q 1 1 6 
q 1 4 7 
q 1 5 8 
#c 5 8 green
# found/all 39 123
q 1 3 13 
#c 3 13 green
# found/all 40 123
q 1 4 12 
#c 4 12 green
# found/all 41 123
q 1 5 7 
#c 5 7 green
# found/all 42 123
q 1 6 8 
q 1 2 13 
q 1 3 14 
q 1 4 13 
#c 4 13 green
# found/all 43 123
q 1 5 12 
#c 5 12 green
# found/all 44 123
q 1 6 7 
q 1 4 14 
#c 4 14 green
# found/all 45 123
q 1 5 13 
#c 5 13 green
# found/all 47 123
q 1 5 11 
q 1 6 12 
#c 6 12 green
# found/all 48 123
q 1 4 15 
q 1 5 14 
q 1 6 13 
#c 6 13 green
# found/all 50 123
q 1 6 11 
#c 6 11 green
# found/all 51 123
q 1 7 12 
#c 7 12 green
# found/all 52 123
q 1 6 14 
q 1 7 13 
#c 7 13 green
# found/all 54 123
q 1 6 10 
#c 6 10 green
# found/all 55 123
q 1 7 11 
#c 7 11 green
# found/all 56 123
q 1 8 12 
q 1 7 14 
#c 7 14 green
# found/all 57 123
q 1 8 13 
#c 8 13 green
# found/all 58 123
q 1 5 10 
q 1 6 9 
q 1 7 10 
#c 7 10 green
# found/all 59 123
q 1 8 11 
q 1 7 15 
q 1 8 14 
#c 8 14 green
# found/all 60 123
q 1 9 13 
q 1 7 9 
q 1 8 10 
q 1 8 15 
#c 8 15 green
# found/all 61 123
q 1 9 14 
q 1 8 16 
q 1 9 15 
#c 9 15 green
# found/all 62 123
q 1 9 16 
#c 9 16 green
# found/all 63 123
q 1 10 15 
q 1 9 17 
#c 9 17 green
# found/all 64 123
q 1 10 16 
q 1 8 17 
#c 8 17 green
# found/all 65 123
q 1 10 17 
q 1 7 17 
# SUM >= 2
# SUM >= 2
q 16 0 12 0 13 0 14 0 15 1 12 1 13 1 14 1 15 2 12 2 13 2 14 2 15 3 12 3 13 3 14 3 15 
q 4 0 12 0 13 1 12 1 13 
q 4 0 14 0 15 1 14 1 15 
q 1 0 14 
q 1 0 15 
q 1 1 14 
q 1 1 15 
# SUM >= 2
q 8 0 16 0 17 1 16 1 17 2 16 2 17 3 16 3 17 
q 4 0 16 0 17 1 16 1 17 
q 1 0 16 
q 1 0 17 
q 1 1 16 
q 1 1 17 
#c 1 17 green
# searchh
q 1 2 17 
#c 2 17 green
# found/all 67 123
q 1 2 16 
#c 2 16 green
# found/all 68 123
q 1 3 17 
q 1 2 15 
#c 2 15 green
# found/all 69 123
q 1 3 16 
q 1 2 14 
q 1 3 15 
# SUM >= 2
q 16 4 0 4 1 4 2 4 3 5 0 5 1 5 2 5 3 6 0 6 1 6 2 6 3 7 0 7 1 7 2 7 3 
q 4 4 0 4 1 5 0 5 1 
# SUM >= 2
q 4 6 0 6 1 7 0 7 1 
q 4 6 2 6 3 7 2 7 3 
q 16 4 4 4 5 4 6 4 7 5 4 5 5 5 6 5 7 6 4 6 5 6 6 6 7 7 4 7 5 7 6 7 7 
# SUM >= 2
q 4 6 4 6 5 7 4 7 5 
q 4 6 6 6 7 7 6 7 7 
q 16 4 8 4 9 4 10 4 11 5 8 5 9 5 10 5 11 6 8 6 9 6 10 6 11 7 8 7 9 7 10 7 11 
# SUM >= 2
q 4 6 8 6 9 7 8 7 9 
# SUM >= 2
q 16 4 12 4 13 4 14 4 15 5 12 5 13 5 14 5 15 6 12 6 13 6 14 6 15 7 12 7 13 7 14 7 15 
# SUM >= 2
# SUM >= 2
q 8 4 16 4 17 5 16 5 17 6 16 6 17 7 16 7 17 
q 16 8 0 8 1 8 2 8 3 9 0 9 1 9 2 9 3 10 0 10 1 10 2 10 3 11 0 11 1 11 2 11 3 
q 4 8 0 8 1 9 0 9 1 
q 4 8 2 8 3 9 2 9 3 
q 4 10 0 10 1 11 0 11 1 
q 4 10 2 10 3 11 2 11 3 
q 1 10 2 
q 1 10 3 
q 1 11 2 
#c 11 2 green
# searchh
q 1 11 1 
q 1 11 3 
#c 11 3 green
# found/all 71 123
q 1 12 2 
#c 12 2 green
# found/all 72 123
q 1 11 4 
#c 11 4 green
# found/all 74 123
q 1 12 3 
#c 12 3 green
# found/all 75 123
q 1 12 1 
q 1 13 2 
#c 13 2 green
# found/all 76 123
q 1 10 4 
#c 10 4 green
# found/all 78 123
q 1 11 5 
#c 11 5 green
# found/all 80 123
q 1 12 4 
#c 12 4 green
# found/all 82 123
q 1 13 3 
#c 13 3 green
# found/all 83 123
q 1 13 1 
q 1 14 2 
#c 14 2 green
# found/all 85 123
q 1 9 4 
q 1 10 5 
#c 10 5 green
# found/all 86 123
q 1 11 6 
#c 11 6 green
# found/all 87 123
q 1 12 5 
#c 12 5 green
# found/all 88 123
q 1 13 4 
#c 13 4 green
# found/all 90 123
q 1 14 3 
#c 14 3 green
# found/all 91 123
q 1 14 1 
q 1 15 2 
#c 15 2 green
# found/all 93 123
q 1 9 5 
q 1 10 6 
q 1 11 7 
#c 11 7 green
# found/all 94 123
q 1 12 6 
#c 12 6 green
# found/all 95 123
q 1 13 5 
#c 13 5 green
# found/all 96 123
q 1 14 4 
#c 14 4 green
# found/all 98 123
q 1 15 3 
#c 15 3 green
# found/all 99 123
q 1 15 1 
#c 15 1 green
# found/all 100 123
q 1 16 2 
#c 16 2 green
# found/all 101 123
q 1 10 7 
#c 10 7 green
# found/all 102 123
q 1 11 8 
#c 11 8 green
# found/all 103 123
q 1 12 7 
#c 12 7 green
# found/all 104 123
q 1 13 6 
q 1 14 5 
q 1 15 4 
q 1 16 3 
q 1 15 0 
#c 15 0 green
# found/all 105 123
q 1 16 1 
#c 16 1 green
# found/all 106 123
q 1 17 2 
#c 17 2 green
# found/all 107 123
q 1 9 7 
q 1 10 8 
#c 10 8 green
# found/all 108 123
q 1 11 9 
#c 11 9 green
# found/all 109 123
q 1 12 8 
#c 12 8 green
# found/all 110 123
q 1 13 7 
q 1 14 0 
q 1 16 0 
#c 16 0 green
# found/all 111 123
q 1 17 1 
q 1 17 3 
q 1 9 8 
#c 9 8 green
# found/all 112 123
q 1 10 9 
#c 10 9 green
# found/all 113 123
q 1 11 10 
#c 11 10 green
# found/all 114 123
q 1 12 9 
#c 12 9 green
# found/all 115 123
q 1 13 8 
q 1 17 0 
q 1 8 8 
#c 8 8 green
# found/all 116 123
q 1 9 9 
q 1 10 10 
q 1 11 11 
q 1 12 10 
#c 12 10 green
# found/all 117 123
q 1 13 9 
q 1 7 8 
#c 7 8 green
# found/all 118 123
q 1 8 7 
q 1 8 9 
#c 8 9 green
# found/all 119 123
q 1 12 11 
q 1 13 10 
q 1 7 7 
q 16 8 4 8 5 8 6 8 7 9 4 9 5 9 6 9 7 10 4 10 5 10 6 10 7 11 4 11 5 11 6 11 7 
q 4 8 4 8 5 9 4 9 5 
q 4 8 6 8 7 9 6 9 7 
# SUM >= 2
q 16 8 8 8 9 8 10 8 11 9 8 9 9 9 10 9 11 10 8 10 9 10 10 10 11 11 8 11 9 11 10 11 11 
# SUM >= 2
# SUM >= 2
q 16 8 12 8 13 8 14 8 15 9 12 9 13 9 14 9 15 10 12 10 13 10 14 10 15 11 12 11 13 11 14 11 15 
q 4 8 12 8 13 9 12 9 13 
# SUM >= 2
q 4 10 12 10 13 11 12 11 13 
q 4 10 14 10 15 11 14 11 15 
q 8 8 16 8 17 9 16 9 17 10 16 10 17 11 16 11 17 
# SUM >= 2
q 4 10 16 10 17 11 16 11 17 
q 1 11 16 
q 1 11 17 
q 16 12 0 12 1 12 2 12 3 13 0 13 1 13 2 13 3 14 0 14 1 14 2 14 3 15 0 15 1 15 2 15 3 
q 4 12 0 12 1 13 0 13 1 
# SUM >= 2
# SUM >= 2
q 16 12 4 12 5 12 6 12 7 13 4 13 5 13 6 13 7 14 4 14 5 14 6 14 7 15 4 15 5 15 6 15 7 
# SUM >= 2
q 4 14 4 14 5 15 4 15 5 
q 1 15 5 
q 4 14 6 14 7 15 6 15 7 
q 16 12 8 12 9 12 10 12 11 13 8 13 9 13 10 13 11 14 8 14 9 14 10 14 11 15 8 15 9 15 10 15 11 
# SUM >= 2
q 4 14 8 14 9 15 8 15 9 
q 4 14 10 14 11 15 10 15 11 
q 16 12 12 12 13 12 14 12 15 13 12 13 13 13 14 13 15 14 12 14 13 14 14 14 15 15 12 15 13 15 14 15 15 
q 4 12 12 12 13 13 12 13 13 
q 4 12 14 12 15 13 14 13 15 
q 4 14 12 14 13 15 12 15 13 
q 4 14 14 14 15 15 14 15 15 
q 8 12 16 12 17 13 16 13 17 14 16 14 17 15 16 15 17 
q 8 16 0 16 1 16 2 16 3 17 0 17 1 17 2 17 3 
# SUM >= 2
q 8 16 4 16 5 16 6 16 7 17 4 17 5 17 6 17 7 
q 8 16 8 16 9 16 10 16 11 17 8 17 9 17 10 17 11 
q 8 16 12 16 13 16 14 16 15 17 12 17 13 17 14 17 15 
q 4 16 12 16 13 17 12 17 13 
q 4 16 14 16 15 17 14 17 15 
q 1 16 14 
#c 16 14 green
# searchh
q 1 15 14 
q 1 16 13 
q 1 16 15 
#c 16 15 green
# found/all 121 123
q 1 17 14 
q 1 15 15 
#c 15 15 green
# found/all 122 123
q 1 16 16 
q 1 17 15 
#c 17 15 green
# found/all 123 123
a 108 1 2 1 3 2 3 2 4 3 3 3 4 3 2 4 3 3 5 4 4 4 2 5 3 4 5 5 4 5 5 0 9 0 10 1 9 1 10 1 8 2 9 1 11 2 8 3 9 2 11 2 7 3 8 3 10 4 9 3 11 2 6 3 7 4 8 3 12 5 8 3 13 4 12 5 7 4 13 5 12 4 14 5 13 6 12 6 13 6 11 7 12 7 13 6 10 7 11 7 14 8 13 7 10 8 14 8 15 9 15 9 16 9 17 8 17 1 17 2 17 2 16 2 15 11 2 11 3 12 2 11 4 12 3 13 2 10 4 11 5 12 4 13 3 14 2 10 5 11 6 12 5 13 4 14 3 15 2 11 7 12 6 13 5 14 4 15 3 15 1 16 2 10 7 11 8 12 7 15 0 16 1 17 2 10 8 11 9 12 8 16 0 9 8 10 9 11 10 12 9 8 8 12 10 7 8 8 9 16 14 16 15 15 15 17 15 
