# [[0, 1], [1, 0], [1, 1], [1, 2], [2, 0], [2, 1], [2, 2], [3, 1], [3, 2], [4, 1]]
# [[0, 0], [0, 1], [1, 1], [2, 0], [2, 1], [2, 2], [3, 0], [3, 1], [3, 2], [4, 1]]
# [[0, 1], [1, 0], [1, 1], [2, 0], [2, 1], [2, 2], [3, 0], [3, 1], [3, 2]]
# [[0, 1], [1, 1], [2, 0], [2, 1], [3, 1], [3, 2]]
# [[0, 1], [0, 3], [1, 1], [1, 2], [1, 3], [2, 0], [2, 1], [2, 2], [2, 3], [2, 4]]
# [[0, 0], [0, 1], [0, 2], [1, 0], [1, 1], [1, 2]]
# [[0, 1], [1, 1], [2, 0], [2, 1], [2, 2], [3, 0], [3, 1]]
# [[0, 0], [0, 1], [0, 2], [0, 3], [0, 4], [0, 5], [1, 2], [2, 2], [3, 2]]
# [[0, 1], [0, 2], [0, 3], [1, 2], [1, 3], [2, 0], [2, 1], [2, 2], [3, 0], [3, 1]]
# [[0, 0], [0, 1], [0, 2], [0, 3], [1, 0], [1, 1], [1, 2]]
# [[0, 0], [0, 1], [1, 0], [1, 1], [1, 2], [2, 1]]
# [[0, 0], [0, 1], [0, 2], [1, 0], [1, 1], [1, 2]]
# [[0, 1], [0, 2], [0, 3], [1, 0], [1, 1], [1, 2], [1, 3], [2, 2]]
# [[0, 1], [1, 0], [1, 1], [2, 1], [3, 0], [3, 1], [4, 1], [4, 2], [5, 1], [6, 1]]
q 16 0 0 0 1 0 2 0 3 1 0 1 1 1 2 1 3 2 0 2 1 2 2 2 3 3 0 3 1 3 2 3 3 
q 4 0 0 0 1 1 0 1 1 
q 4 0 2 0 3 1 2 1 3 
q 4 2 0 2 1 3 0 3 1 
q 1 2 0 
#c 2 0 green
# searchh
q 1 1 0 
q 1 2 1 
#c 2 1 green
# found/all 2 114
q 1 3 0 
q 1 1 1 
q 1 2 2 
q 1 3 1 
#c 3 1 green
# found/all 3 114
q 1 3 2 
q 1 4 1 
#c 4 1 green
# found/all 4 114
q 1 4 0 
#c 4 0 green
# found/all 5 114
q 1 4 2 
#c 4 2 green
# found/all 6 114
q 1 5 1 
#c 5 1 green
# found/all 7 114
q 1 5 0 
#c 5 0 green
# found/all 8 114
q 1 4 3 
q 1 5 2 
#c 5 2 green
# found/all 9 114
q 1 6 1 
#c 6 1 green
# found/all 10 114
q 1 6 0 
q 1 5 3 
q 1 6 2 
q 1 7 1 
q 4 2 2 2 3 3 2 3 3 
q 1 2 3 
q 1 3 3 
q 16 0 4 0 5 0 6 0 7 1 4 1 5 1 6 1 7 2 4 2 5 2 6 2 7 3 4 3 5 3 6 3 7 
q 16 0 8 0 9 0 10 0 11 1 8 1 9 1 10 1 11 2 8 2 9 2 10 2 11 3 8 3 9 3 10 3 11 
q 4 0 8 0 9 1 8 1 9 
q 1 0 8 
q 1 0 9 
q 1 1 8 
q 1 1 9 
q 4 0 10 0 11 1 10 1 11 
q 4 2 8 2 9 3 8 3 9 
q 4 2 10 2 11 3 10 3 11 
q 1 2 10 
q 1 2 11 
q 1 3 10 
q 1 3 11 
#c 3 11 green
# searchh
q 1 3 12 
#c 3 12 green
# found/all 12 114
q 1 4 11 
#c 4 11 green
# found/all 14 114
q 1 2 12 
q 1 3 13 
q 1 4 12 
#c 4 12 green
# found/all 15 114
q 1 4 10 
q 1 5 11 
#c 5 11 green
# found/all 16 114
q 1 4 13 
q 1 5 12 
#c 5 12 green
# found/all 17 114
q 1 5 10 
#c 5 10 green
# found/all 18 114
q 1 6 11 
#c 6 11 green
# found/all 20 114
q 1 5 13 
q 1 6 12 
#c 6 12 green
# found/all 22 114
q 1 5 9 
#c 5 9 green
# found/all 23 114
q 1 6 10 
q 1 7 11 
q 1 6 13 
q 1 7 12 
#c 7 12 green
# found/all 24 114
q 1 4 9 
q 1 5 8 
#c 5 8 green
# found/all 26 114
q 1 6 9 
q 1 7 13 
#c 7 13 green
# found/all 27 114
q 1 8 12 
#c 8 12 green
# found/all 28 114
q 1 4 8 
#c 4 8 green
# found/all 29 114
q 1 5 7 
#c 5 7 green
# found/all 31 114
q 1 6 8 
#c 6 8 green
# found/all 33 114
q 1 7 14 
q 1 8 13 
q 1 8 11 
q 1 9 12 
#c 9 12 green
# found/all 34 114
q 1 3 8 
q 1 4 7 
#c 4 7 green
# found/all 36 114
q 1 5 6 
#c 5 6 green
# found/all 37 114
q 1 6 7 
#c 6 7 green
# found/all 38 114
q 1 7 8 
#c 7 8 green
# found/all 39 114
q 1 9 11 
q 1 9 13 
q 1 10 12 
q 1 3 7 
#c 3 7 green
# found/all 40 114
q 1 4 6 
#c 4 6 green
# found/all 41 114
q 1 5 5 
q 1 6 6 
#c 6 6 green
# found/all 42 114
q 1 7 7 
q 1 7 9 
#c 7 9 green
# found/all 43 114
q 1 8 8 
q 1 2 7 
q 1 3 6 
q 1 4 5 
q 1 6 5 
q 1 7 6 
q 1 7 10 
#c 7 10 green
# found/all 44 114
q 1 8 9 
#c 8 9 green
# found/all 45 114
q 1 8 10 
#c 8 10 green
# found/all 46 114
q 1 9 9 
#c 9 9 green
# found/all 47 114
q 1 9 10 
q 1 9 8 
#c 9 8 green
# found/all 48 114
q 1 10 9 
#c 10 9 green
# found/all 49 114
q 1 9 7 
#c 9 7 green
# found/all 51 114
q 1 10 8 
#c 10 8 green
# found/all 53 114
q 1 10 10 
#c 10 10 green
# found/all 54 114
q 1 11 9 
#c 11 9 green
# found/all 55 114
q 1 8 7 
q 1 9 6 
#c 9 6 green
# found/all 56 114
q 1 10 7 
#c 10 7 green
# found/all 58 114
q 1 11 8 
#c 11 8 green
# found/all 59 114
q 1 10 11 
q 1 11 10 
#c 11 10 green
# found/all 60 114
q 1 12 9 
#c 12 9 green
# found/all 61 114
q 1 8 6 
q 1 9 5 
#c 9 5 green
# found/all 62 114
q 1 10 6 
#c 10 6 green
# found/all 63 114
q 1 11 7 
#c 11 7 green
# found/all 65 114
q 1 12 8 
#c 12 8 green
# found/all 66 114
q 1 11 11 
#c 11 11 green
# found/all 67 114
q 1 12 10 
q 1 13 9 
q 1 8 5 
q 1 9 4 
#c 9 4 green
# found/all 68 114
q 1 10 5 
#c 10 5 green
# found/all 70 114
q 1 11 6 
#c 11 6 green
# found/all 71 114
q 1 12 7 
#c 12 7 green
# found/all 72 114
q 1 13 8 
q 1 11 12 
#c 11 12 green
# found/all 73 114
q 1 12 11 
#c 12 11 green
# found/all 74 114
q 1 8 4 
q 1 9 3 
#c 9 3 green
# found/all 75 114
q 1 10 4 
#c 10 4 green
# found/all 77 114
q 1 11 5 
#c 11 5 green
# found/all 79 114
q 1 12 6 
#c 12 6 green
# found/all 80 114
q 1 13 7 
q 1 11 13 
#c 11 13 green
# found/all 81 114
q 1 12 12 
#c 12 12 green
# found/all 82 114
q 1 13 11 
q 1 8 3 
q 1 9 2 
q 1 10 3 
#c 10 3 green
# found/all 83 114
q 1 11 4 
#c 11 4 green
# found/all 85 114
q 1 12 5 
#c 12 5 green
# found/all 87 114
q 1 13 6 
q 1 10 13 
q 1 11 14 
q 1 12 13 
#c 12 13 green
# found/all 88 114
q 1 13 12 
q 1 10 2 
#c 10 2 green
# found/all 89 114
q 1 11 3 
#c 11 3 green
# found/all 91 114
q 1 12 4 
#c 12 4 green
# found/all 94 114
q 1 13 5 
#c 13 5 green
# found/all 95 114
q 1 12 14 
q 1 13 13 
q 1 10 1 
q 1 11 2 
#c 11 2 green
# found/all 97 114
q 1 12 3 
#c 12 3 green
# found/all 99 114
q 1 13 4 
#c 13 4 green
# found/all 100 114
q 1 14 5 
q 1 11 1 
#c 11 1 green
# found/all 101 114
q 1 12 2 
#c 12 2 green
# found/all 102 114
q 1 13 3 
#c 13 3 green
# found/all 104 114
q 1 14 4 
q 1 11 0 
#c 11 0 green
# found/all 105 114
q 1 12 1 
q 1 13 2 
#c 13 2 green
# found/all 106 114
q 1 14 3 
q 1 10 0 
q 1 12 0 
q 1 13 1 
q 1 14 2 
#c 14 2 green
# found/all 107 114
q 1 14 1 
q 1 15 2 
q 16 0 12 0 13 0 14 0 15 1 12 1 13 1 14 1 15 2 12 2 13 2 14 2 15 3 12 3 13 3 14 3 15 
q 4 0 12 0 13 1 12 1 13 
q 1 0 12 
q 1 0 13 
q 1 1 12 
q 1 1 13 
q 4 0 14 0 15 1 14 1 15 
q 1 0 14 
q 1 0 15 
q 1 1 14 
q 1 1 15 
q 4 2 12 2 13 3 12 3 13 
q 1 2 13 
q 4 2 14 2 15 3 14 3 15 
q 1 2 14 
q 1 2 15 
q 1 3 14 
q 1 3 15 
q 4 0 16 1 16 2 16 3 16 
q 16 4 0 4 1 4 2 4 3 5 0 5 1 5 2 5 3 6 0 6 1 6 2 6 3 7 0 7 1 7 2 7 3 
# SUM >= 2
q 4 6 0 6 1 7 0 7 1 
q 1 7 0 
q 4 6 2 6 3 7 2 7 3 
q 16 4 4 4 5 4 6 4 7 5 4 5 5 5 6 5 7 6 4 6 5 6 6 6 7 7 4 7 5 7 6 7 7 
q 4 4 4 4 5 5 4 5 5 
# SUM >= 2
q 4 6 4 6 5 7 4 7 5 
# SUM >= 2
q 16 4 8 4 9 4 10 4 11 5 8 5 9 5 10 5 11 6 8 6 9 6 10 6 11 7 8 7 9 7 10 7 11 
# SUM >= 2
# SUM >= 2
q 16 4 12 4 13 4 14 4 15 5 12 5 13 5 14 5 15 6 12 6 13 6 14 6 15 7 12 7 13 7 14 7 15 
# SUM >= 2
# SUM >= 2
q 4 4 16 5 16 6 16 7 16 
q 16 8 0 8 1 8 2 8 3 9 0 9 1 9 2 9 3 10 0 10 1 10 2 10 3 11 0 11 1 11 2 11 3 
q 4 8 0 8 1 9 0 9 1 
q 4 8 2 8 3 9 2 9 3 
q 1 8 2 
# SUM >= 2
q 16 8 4 8 5 8 6 8 7 9 4 9 5 9 6 9 7 10 4 10 5 10 6 10 7 11 4 11 5 11 6 11 7 
# SUM >= 2
# SUM >= 2
q 16 8 8 8 9 8 10 8 11 9 8 9 9 9 10 9 11 10 8 10 9 10 10 10 11 11 8 11 9 11 10 11 11 
# SUM >= 2
# SUM >= 2
q 16 8 12 8 13 8 14 8 15 9 12 9 13 9 14 9 15 10 12 10 13 10 14 10 15 11 12 11 13 11 14 11 15 
# SUM >= 2
# SUM >= 2
q 4 8 16 9 16 10 16 11 16 
q 16 12 0 12 1 12 2 12 3 13 0 13 1 13 2 13 3 14 0 14 1 14 2 14 3 15 0 15 1 15 2 15 3 
q 4 12 0 12 1 13 0 13 1 
# SUM >= 2
q 4 14 0 14 1 15 0 15 1 
q 4 14 2 14 3 15 2 15 3 
q 16 12 4 12 5 12 6 12 7 13 4 13 5 13 6 13 7 14 4 14 5 14 6 14 7 15 4 15 5 15 6 15 7 
# SUM >= 2
q 4 14 4 14 5 15 4 15 5 
q 1 15 4 
q 1 15 5 
q 4 14 6 14 7 15 6 15 7 
q 16 12 8 12 9 12 10 12 11 13 8 13 9 13 10 13 11 14 8 14 9 14 10 14 11 15 8 15 9 15 10 15 11 
# SUM >= 2
q 4 14 8 14 9 15 8 15 9 
q 4 14 10 14 11 15 10 15 11 
q 1 14 10 
q 1 14 11 
q 1 15 10 
q 1 15 11 
q 16 12 12 12 13 12 14 12 15 13 12 13 13 13 14 13 15 14 12 14 13 14 14 14 15 15 12 15 13 15 14 15 15 
# SUM >= 2
q 4 14 12 14 13 15 12 15 13 
q 4 14 14 14 15 15 14 15 15 
q 1 14 14 
#c 14 14 green
# searchh
q 1 13 14 
#c 13 14 green
# found/all 109 114
q 1 14 13 
q 1 14 15 
q 1 15 14 
#c 15 14 green
# found/all 110 114
q 1 13 15 
q 1 15 13 
#c 15 13 green
# found/all 111 114
q 1 15 15 
#c 15 15 green
# found/all 112 114
q 1 16 14 
#c 16 14 green
# found/all 113 114
q 1 15 12 
q 1 16 13 
#c 16 13 green
# found/all 114 114
a 92 2 0 2 1 3 1 4 1 4 0 4 2 5 1 5 0 5 2 6 1 3 11 3 12 4 11 4 12 5 11 5 12 5 10 6 11 6 12 5 9 7 12 5 8 7 13 8 12 4 8 5 7 6 8 9 12 4 7 5 6 6 7 7 8 3 7 4 6 6 6 7 9 7 10 8 9 8 10 9 9 9 8 10 9 9 7 10 8 10 10 11 9 9 6 10 7 11 8 11 10 12 9 9 5 10 6 11 7 12 8 11 11 9 4 10 5 11 6 12 7 11 12 12 11 9 3 10 4 11 5 12 6 11 13 12 12 10 3 11 4 12 5 12 13 10 2 11 3 12 4 13 5 11 2 12 3 13 4 11 1 12 2 13 3 11 0 13 2 14 2 14 14 13 14 15 14 15 13 15 15 16 14 16 13 
