# [[0, 0], [0, 1], [0, 2], [1, 0], [1, 1]]
# [[0, 0], [0, 1], [1, 1], [1, 2], [1, 3], [2, 1], [2, 3]]
# [[0, 1], [1, 0], [1, 1], [2, 0], [2, 1], [2, 2], [3, 1], [3, 2]]
# [[0, 0], [0, 1], [1, 0], [1, 1], [1, 2], [2, 0], [2, 1], [3, 0]]
# [[0, 0], [0, 1], [0, 2], [0, 3]]
# [[0, 2], [1, 0], [1, 1], [1, 2], [2, 1], [2, 2], [2, 3], [3, 2]]
# [[0, 1], [1, 1], [2, 0], [2, 1], [2, 2]]
q 16 0 0 0 1 0 2 0 3 1 0 1 1 1 2 1 3 2 0 2 1 2 2 2 3 3 0 3 1 3 2 3 3 
q 4 0 0 0 1 1 0 1 1 
q 4 0 2 0 3 1 2 1 3 
q 4 2 0 2 1 3 0 3 1 
q 4 2 2 2 3 3 2 3 3 
q 16 0 4 0 5 0 6 0 7 1 4 1 5 1 6 1 7 2 4 2 5 2 6 2 7 3 4 3 5 3 6 3 7 
q 4 0 4 0 5 1 4 1 5 
q 4 0 6 0 7 1 6 1 7 
q 4 2 4 2 5 3 4 3 5 
q 1 2 4 
q 1 2 5 
q 1 3 4 
#c 3 4 green
# searchh
q 1 3 3 
q 1 3 5 
#c 3 5 green
# found/all 2 45
q 1 4 4 
q 1 3 6 
q 1 4 5 
#c 4 5 green
# found/all 3 45
q 1 4 6 
#c 4 6 green
# found/all 4 45
q 1 5 5 
#c 5 5 green
# found/all 5 45
q 1 4 7 
#c 4 7 green
# found/all 6 45
q 1 5 6 
#c 5 6 green
# found/all 7 45
q 1 5 4 
q 1 6 5 
#c 6 5 green
# found/all 8 45
q 1 3 7 
q 1 4 8 
q 1 5 7 
#c 5 7 green
# found/all 9 45
q 1 6 6 
#c 6 6 green
# found/all 10 45
q 1 6 4 
#c 6 4 green
# found/all 11 45
q 1 7 5 
#c 7 5 green
# found/all 12 45
q 1 5 8 
q 1 6 7 
q 1 7 6 
#c 7 6 green
# found/all 13 45
q 1 6 3 
q 1 7 4 
q 1 8 5 
q 1 7 7 
#c 7 7 green
# found/all 14 45
q 1 8 6 
#c 8 6 green
# found/all 15 45
q 1 7 8 
q 1 8 7 
#c 8 7 green
# found/all 16 45
q 1 9 6 
q 1 8 8 
q 1 9 7 
#c 9 7 green
# found/all 17 45
q 1 9 8 
#c 9 8 green
# found/all 18 45
q 1 10 7 
#c 10 7 green
# found/all 20 45
q 1 9 9 
#c 9 9 green
# found/all 21 45
q 1 10 8 
#c 10 8 green
# found/all 23 45
q 1 10 6 
#c 10 6 green
# found/all 25 45
q 1 11 7 
#c 11 7 green
# found/all 26 45
q 1 8 9 
q 1 9 10 
#c 9 10 green
# found/all 27 45
q 1 10 9 
#c 10 9 green
# found/all 28 45
q 1 11 8 
#c 11 8 green
# found/all 29 45
q 1 10 5 
q 1 11 6 
#c 11 6 green
# found/all 30 45
q 1 12 7 
#c 12 7 green
# found/all 31 45
q 1 8 10 
q 1 9 11 
q 1 10 10 
q 1 11 9 
q 1 12 8 
q 1 11 5 
q 1 12 6 
#c 12 6 green
# found/all 32 45
q 1 13 7 
q 1 12 5 
q 1 13 6 
#c 13 6 green
# found/all 33 45
q 1 13 5 
q 4 2 6 2 7 3 6 3 7 
q 16 0 8 0 9 0 10 0 11 1 8 1 9 1 10 1 11 2 8 2 9 2 10 2 11 3 8 3 9 3 10 3 11 
q 4 0 8 0 9 1 8 1 9 
q 1 0 8 
q 1 0 9 
q 1 1 8 
q 1 1 9 
q 4 0 10 0 11 1 10 1 11 
q 1 0 10 
q 1 0 11 
q 1 1 10 
q 1 1 11 
q 4 2 8 2 9 3 8 3 9 
q 4 2 10 2 11 3 10 3 11 
q 8 0 12 0 13 1 12 1 13 2 12 2 13 3 12 3 13 
q 16 4 0 4 1 4 2 4 3 5 0 5 1 5 2 5 3 6 0 6 1 6 2 6 3 7 0 7 1 7 2 7 3 
q 4 4 0 4 1 5 0 5 1 
q 4 4 2 4 3 5 2 5 3 
q 4 6 0 6 1 7 0 7 1 
q 4 6 2 6 3 7 2 7 3 
q 16 4 4 4 5 4 6 4 7 5 4 5 5 5 6 5 7 6 4 6 5 6 6 6 7 7 4 7 5 7 6 7 7 
# SUM >= 2
# SUM >= 2
q 16 4 8 4 9 4 10 4 11 5 8 5 9 5 10 5 11 6 8 6 9 6 10 6 11 7 8 7 9 7 10 7 11 
q 4 4 8 4 9 5 8 5 9 
q 4 4 10 4 11 5 10 5 11 
q 4 6 8 6 9 7 8 7 9 
q 1 6 8 
q 1 6 9 
q 1 7 9 
q 4 6 10 6 11 7 10 7 11 
q 8 4 12 4 13 5 12 5 13 6 12 6 13 7 12 7 13 
q 4 4 12 4 13 5 12 5 13 
q 1 4 12 
q 1 4 13 
q 1 5 12 
q 1 5 13 
q 4 6 12 6 13 7 12 7 13 
q 16 8 0 8 1 8 2 8 3 9 0 9 1 9 2 9 3 10 0 10 1 10 2 10 3 11 0 11 1 11 2 11 3 
q 4 8 0 8 1 9 0 9 1 
q 4 8 2 8 3 9 2 9 3 
q 4 10 0 10 1 11 0 11 1 
q 4 10 2 10 3 11 2 11 3 
q 1 10 2 
#c 10 2 green
# searchh
q 1 9 2 
#c 9 2 green
# found/all 35 45
q 1 10 1 
q 1 10 3 
#c 10 3 green
# found/all 36 45
q 1 11 2 
q 1 8 2 
q 1 9 1 
q 1 9 3 
#c 9 3 green
# found/all 37 45
q 1 10 4 
#c 10 4 green
# found/all 38 45
q 1 11 3 
#c 11 3 green
# found/all 39 45
q 1 8 3 
#c 8 3 green
# found/all 40 45
q 1 9 4 
q 1 11 4 
#c 11 4 green
# found/all 41 45
q 1 12 3 
q 1 7 3 
q 1 8 4 
q 1 12 4 
q 16 8 4 8 5 8 6 8 7 9 4 9 5 9 6 9 7 10 4 10 5 10 6 10 7 11 4 11 5 11 6 11 7 
q 4 8 4 8 5 9 4 9 5 
# SUM >= 2
# SUM >= 2
q 16 8 8 8 9 8 10 8 11 9 8 9 9 9 10 9 11 10 8 10 9 10 10 10 11 11 8 11 9 11 10 11 11 
# SUM >= 2
# SUM >= 2
q 8 8 12 8 13 9 12 9 13 10 12 10 13 11 12 11 13 
q 8 12 0 12 1 12 2 12 3 13 0 13 1 13 2 13 3 
q 8 12 4 12 5 12 6 12 7 13 4 13 5 13 6 13 7 
q 4 12 4 12 5 13 4 13 5 
# SUM >= 2
q 8 12 8 12 9 12 10 12 11 13 8 13 9 13 10 13 11 
q 4 12 12 12 13 13 12 13 13 
# ==================================
# found/all 41 45
# ==================================
q 16 0 0 0 1 0 2 0 3 1 0 1 1 1 2 1 3 2 0 2 1 2 2 2 3 3 0 3 1 3 2 3 3 
q 4 0 0 0 1 1 0 1 1 
q 1 0 0 
q 1 0 1 
q 1 1 0 
q 1 1 1 
q 4 0 2 0 3 1 2 1 3 
q 1 0 2 
q 1 0 3 
q 1 1 2 
q 1 1 3 
q 4 2 0 2 1 3 0 3 1 
q 4 2 2 2 3 3 2 3 3 
q 1 2 2 
q 1 2 3 
q 1 3 2 
q 16 0 4 0 5 0 6 0 7 1 4 1 5 1 6 1 7 2 4 2 5 2 6 2 7 3 4 3 5 3 6 3 7 
q 4 0 4 0 5 1 4 1 5 
q 1 0 4 
q 1 0 5 
q 1 1 4 
q 1 1 5 
q 4 0 6 0 7 1 6 1 7 
q 1 0 6 
q 1 0 7 
q 1 1 6 
q 1 1 7 
# SUM >= 2
q 16 0 8 0 9 0 10 0 11 1 8 1 9 1 10 1 11 2 8 2 9 2 10 2 11 3 8 3 9 3 10 3 11 
q 4 0 8 0 9 1 8 1 9 
q 4 0 10 0 11 1 10 1 11 
q 4 2 8 2 9 3 8 3 9 
q 1 2 8 
q 1 2 9 
q 1 3 8 
q 1 3 9 
#c 3 9 green
# searchh
q 1 3 10 
#c 3 10 green
# found/all 43 45
q 1 4 9 
q 1 2 10 
q 1 3 11 
#c 3 11 green
# found/all 44 45
q 1 4 10 
q 1 2 11 
q 1 3 12 
#c 3 12 green
# found/all 45 45
a 42 3 4 3 5 4 5 4 6 5 5 4 7 5 6 6 5 5 7 6 6 6 4 7 5 7 6 7 7 8 6 8 7 9 7 9 8 10 7 9 9 10 8 10 6 11 7 9 10 10 9 11 8 11 6 12 7 12 6 13 6 10 2 9 2 10 3 9 3 10 4 11 3 8 3 11 4 3 9 3 10 3 11 3 12 
