# [[0, 0], [1, 0], [1, 1], [1, 2], [2, 1], [3, 1], [4, 1], [5, 1]]
# [[0, 0], [0, 3], [0, 4], [1, 0], [1, 1], [1, 2], [1, 3], [2, 0], [2, 2], [2, 3], [3, 0]]
# [[0, 1], [0, 2], [1, 1], [2, 0], [2, 1], [3, 1], [3, 2], [4, 1], [4, 2]]
# [[0, 2], [1, 0], [1, 1], [1, 2], [2, 1], [2, 2], [3, 2]]
# [[0, 0], [0, 1], [0, 2], [1, 1], [1, 2], [1, 3], [1, 4], [2, 2], [2, 3], [2, 4], [3, 1], [3, 2]]
# [[0, 0], [0, 1], [1, 0], [1, 1], [2, 1], [2, 2], [3, 1], [3, 2], [3, 3], [4, 2]]
# [[0, 0], [1, 0], [1, 1], [1, 2], [2, 1]]
# [[0, 0], [0, 1], [0, 2], [1, 0], [1, 1], [1, 2]]
# [[0, 0], [0, 1], [1, 0], [1, 1], [1, 2], [1, 3], [2, 0], [2, 1], [2, 2], [2, 3], [2, 4]]
# [[0, 0], [1, 0], [1, 1], [1, 2], [2, 0], [2, 1]]
# [[0, 2], [1, 0], [1, 1], [1, 2], [2, 1], [3, 1]]
q 16 0 0 0 1 0 2 0 3 1 0 1 1 1 2 1 3 2 0 2 1 2 2 2 3 3 0 3 1 3 2 3 3 
q 4 0 0 0 1 1 0 1 1 
q 4 0 2 0 3 1 2 1 3 
q 1 0 2 
#c 0 2 green
# searchh
q 1 0 1 
q 1 0 3 
q 1 1 2 
#c 1 2 green
# found/all 2 91
q 1 1 1 
q 1 1 3 
#c 1 3 green
# found/all 3 91
q 1 2 2 
#c 2 2 green
# found/all 4 91
q 1 1 4 
#c 1 4 green
# found/all 5 91
q 1 2 3 
#c 2 3 green
# found/all 6 91
q 1 2 1 
q 1 3 2 
q 1 0 4 
q 1 1 5 
q 1 2 4 
q 1 3 3 
q 4 2 0 2 1 3 0 3 1 
# SUM >= 2
q 16 0 4 0 5 0 6 0 7 1 4 1 5 1 6 1 7 2 4 2 5 2 6 2 7 3 4 3 5 3 6 3 7 
q 4 0 4 0 5 1 4 1 5 
q 1 0 5 
q 4 0 6 0 7 1 6 1 7 
q 1 0 6 
#c 0 6 green
# searchh
q 1 0 7 
#c 0 7 green
# found/all 8 91
q 1 1 6 
#c 1 6 green
# found/all 9 91
q 1 0 8 
q 1 1 7 
q 1 2 6 
#c 2 6 green
# found/all 11 91
q 1 2 5 
#c 2 5 green
# found/all 13 91
q 1 2 7 
q 1 3 6 
#c 3 6 green
# found/all 15 91
q 1 3 5 
#c 3 5 green
# found/all 16 91
q 1 3 7 
#c 3 7 green
# found/all 17 91
q 1 4 6 
#c 4 6 green
# found/all 20 91
q 1 3 4 
q 1 4 5 
q 1 3 8 
#c 3 8 green
# found/all 21 91
q 1 4 7 
#c 4 7 green
# found/all 24 91
q 1 5 6 
#c 5 6 green
# found/all 25 91
q 1 2 8 
#c 2 8 green
# found/all 26 91
q 1 3 9 
#c 3 9 green
# found/all 27 91
q 1 4 8 
#c 4 8 green
# found/all 29 91
q 1 5 7 
#c 5 7 green
# found/all 31 91
q 1 5 5 
q 1 6 6 
q 1 1 8 
q 1 2 9 
q 1 3 10 
#c 3 10 green
# found/all 32 91
q 1 4 9 
q 1 5 8 
#c 5 8 green
# found/all 36 91
q 1 6 7 
#c 6 7 green
# found/all 37 91
q 1 2 10 
q 1 3 11 
#c 3 11 green
# found/all 38 91
q 1 4 10 
#c 4 10 green
# found/all 39 91
q 1 5 9 
#c 5 9 green
# found/all 40 91
q 1 6 8 
#c 6 8 green
# found/all 42 91
q 1 7 7 
#c 7 7 green
# found/all 43 91
q 1 2 11 
#c 2 11 green
# found/all 44 91
q 1 3 12 
#c 3 12 green
# found/all 45 91
q 1 4 11 
#c 4 11 green
# found/all 46 91
q 1 5 10 
#c 5 10 green
# found/all 47 91
q 1 6 9 
#c 6 9 green
# found/all 49 91
q 1 7 8 
#c 7 8 green
# found/all 50 91
q 1 7 6 
q 1 8 7 
q 1 1 11 
q 1 2 12 
#c 2 12 green
# found/all 52 91
q 1 3 13 
#c 3 13 green
# found/all 53 91
q 1 4 12 
q 1 5 11 
q 1 6 10 
#c 6 10 green
# found/all 56 91
q 1 7 9 
#c 7 9 green
# found/all 57 91
q 1 8 8 
q 1 1 12 
q 1 2 13 
#c 2 13 green
# found/all 58 91
q 1 3 14 
#c 3 14 green
# found/all 59 91
q 1 4 13 
q 1 6 11 
q 1 7 10 
#c 7 10 green
# found/all 60 91
q 1 8 9 
q 1 1 13 
q 1 2 14 
#c 2 14 green
# found/all 61 91
q 1 3 15 
q 1 4 14 
q 1 7 11 
#c 7 11 green
# found/all 62 91
q 1 8 10 
q 1 1 14 
q 1 2 15 
q 1 7 12 
#c 7 12 green
# found/all 63 91
q 1 8 11 
#c 8 11 green
# found/all 64 91
q 1 6 12 
q 1 7 13 
q 1 8 12 
#c 8 12 green
# found/all 65 91
q 1 9 11 
#c 9 11 green
# found/all 67 91
q 1 8 13 
#c 8 13 green
# found/all 68 91
q 1 9 12 
q 1 9 10 
#c 9 10 green
# found/all 69 91
q 1 10 11 
#c 10 11 green
# found/all 71 91
q 1 8 14 
#c 8 14 green
# found/all 72 91
q 1 9 13 
#c 9 13 green
# found/all 73 91
q 1 9 9 
q 1 10 10 
#c 10 10 green
# found/all 74 91
q 1 10 12 
#c 10 12 green
# found/all 75 91
q 1 11 11 
#c 11 11 green
# found/all 77 91
q 1 7 14 
#c 7 14 green
# found/all 78 91
q 1 8 15 
q 1 9 14 
#c 9 14 green
# found/all 79 91
q 1 10 13 
#c 10 13 green
# found/all 80 91
q 1 10 9 
q 1 11 10 
#c 11 10 green
# found/all 81 91
q 1 11 12 
#c 11 12 green
# found/all 82 91
q 1 12 11 
q 1 6 14 
q 1 7 15 
q 1 9 15 
q 1 10 14 
#c 10 14 green
# found/all 83 91
q 1 11 13 
#c 11 13 green
# found/all 84 91
q 1 11 9 
q 1 12 10 
q 1 12 12 
q 1 10 15 
q 1 11 14 
#c 11 14 green
# found/all 85 91
q 1 12 13 
q 1 11 15 
q 1 12 14 
# SUM >= 2
q 16 0 8 0 9 0 10 0 11 1 8 1 9 1 10 1 11 2 8 2 9 2 10 2 11 3 8 3 9 3 10 3 11 
q 4 0 8 0 9 1 8 1 9 
q 4 0 10 0 11 1 10 1 11 
# SUM >= 2
q 16 0 12 0 13 0 14 0 15 1 12 1 13 1 14 1 15 2 12 2 13 2 14 2 15 3 12 3 13 3 14 3 15 
q 4 0 12 0 13 1 12 1 13 
q 4 0 14 0 15 1 14 1 15 
# SUM >= 2
q 16 4 0 4 1 4 2 4 3 5 0 5 1 5 2 5 3 6 0 6 1 6 2 6 3 7 0 7 1 7 2 7 3 
q 4 4 0 4 1 5 0 5 1 
q 4 4 2 4 3 5 2 5 3 
q 4 6 0 6 1 7 0 7 1 
q 4 6 2 6 3 7 2 7 3 
q 16 4 4 4 5 4 6 4 7 5 4 5 5 5 6 5 7 6 4 6 5 6 6 6 7 7 4 7 5 7 6 7 7 
q 4 4 4 4 5 5 4 5 5 
# SUM >= 2
q 4 6 4 6 5 7 4 7 5 
# SUM >= 2
q 16 4 8 4 9 4 10 4 11 5 8 5 9 5 10 5 11 6 8 6 9 6 10 6 11 7 8 7 9 7 10 7 11 
# SUM >= 2
# SUM >= 2
q 16 4 12 4 13 4 14 4 15 5 12 5 13 5 14 5 15 6 12 6 13 6 14 6 15 7 12 7 13 7 14 7 15 
q 4 4 12 4 13 5 12 5 13 
q 4 4 14 4 15 5 14 5 15 
q 4 6 12 6 13 7 12 7 13 
q 4 6 14 6 15 7 14 7 15 
q 16 8 0 8 1 8 2 8 3 9 0 9 1 9 2 9 3 10 0 10 1 10 2 10 3 11 0 11 1 11 2 11 3 
q 4 8 0 8 1 9 0 9 1 
q 4 8 2 8 3 9 2 9 3 
q 4 10 0 10 1 11 0 11 1 
q 4 10 2 10 3 11 2 11 3 
q 16 8 4 8 5 8 6 8 7 9 4 9 5 9 6 9 7 10 4 10 5 10 6 10 7 11 4 11 5 11 6 11 7 
q 16 8 8 8 9 8 10 8 11 9 8 9 9 9 10 9 11 10 8 10 9 10 10 10 11 11 8 11 9 11 10 11 11 
q 4 8 8 8 9 9 8 9 9 
# SUM >= 2
q 4 10 8 10 9 11 8 11 9 
# SUM >= 2
q 16 8 12 8 13 8 14 8 15 9 12 9 13 9 14 9 15 10 12 10 13 10 14 10 15 11 12 11 13 11 14 11 15 
# SUM >= 2
# SUM >= 2
q 16 12 0 12 1 12 2 12 3 13 0 13 1 13 2 13 3 14 0 14 1 14 2 14 3 15 0 15 1 15 2 15 3 
q 4 12 0 12 1 13 0 13 1 
q 4 12 2 12 3 13 2 13 3 
q 1 12 2 
#c 12 2 green
# searchh
q 1 11 2 
q 1 12 1 
q 1 12 3 
#c 12 3 green
# found/all 87 91
q 1 13 2 
q 1 11 3 
q 1 12 4 
#c 12 4 green
# found/all 88 91
q 1 13 3 
#c 13 3 green
# found/all 89 91
q 1 11 4 
#c 11 4 green
# found/all 90 91
q 1 12 5 
q 1 13 4 
q 1 14 3 
#c 14 3 green
# found/all 91 91
a 71 0 2 1 2 1 3 2 2 1 4 2 3 0 6 0 7 1 6 2 6 2 5 3 6 3 5 3 7 4 6 3 8 4 7 5 6 2 8 3 9 4 8 5 7 3 10 5 8 6 7 3 11 4 10 5 9 6 8 7 7 2 11 3 12 4 11 5 10 6 9 7 8 2 12 3 13 6 10 7 9 2 13 3 14 7 10 2 14 7 11 7 12 8 11 8 12 9 11 8 13 9 10 10 11 8 14 9 13 10 10 10 12 11 11 7 14 9 14 10 13 11 10 11 12 10 14 11 13 11 14 12 2 12 3 12 4 13 3 11 4 14 3 
