# [[0, 0], [0, 1], [1, 0], [1, 1], [2, 0]]
# [[0, 0], [0, 1], [0, 2], [1, 0], [1, 1]]
# [[0, 0], [1, 0], [2, 0], [2, 1], [3, 1]]
# [[0, 0], [0, 1], [1, 0], [1, 1], [1, 2]]
# [[0, 0], [0, 1], [1, 1], [1, 2], [2, 2]]
# [[0, 1], [1, 1], [2, 0], [2, 1], [3, 1]]
# [[0, 1], [1, 0], [1, 1], [1, 2], [2, 2]]
# [[0, 2], [1, 0], [1, 1], [1, 2], [2, 1]]
# [[0, 2], [1, 0], [1, 1], [1, 2], [1, 3]]
# [[0, 1], [0, 2], [1, 0], [1, 1], [2, 0]]
# [[0, 0], [1, 0], [1, 1], [1, 2], [2, 0]]
q 16 0 0 0 1 0 2 0 3 1 0 1 1 1 2 1 3 2 0 2 1 2 2 2 3 3 0 3 1 3 2 3 3 
q 4 0 0 0 1 1 0 1 1 
q 1 0 0 
q 1 0 1 
q 1 1 0 
#c 1 0 green
# searchh
q 1 1 1 
#c 1 1 green
# found/all 2 55
q 1 2 0 
#c 2 0 green
# found/all 3 55
q 1 1 2 
#c 1 2 green
# found/all 4 55
q 1 2 1 
#c 2 1 green
# found/all 5 55
q 1 3 0 
q 1 0 2 
q 1 1 3 
q 1 2 2 
q 1 3 1 
q 4 0 2 0 3 1 2 1 3 
# SUM >= 2
q 16 0 4 0 5 0 6 0 7 1 4 1 5 1 6 1 7 2 4 2 5 2 6 2 7 3 4 3 5 3 6 3 7 
q 4 0 4 0 5 1 4 1 5 
q 4 0 6 0 7 1 6 1 7 
q 1 0 6 
q 1 0 7 
q 1 1 6 
#c 1 6 green
# searchh
q 1 1 5 
q 1 1 7 
q 1 2 6 
#c 2 6 green
# found/all 7 55
q 1 2 5 
#c 2 5 green
# found/all 8 55
q 1 2 7 
#c 2 7 green
# found/all 9 55
q 1 3 6 
#c 3 6 green
# found/all 11 55
q 1 2 4 
#c 2 4 green
# found/all 12 55
q 1 3 5 
#c 3 5 green
# found/all 13 55
q 1 2 8 
#c 2 8 green
# found/all 14 55
q 1 3 7 
q 1 4 6 
#c 4 6 green
# found/all 15 55
q 1 1 4 
q 1 2 3 
q 1 3 4 
q 1 4 5 
q 1 1 8 
q 1 2 9 
#c 2 9 green
# found/all 16 55
q 1 3 8 
q 1 4 7 
q 1 5 6 
q 1 1 9 
q 1 2 10 
#c 2 10 green
# found/all 18 55
q 1 3 9 
q 1 1 10 
#c 1 10 green
# found/all 19 55
q 1 2 11 
#c 2 11 green
# found/all 21 55
q 1 3 10 
#c 3 10 green
# found/all 22 55
q 1 0 10 
q 1 1 11 
#c 1 11 green
# found/all 24 55
q 1 2 12 
#c 2 12 green
# found/all 25 55
q 1 3 11 
q 1 4 10 
q 1 0 11 
q 1 1 12 
q 1 2 13 
q 1 3 12 
# SUM >= 2
q 16 0 8 0 9 0 10 0 11 1 8 1 9 1 10 1 11 2 8 2 9 2 10 2 11 3 8 3 9 3 10 3 11 
q 4 0 8 0 9 1 8 1 9 
# SUM >= 2
# SUM >= 2
q 16 0 12 0 13 0 14 0 15 1 12 1 13 1 14 1 15 2 12 2 13 2 14 2 15 3 12 3 13 3 14 3 15 
q 4 0 12 0 13 1 12 1 13 
q 4 0 14 0 15 1 14 1 15 
q 4 2 12 2 13 3 12 3 13 
q 4 2 14 2 15 3 14 3 15 
q 16 4 0 4 1 4 2 4 3 5 0 5 1 5 2 5 3 6 0 6 1 6 2 6 3 7 0 7 1 7 2 7 3 
q 16 4 4 4 5 4 6 4 7 5 4 5 5 5 6 5 7 6 4 6 5 6 6 6 7 7 4 7 5 7 6 7 7 
q 16 4 8 4 9 4 10 4 11 5 8 5 9 5 10 5 11 6 8 6 9 6 10 6 11 7 8 7 9 7 10 7 11 
q 4 4 8 4 9 5 8 5 9 
q 4 4 10 4 11 5 10 5 11 
q 4 6 8 6 9 7 8 7 9 
q 1 6 8 
q 1 6 9 
#c 6 9 green
# searchh
q 1 5 9 
q 1 6 10 
#c 6 10 green
# found/all 27 55
q 1 7 9 
#c 7 9 green
# found/all 28 55
q 1 5 10 
q 1 6 11 
q 1 7 10 
q 1 7 8 
#c 7 8 green
# found/all 29 55
q 1 8 9 
q 1 7 7 
q 1 8 8 
#c 8 8 green
# found/all 30 55
q 1 8 7 
q 1 9 8 
q 4 6 10 6 11 7 10 7 11 
q 1 7 11 
q 16 4 12 4 13 4 14 4 15 5 12 5 13 5 14 5 15 6 12 6 13 6 14 6 15 7 12 7 13 7 14 7 15 
q 4 4 12 4 13 5 12 5 13 
q 1 4 12 
q 1 4 13 
#c 4 13 green
# searchh
q 1 3 13 
q 1 4 14 
#c 4 14 green
# found/all 32 55
q 1 5 13 
q 1 3 14 
#c 3 14 green
# found/all 33 55
q 1 4 15 
#c 4 15 green
# found/all 34 55
q 1 5 14 
q 1 2 14 
q 1 3 15 
q 1 5 15 
#c 5 15 green
# found/all 35 55
q 1 6 15 
q 1 5 12 
# SUM >= 2
q 4 6 12 6 13 7 12 7 13 
q 4 6 14 6 15 7 14 7 15 
q 16 8 0 8 1 8 2 8 3 9 0 9 1 9 2 9 3 10 0 10 1 10 2 10 3 11 0 11 1 11 2 11 3 
q 4 8 0 8 1 9 0 9 1 
q 4 8 2 8 3 9 2 9 3 
q 4 10 0 10 1 11 0 11 1 
q 4 10 2 10 3 11 2 11 3 
q 16 8 4 8 5 8 6 8 7 9 4 9 5 9 6 9 7 10 4 10 5 10 6 10 7 11 4 11 5 11 6 11 7 
q 16 8 8 8 9 8 10 8 11 9 8 9 9 9 10 9 11 10 8 10 9 10 10 10 11 11 8 11 9 11 10 11 11 
q 4 8 8 8 9 9 8 9 9 
q 1 9 9 
q 4 8 10 8 11 9 10 9 11 
q 4 10 8 10 9 11 8 11 9 
q 4 10 10 10 11 11 10 11 11 
q 16 8 12 8 13 8 14 8 15 9 12 9 13 9 14 9 15 10 12 10 13 10 14 10 15 11 12 11 13 11 14 11 15 
q 4 8 12 8 13 9 12 9 13 
q 1 8 12 
#c 8 12 green
# searchh
q 1 7 12 
q 1 8 11 
q 1 8 13 
#c 8 13 green
# found/all 38 55
q 1 9 12 
#c 9 12 green
# found/all 39 55
q 1 7 13 
q 1 8 14 
#c 8 14 green
# found/all 40 55
q 1 9 13 
#c 9 13 green
# found/all 41 55
q 1 9 11 
q 1 10 12 
#c 10 12 green
# found/all 42 55
q 1 7 14 
#c 7 14 green
# found/all 43 55
q 1 8 15 
q 1 9 14 
q 1 10 13 
q 1 10 11 
#c 10 11 green
# found/all 44 55
q 1 11 12 
#c 11 12 green
# found/all 45 55
q 1 6 14 
q 1 7 15 
q 1 10 10 
q 1 11 11 
q 1 11 13 
q 1 12 12 
q 4 8 14 8 15 9 14 9 15 
# SUM >= 2
q 16 12 0 12 1 12 2 12 3 13 0 13 1 13 2 13 3 14 0 14 1 14 2 14 3 15 0 15 1 15 2 15 3 
q 4 12 0 12 1 13 0 13 1 
q 1 12 0 
#c 12 0 green
# searchh
q 1 11 0 
#c 11 0 green
# found/all 47 55
q 1 12 1 
#c 12 1 green
# found/all 48 55
q 1 13 0 
q 1 10 0 
#c 10 0 green
# found/all 49 55
q 1 11 1 
q 1 12 2 
q 1 13 1 
#c 13 1 green
# found/all 50 55
q 1 9 0 
q 1 10 1 
q 1 13 2 
q 1 14 1 
q 4 12 2 12 3 13 2 13 3 
q 4 14 0 14 1 15 0 15 1 
q 4 14 2 14 3 15 2 15 3 
q 16 12 4 12 5 12 6 12 7 13 4 13 5 13 6 13 7 14 4 14 5 14 6 14 7 15 4 15 5 15 6 15 7 
q 16 12 8 12 9 12 10 12 11 13 8 13 9 13 10 13 11 14 8 14 9 14 10 14 11 15 8 15 9 15 10 15 11 
q 4 12 8 12 9 13 8 13 9 
q 4 12 10 12 11 13 10 13 11 
q 4 14 8 14 9 15 8 15 9 
q 4 14 10 14 11 15 10 15 11 
q 1 14 10 
#c 14 10 green
# searchh
q 1 13 10 
#c 13 10 green
# found/all 52 55
q 1 14 9 
#c 14 9 green
# found/all 53 55
q 1 14 11 
#c 14 11 green
# found/all 54 55
q 1 15 10 
q 1 12 10 
q 1 13 9 
#c 13 9 green
# found/all 55 55
a 50 1 0 1 1 2 0 1 2 2 1 1 6 2 6 2 5 2 7 3 6 2 4 3 5 2 8 4 6 2 9 2 10 1 10 2 11 3 10 1 11 2 12 6 9 6 10 7 9 7 8 8 8 4 13 4 14 3 14 4 15 5 15 8 12 8 13 9 12 8 14 9 13 10 12 7 14 10 11 11 12 12 0 11 0 12 1 10 0 13 1 14 10 13 10 14 9 14 11 13 9 
