# [[0, 1], [1, 1], [2, 0], [2, 1], [3, 0], [3, 1]]
# [[0, 0], [0, 1], [1, 0], [1, 1], [2, 0], [2, 1], [2, 2]]
# [[0, 0], [0, 1], [1, 1], [1, 2], [1, 3], [1, 4], [2, 2], [2, 4]]
# [[0, 0], [1, 0], [1, 1], [1, 2], [2, 0], [2, 1], [3, 0], [3, 1]]
# [[0, 1], [0, 2], [1, 0], [1, 1], [1, 2], [1, 3]]
# [[0, 0], [1, 0], [2, 0], [2, 1], [3, 0], [4, 0]]
# [[0, 1], [1, 0], [1, 1], [2, 1], [2, 2], [3, 1], [3, 2], [3, 3]]
# [[0, 1], [0, 2], [0, 3], [1, 0], [1, 1], [1, 2], [1, 3], [1, 4]]
q 16 0 0 0 1 0 2 0 3 1 0 1 1 1 2 1 3 2 0 2 1 2 2 2 3 3 0 3 1 3 2 3 3 
q 4 0 0 0 1 1 0 1 1 
q 4 0 2 0 3 1 2 1 3 
q 1 0 2 
q 1 0 3 
q 1 1 2 
#c 1 2 green
# searchh
q 1 1 1 
q 1 1 3 
#c 1 3 green
# found/all 2 57
q 1 2 2 
#c 2 2 green
# found/all 3 57
q 1 1 4 
#c 1 4 green
# found/all 4 57
q 1 2 3 
#c 2 3 green
# found/all 5 57
q 1 2 1 
#c 2 1 green
# found/all 6 57
q 1 3 2 
q 1 0 4 
q 1 1 5 
q 1 2 4 
#c 2 4 green
# found/all 7 57
q 1 3 3 
#c 3 3 green
# found/all 8 57
q 1 2 0 
q 1 3 1 
q 1 2 5 
#c 2 5 green
# found/all 9 57
q 1 3 4 
#c 3 4 green
# found/all 10 57
q 1 4 3 
#c 4 3 green
# found/all 11 57
q 1 2 6 
q 1 3 5 
q 1 4 4 
#c 4 4 green
# found/all 12 57
q 1 4 2 
#c 4 2 green
# found/all 13 57
q 1 5 3 
q 1 4 5 
#c 4 5 green
# found/all 14 57
q 1 5 4 
q 1 4 1 
q 1 5 2 
q 1 4 6 
q 1 5 5 
q 4 2 0 2 1 3 0 3 1 
# SUM >= 2
q 16 0 4 0 5 0 6 0 7 1 4 1 5 1 6 1 7 2 4 2 5 2 6 2 7 3 4 3 5 3 6 3 7 
q 4 0 4 0 5 1 4 1 5 
q 1 0 5 
q 4 0 6 0 7 1 6 1 7 
# SUM >= 2
q 16 0 8 0 9 0 10 0 11 1 8 1 9 1 10 1 11 2 8 2 9 2 10 2 11 3 8 3 9 3 10 3 11 
q 12 0 12 0 13 0 14 1 12 1 13 1 14 2 12 2 13 2 14 3 12 3 13 3 14 
q 16 4 0 4 1 4 2 4 3 5 0 5 1 5 2 5 3 6 0 6 1 6 2 6 3 7 0 7 1 7 2 7 3 
q 4 4 0 4 1 5 0 5 1 
# SUM >= 2
q 4 6 0 6 1 7 0 7 1 
q 4 6 2 6 3 7 2 7 3 
q 16 4 4 4 5 4 6 4 7 5 4 5 5 5 6 5 7 6 4 6 5 6 6 6 7 7 4 7 5 7 6 7 7 
# SUM >= 2
q 4 6 4 6 5 7 4 7 5 
q 4 6 6 6 7 7 6 7 7 
q 16 4 8 4 9 4 10 4 11 5 8 5 9 5 10 5 11 6 8 6 9 6 10 6 11 7 8 7 9 7 10 7 11 
q 12 4 12 4 13 4 14 5 12 5 13 5 14 6 12 6 13 6 14 7 12 7 13 7 14 
q 16 8 0 8 1 8 2 8 3 9 0 9 1 9 2 9 3 10 0 10 1 10 2 10 3 11 0 11 1 11 2 11 3 
q 4 8 0 8 1 9 0 9 1 
q 1 8 0 
q 1 8 1 
q 1 9 0 
#c 9 0 green
# searchh
q 1 9 1 
#c 9 1 green
# found/all 16 57
q 1 10 0 
q 1 9 2 
#c 9 2 green
# found/all 17 57
q 1 10 1 
#c 10 1 green
# found/all 18 57
q 1 8 2 
#c 8 2 green
# found/all 19 57
q 1 9 3 
#c 9 3 green
# found/all 21 57
q 1 10 2 
#c 10 2 green
# found/all 23 57
q 1 11 1 
q 1 7 2 
q 1 8 3 
#c 8 3 green
# found/all 24 57
q 1 9 4 
q 1 10 3 
#c 10 3 green
# found/all 27 57
q 1 11 2 
#c 11 2 green
# found/all 30 57
q 1 7 3 
q 1 8 4 
q 1 10 4 
#c 10 4 green
# found/all 32 57
q 1 11 3 
#c 11 3 green
# found/all 34 57
q 1 12 2 
#c 12 2 green
# found/all 37 57
q 1 10 5 
q 1 11 4 
#c 11 4 green
# found/all 38 57
q 1 12 3 
#c 12 3 green
# found/all 41 57
q 1 12 1 
q 1 13 2 
#c 13 2 green
# found/all 42 57
q 1 11 5 
q 1 12 4 
#c 12 4 green
# found/all 43 57
q 1 13 3 
#c 13 3 green
# found/all 45 57
q 1 13 1 
q 1 14 2 
#c 14 2 green
# found/all 46 57
q 1 12 5 
q 1 13 4 
#c 13 4 green
# found/all 47 57
q 1 14 3 
#c 14 3 green
# found/all 49 57
q 1 14 1 
q 1 13 5 
q 1 14 4 
#c 14 4 green
# found/all 50 57
q 1 14 5 
#c 14 5 green
# found/all 51 57
q 1 14 6 
# SUM >= 2
q 4 10 0 10 1 11 0 11 1 
# SUM >= 2
q 16 8 4 8 5 8 6 8 7 9 4 9 5 9 6 9 7 10 4 10 5 10 6 10 7 11 4 11 5 11 6 11 7 
q 4 8 4 8 5 9 4 9 5 
q 4 8 6 8 7 9 6 9 7 
# SUM >= 2
q 16 8 8 8 9 8 10 8 11 9 8 9 9 9 10 9 11 10 8 10 9 10 10 10 11 11 8 11 9 11 10 11 11 
q 4 8 8 8 9 9 8 9 9 
q 1 8 8 
#c 8 8 green
# searchh
q 1 7 8 
#c 7 8 green
# found/all 53 57
q 1 8 7 
q 1 8 9 
q 1 9 8 
#c 9 8 green
# found/all 54 57
q 1 6 8 
q 1 7 7 
q 1 7 9 
q 1 9 7 
q 1 9 9 
#c 9 9 green
# found/all 55 57
q 1 10 8 
#c 10 8 green
# found/all 56 57
q 1 9 10 
q 1 10 9 
q 1 10 7 
q 1 11 8 
#c 11 8 green
# found/all 57 57
a 43 1 2 1 3 2 2 1 4 2 3 2 1 2 4 3 3 2 5 3 4 4 3 4 4 4 2 4 5 9 0 9 1 9 2 10 1 8 2 9 3 10 2 8 3 10 3 11 2 10 4 11 3 12 2 11 4 12 3 13 2 12 4 13 3 14 2 13 4 14 3 14 4 14 5 8 8 7 8 9 8 9 9 10 8 11 8 
