# [[0, 1], [1, 0], [1, 1], [1, 2], [1, 3], [1, 4], [1, 5], [1, 6], [2, 2], [2, 3], [2, 5], [3, 3], [4, 3]]
# [[0, 1], [1, 0], [1, 1], [1, 2], [1, 3], [1, 4], [2, 1], [2, 2], [3, 1], [3, 2], [4, 1]]
# [[0, 1], [0, 2], [1, 0], [1, 1], [1, 2], [1, 3], [2, 1]]
# [[0, 1], [1, 0], [1, 1], [1, 2], [1, 3], [2, 1], [2, 2], [2, 3]]
# [[0, 0], [0, 1], [1, 1], [1, 2], [2, 0], [2, 1]]
# [[0, 2], [1, 2], [2, 1], [2, 2], [3, 0], [3, 1], [3, 2], [3, 3], [4, 1], [4, 2], [4, 3], [5, 3], [6, 3], [6, 4]]
# [[0, 3], [1, 3], [1, 4], [2, 0], [2, 1], [2, 2], [2, 3]]
q 16 0 0 0 1 0 2 0 3 1 0 1 1 1 2 1 3 2 0 2 1 2 2 2 3 3 0 3 1 3 2 3 3 
q 4 0 0 0 1 1 0 1 1 
q 4 0 2 0 3 1 2 1 3 
q 4 2 0 2 1 3 0 3 1 
q 4 2 2 2 3 3 2 3 3 
q 1 2 2 
q 1 2 3 
#c 2 3 green
# searchh
q 1 1 3 
q 1 2 4 
#c 2 4 green
# found/all 2 66
q 1 3 3 
q 1 1 4 
#c 1 4 green
# found/all 3 66
q 1 2 5 
#c 2 5 green
# found/all 4 66
q 1 3 4 
q 1 0 4 
q 1 1 5 
q 1 2 6 
#c 2 6 green
# found/all 5 66
q 1 3 5 
#c 3 5 green
# found/all 6 66
q 1 1 6 
q 1 2 7 
#c 2 7 green
# found/all 7 66
q 1 3 6 
#c 3 6 green
# found/all 8 66
q 1 4 5 
q 1 1 7 
q 1 2 8 
#c 2 8 green
# found/all 9 66
q 1 3 7 
q 1 4 6 
#c 4 6 green
# found/all 10 66
q 1 1 8 
q 1 2 9 
#c 2 9 green
# found/all 12 66
q 1 3 8 
#c 3 8 green
# found/all 13 66
q 1 4 7 
q 1 5 6 
#c 5 6 green
# found/all 14 66
q 1 1 9 
q 1 2 10 
#c 2 10 green
# found/all 15 66
q 1 3 9 
#c 3 9 green
# found/all 16 66
q 1 4 8 
q 1 5 5 
q 1 5 7 
q 1 6 6 
q 1 1 10 
#c 1 10 green
# found/all 17 66
q 1 2 11 
q 1 3 10 
q 1 4 9 
#c 4 9 green
# found/all 18 66
q 1 0 10 
#c 0 10 green
# found/all 19 66
q 1 1 11 
#c 1 11 green
# found/all 20 66
q 1 4 10 
q 1 5 9 
#c 5 9 green
# found/all 21 66
q 1 0 9 
#c 0 9 green
# found/all 22 66
q 1 0 11 
q 1 1 12 
q 1 5 8 
#c 5 8 green
# found/all 23 66
q 1 5 10 
q 1 6 9 
#c 6 9 green
# found/all 25 66
q 1 0 8 
q 1 6 8 
#c 6 8 green
# found/all 26 66
q 1 6 10 
#c 6 10 green
# found/all 27 66
q 1 7 9 
#c 7 9 green
# found/all 29 66
q 1 6 7 
#c 6 7 green
# found/all 30 66
q 1 7 8 
#c 7 8 green
# found/all 32 66
q 1 6 11 
q 1 7 10 
#c 7 10 green
# found/all 34 66
q 1 8 9 
#c 8 9 green
# found/all 35 66
q 1 7 7 
q 1 8 8 
q 1 7 11 
#c 7 11 green
# found/all 36 66
q 1 8 10 
#c 8 10 green
# found/all 38 66
q 1 9 9 
#c 9 9 green
# found/all 39 66
q 1 7 12 
#c 7 12 green
# found/all 40 66
q 1 8 11 
q 1 9 10 
#c 9 10 green
# found/all 42 66
q 1 9 8 
q 1 10 9 
#c 10 9 green
# found/all 43 66
q 1 6 12 
q 1 7 13 
q 1 8 12 
q 1 9 11 
#c 9 11 green
# found/all 44 66
q 1 10 10 
q 1 10 8 
q 1 11 9 
q 1 9 12 
q 1 10 11 
q 1 3 2 
q 16 0 4 0 5 0 6 0 7 1 4 1 5 1 6 1 7 2 4 2 5 2 6 2 7 3 4 3 5 3 6 3 7 
q 4 0 4 0 5 1 4 1 5 
q 4 0 6 0 7 1 6 1 7 
# SUM >= 2
q 16 0 8 0 9 0 10 0 11 1 8 1 9 1 10 1 11 2 8 2 9 2 10 2 11 3 8 3 9 3 10 3 11 
q 4 0 8 0 9 1 8 1 9 
# SUM >= 2
# SUM >= 2
q 16 0 12 0 13 0 14 0 15 1 12 1 13 1 14 1 15 2 12 2 13 2 14 2 15 3 12 3 13 3 14 3 15 
q 8 0 16 0 17 1 16 1 17 2 16 2 17 3 16 3 17 
q 16 4 0 4 1 4 2 4 3 5 0 5 1 5 2 5 3 6 0 6 1 6 2 6 3 7 0 7 1 7 2 7 3 
q 4 4 0 4 1 5 0 5 1 
q 1 4 0 
q 1 4 1 
#c 4 1 green
# searchh
q 1 3 1 
q 1 4 2 
#c 4 2 green
# found/all 46 66
q 1 5 1 
#c 5 1 green
# found/all 47 66
q 1 4 3 
q 1 5 2 
#c 5 2 green
# found/all 48 66
q 1 5 0 
#c 5 0 green
# found/all 49 66
q 1 6 1 
#c 6 1 green
# found/all 50 66
q 1 5 3 
#c 5 3 green
# found/all 51 66
q 1 6 2 
q 1 6 0 
q 1 7 1 
q 1 5 4 
q 1 6 3 
# SUM >= 2
q 4 6 0 6 1 7 0 7 1 
q 4 6 2 6 3 7 2 7 3 
q 16 4 4 4 5 4 6 4 7 5 4 5 5 5 6 5 7 6 4 6 5 6 6 6 7 7 4 7 5 7 6 7 7 
q 4 4 4 4 5 5 4 5 5 
q 1 4 4 
# SUM >= 2
q 4 6 4 6 5 7 4 7 5 
q 4 6 6 6 7 7 6 7 7 
q 16 4 8 4 9 4 10 4 11 5 8 5 9 5 10 5 11 6 8 6 9 6 10 6 11 7 8 7 9 7 10 7 11 
# SUM >= 2
# SUM >= 2
q 16 4 12 4 13 4 14 4 15 5 12 5 13 5 14 5 15 6 12 6 13 6 14 6 15 7 12 7 13 7 14 7 15 
q 4 4 12 4 13 5 12 5 13 
q 1 4 12 
q 1 4 13 
#c 4 13 green
# searchh
q 1 3 13 
q 1 4 14 
q 1 5 13 
#c 5 13 green
# found/all 53 66
q 1 5 12 
#c 5 12 green
# found/all 54 66
q 1 5 14 
#c 5 14 green
# found/all 55 66
q 1 6 13 
#c 6 13 green
# found/all 56 66
q 1 5 11 
q 1 5 15 
#c 5 15 green
# found/all 57 66
q 1 6 14 
#c 6 14 green
# found/all 58 66
q 1 4 15 
q 1 5 16 
q 1 6 15 
#c 6 15 green
# found/all 59 66
q 1 7 14 
q 1 6 16 
q 1 7 15 
# SUM >= 2
# SUM >= 2
q 8 4 16 4 17 5 16 5 17 6 16 6 17 7 16 7 17 
q 4 4 16 4 17 5 16 5 17 
q 4 6 16 6 17 7 16 7 17 
q 1 6 17 
q 1 7 16 
q 1 7 17 
q 16 8 0 8 1 8 2 8 3 9 0 9 1 9 2 9 3 10 0 10 1 10 2 10 3 11 0 11 1 11 2 11 3 
q 16 8 4 8 5 8 6 8 7 9 4 9 5 9 6 9 7 10 4 10 5 10 6 10 7 11 4 11 5 11 6 11 7 
q 4 8 4 8 5 9 4 9 5 
q 4 8 6 8 7 9 6 9 7 
q 4 10 4 10 5 11 4 11 5 
q 4 10 6 10 7 11 6 11 7 
q 16 8 8 8 9 8 10 8 11 9 8 9 9 9 10 9 11 10 8 10 9 10 10 10 11 11 8 11 9 11 10 11 11 
# SUM >= 2
q 4 10 8 10 9 11 8 11 9 
q 1 11 8 
q 4 10 10 10 11 11 10 11 11 
q 16 8 12 8 13 8 14 8 15 9 12 9 13 9 14 9 15 10 12 10 13 10 14 10 15 11 12 11 13 11 14 11 15 
q 8 8 16 8 17 9 16 9 17 10 16 10 17 11 16 11 17 
q 16 12 0 12 1 12 2 12 3 13 0 13 1 13 2 13 3 14 0 14 1 14 2 14 3 15 0 15 1 15 2 15 3 
q 4 12 0 12 1 13 0 13 1 
q 4 12 2 12 3 13 2 13 3 
q 4 14 0 14 1 15 0 15 1 
q 4 14 2 14 3 15 2 15 3 
q 1 14 2 
q 1 14 3 
q 1 15 2 
q 1 15 3 
q 16 12 4 12 5 12 6 12 7 13 4 13 5 13 6 13 7 14 4 14 5 14 6 14 7 15 4 15 5 15 6 15 7 
q 4 12 4 12 5 13 4 13 5 
q 4 12 6 12 7 13 6 13 7 
q 4 14 4 14 5 15 4 15 5 
q 4 14 6 14 7 15 6 15 7 
q 16 12 8 12 9 12 10 12 11 13 8 13 9 13 10 13 11 14 8 14 9 14 10 14 11 15 8 15 9 15 10 15 11 
q 4 12 8 12 9 13 8 13 9 
q 4 12 10 12 11 13 10 13 11 
q 1 12 10 
q 1 12 11 
q 1 13 10 
q 1 13 11 
q 4 14 8 14 9 15 8 15 9 
q 4 14 10 14 11 15 10 15 11 
q 16 12 12 12 13 12 14 12 15 13 12 13 13 13 14 13 15 14 12 14 13 14 14 14 15 15 12 15 13 15 14 15 15 
q 4 12 12 12 13 13 12 13 13 
q 4 12 14 12 15 13 14 13 15 
q 1 12 14 
#c 12 14 green
# searchh
q 1 11 14 
q 1 12 13 
q 1 12 15 
q 1 13 14 
#c 13 14 green
# found/all 61 66
q 1 13 13 
q 1 13 15 
#c 13 15 green
# found/all 62 66
q 1 14 14 
#c 14 14 green
# found/all 63 66
q 1 13 16 
q 1 14 15 
q 1 14 13 
#c 14 13 green
# found/all 64 66
q 1 15 14 
q 1 14 12 
#c 14 12 green
# found/all 65 66
q 1 15 13 
q 1 13 12 
q 1 14 11 
#c 14 11 green
# found/all 66 66
a 59 2 3 2 4 1 4 2 5 2 6 3 5 2 7 3 6 2 8 4 6 2 9 3 8 5 6 2 10 3 9 1 10 4 9 0 10 1 11 5 9 0 9 5 8 6 9 6 8 6 10 7 9 6 7 7 8 7 10 8 9 7 11 8 10 9 9 7 12 9 10 10 9 9 11 4 1 4 2 5 1 5 2 5 0 6 1 5 3 4 13 5 13 5 12 5 14 6 13 5 15 6 14 6 15 12 14 13 14 13 15 14 14 14 13 14 12 14 11 
