# [[0, 1], [1, 1], [1, 2], [2, 0], [2, 1], [2, 2], [3, 1], [4, 1]]
# [[0, 1], [0, 2], [1, 0], [1, 1], [2, 1], [2, 2], [2, 3], [3, 2]]
# [[0, 1], [0, 2], [1, 1], [1, 2], [1, 3], [2, 0], [2, 1], [2, 2]]
# [[0, 0], [1, 0], [1, 1], [2, 0]]
# [[0, 0], [0, 1], [0, 2], [1, 0], [1, 1], [1, 2], [2, 1]]
# [[0, 0], [0, 1], [1, 0], [1, 1]]
# [[0, 2], [1, 0], [1, 1], [1, 2], [2, 0]]
# [[0, 0], [0, 1], [1, 1], [1, 2]]
# [[0, 0], [0, 1], [0, 2], [0, 3]]
# [[0, 1], [0, 2], [1, 0], [1, 1], [2, 1], [3, 1]]
# [[0, 0], [1, 0], [1, 1], [1, 2], [2, 0], [3, 0], [3, 1]]
# [[0, 0], [0, 1], [1, 0], [1, 1], [1, 2], [2, 0], [2, 1]]
# [[0, 2], [1, 0], [1, 1], [1, 2], [2, 1], [2, 2]]
# [[0, 0], [0, 1], [1, 1], [2, 0], [2, 1], [3, 0], [3, 1]]
# [[0, 0], [1, 0], [1, 1], [2, 1]]
# [[0, 0], [1, 0], [1, 1], [1, 2], [2, 0], [2, 1]]
# [[0, 0], [0, 1], [0, 2], [0, 3], [1, 2]]
q 16 0 0 0 1 0 2 0 3 1 0 1 1 1 2 1 3 2 0 2 1 2 2 2 3 3 0 3 1 3 2 3 3 
q 16 0 4 0 5 0 6 0 7 1 4 1 5 1 6 1 7 2 4 2 5 2 6 2 7 3 4 3 5 3 6 3 7 
q 4 0 4 0 5 1 4 1 5 
q 4 0 6 0 7 1 6 1 7 
q 4 2 4 2 5 3 4 3 5 
q 1 2 4 
q 1 2 5 
#c 2 5 green
# searchh
q 1 1 5 
q 1 2 6 
#c 2 6 green
# found/all 3 100
q 1 3 5 
#c 3 5 green
# found/all 4 100
q 1 1 6 
q 1 2 7 
#c 2 7 green
# found/all 5 100
q 1 3 6 
#c 3 6 green
# found/all 6 100
q 1 3 4 
#c 3 4 green
# found/all 7 100
q 1 4 5 
#c 4 5 green
# found/all 9 100
q 1 1 7 
q 1 2 8 
q 1 3 7 
#c 3 7 green
# found/all 10 100
q 1 4 6 
#c 4 6 green
# found/all 12 100
q 1 3 3 
q 1 4 4 
#c 4 4 green
# found/all 13 100
q 1 5 5 
#c 5 5 green
# found/all 14 100
q 1 3 8 
q 1 4 7 
#c 4 7 green
# found/all 15 100
q 1 5 6 
#c 5 6 green
# found/all 16 100
q 1 4 3 
#c 4 3 green
# found/all 17 100
q 1 5 4 
q 1 6 5 
q 1 4 8 
q 1 5 7 
q 1 6 6 
#c 6 6 green
# found/all 18 100
q 1 4 2 
q 1 5 3 
q 1 6 7 
#c 6 7 green
# found/all 19 100
q 1 7 6 
#c 7 6 green
# found/all 20 100
q 1 6 8 
q 1 7 7 
#c 7 7 green
# found/all 21 100
q 1 7 5 
q 1 8 6 
#c 8 6 green
# found/all 22 100
q 1 7 8 
#c 7 8 green
# found/all 23 100
q 1 8 7 
#c 8 7 green
# found/all 25 100
q 1 8 5 
q 1 9 6 
q 1 7 9 
#c 7 9 green
# found/all 26 100
q 1 8 8 
q 1 9 7 
#c 9 7 green
# found/all 27 100
q 1 6 9 
q 1 7 10 
#c 7 10 green
# found/all 29 100
q 1 8 9 
#c 8 9 green
# found/all 30 100
q 1 9 8 
#c 9 8 green
# found/all 31 100
q 1 10 7 
q 1 6 10 
#c 6 10 green
# found/all 33 100
q 1 7 11 
#c 7 11 green
# found/all 34 100
q 1 8 10 
#c 8 10 green
# found/all 35 100
q 1 9 9 
q 1 10 8 
#c 10 8 green
# found/all 36 100
q 1 5 10 
#c 5 10 green
# found/all 38 100
q 1 6 11 
q 1 7 12 
#c 7 12 green
# found/all 39 100
q 1 8 11 
q 1 9 10 
q 1 10 9 
#c 10 9 green
# found/all 40 100
q 1 11 8 
q 1 4 10 
#c 4 10 green
# found/all 41 100
q 1 5 9 
#c 5 9 green
# found/all 43 100
q 1 5 11 
q 1 6 12 
q 1 7 13 
#c 7 13 green
# found/all 44 100
q 1 8 12 
#c 8 12 green
# found/all 45 100
q 1 10 10 
q 1 11 9 
#c 11 9 green
# found/all 46 100
q 1 3 10 
q 1 4 9 
q 1 4 11 
#c 4 11 green
# found/all 47 100
q 1 5 8 
q 1 6 13 
#c 6 13 green
# found/all 48 100
q 1 7 14 
q 1 8 13 
#c 8 13 green
# found/all 49 100
q 1 9 12 
#c 9 12 green
# found/all 50 100
q 1 11 10 
#c 11 10 green
# found/all 51 100
q 1 12 9 
#c 12 9 green
# found/all 52 100
q 1 3 11 
q 1 4 12 
q 1 5 13 
q 1 6 14 
q 1 8 14 
q 1 9 13 
#c 9 13 green
# found/all 53 100
q 1 9 11 
q 1 10 12 
#c 10 12 green
# found/all 54 100
q 1 11 11 
#c 11 11 green
# found/all 56 100
q 1 12 10 
q 1 12 8 
q 1 13 9 
#c 13 9 green
# found/all 57 100
q 1 9 14 
q 1 10 13 
#c 10 13 green
# found/all 58 100
q 1 10 11 
q 1 11 12 
#c 11 12 green
# found/all 59 100
q 1 12 11 
q 1 13 8 
q 1 13 10 
#c 13 10 green
# found/all 60 100
q 1 14 9 
q 1 10 14 
#c 10 14 green
# found/all 61 100
q 1 11 13 
#c 11 13 green
# found/all 62 100
q 1 12 12 
#c 12 12 green
# found/all 63 100
q 1 13 11 
q 1 14 10 
q 1 10 15 
q 1 11 14 
q 1 12 13 
#c 12 13 green
# found/all 64 100
q 1 13 12 
q 1 12 14 
#c 12 14 green
# found/all 65 100
q 1 13 13 
q 1 12 15 
#c 12 15 green
# found/all 66 100
q 1 13 14 
q 1 11 15 
q 1 12 16 
q 1 13 15 
# SUM >= 2
q 16 0 8 0 9 0 10 0 11 1 8 1 9 1 10 1 11 2 8 2 9 2 10 2 11 3 8 3 9 3 10 3 11 
q 16 0 12 0 13 0 14 0 15 1 12 1 13 1 14 1 15 2 12 2 13 2 14 2 15 3 12 3 13 3 14 3 15 
q 4 0 12 0 13 1 12 1 13 
q 1 0 12 
q 1 0 13 
q 1 1 12 
q 1 1 13 
q 4 0 14 0 15 1 14 1 15 
q 4 2 12 2 13 3 12 3 13 
q 4 2 14 2 15 3 14 3 15 
q 1 2 14 
q 1 2 15 
q 1 3 14 
#c 3 14 green
# searchh
q 1 3 13 
#c 3 13 green
# found/all 68 100
q 1 3 15 
#c 3 15 green
# found/all 69 100
q 1 4 14 
#c 4 14 green
# found/all 70 100
q 1 2 13 
q 1 3 12 
q 1 4 13 
#c 4 13 green
# found/all 71 100
q 1 3 16 
q 1 4 15 
#c 4 15 green
# found/all 72 100
q 1 5 14 
#c 5 14 green
# found/all 73 100
q 1 4 16 
q 1 5 15 
q 12 0 16 0 17 0 18 1 16 1 17 1 18 2 16 2 17 2 18 3 16 3 17 3 18 
q 4 0 16 0 17 1 16 1 17 
q 1 0 16 
#c 0 16 green
# searchh
q 1 0 15 
q 1 0 17 
#c 0 17 green
# found/all 75 100
q 1 1 16 
q 1 0 18 
q 1 1 17 
#c 1 17 green
# found/all 76 100
q 1 1 18 
#c 1 18 green
# found/all 77 100
q 1 2 17 
q 1 2 18 
q 2 0 18 1 18 
q 4 2 16 2 17 3 16 3 17 
q 2 2 18 3 18 
q 16 4 0 4 1 4 2 4 3 5 0 5 1 5 2 5 3 6 0 6 1 6 2 6 3 7 0 7 1 7 2 7 3 
q 4 4 0 4 1 5 0 5 1 
q 4 4 2 4 3 5 2 5 3 
q 4 6 0 6 1 7 0 7 1 
q 4 6 2 6 3 7 2 7 3 
q 16 4 4 4 5 4 6 4 7 5 4 5 5 5 6 5 7 6 4 6 5 6 6 6 7 7 4 7 5 7 6 7 7 
# SUM >= 2
q 4 6 4 6 5 7 4 7 5 
# SUM >= 2
q 16 4 8 4 9 4 10 4 11 5 8 5 9 5 10 5 11 6 8 6 9 6 10 6 11 7 8 7 9 7 10 7 11 
q 4 4 8 4 9 5 8 5 9 
# SUM >= 2
# SUM >= 2
q 16 4 12 4 13 4 14 4 15 5 12 5 13 5 14 5 15 6 12 6 13 6 14 6 15 7 12 7 13 7 14 7 15 
q 4 4 12 4 13 5 12 5 13 
# SUM >= 2
# SUM >= 2
q 12 4 16 4 17 4 18 5 16 5 17 5 18 6 16 6 17 6 18 7 16 7 17 7 18 
q 4 4 16 4 17 5 16 5 17 
q 2 4 18 5 18 
q 4 6 16 6 17 7 16 7 17 
q 1 6 16 
q 1 6 17 
#c 6 17 green
# searchh
q 1 5 17 
q 1 6 18 
q 1 7 17 
#c 7 17 green
# found/all 79 100
q 1 7 16 
#c 7 16 green
# found/all 80 100
q 1 7 18 
q 1 8 17 
q 1 7 15 
#c 7 15 green
# found/all 81 100
q 1 8 16 
q 1 6 15 
q 1 8 15 
#c 8 15 green
# found/all 82 100
q 1 9 15 
q 2 6 18 7 18 
q 16 8 0 8 1 8 2 8 3 9 0 9 1 9 2 9 3 10 0 10 1 10 2 10 3 11 0 11 1 11 2 11 3 
q 16 8 4 8 5 8 6 8 7 9 4 9 5 9 6 9 7 10 4 10 5 10 6 10 7 11 4 11 5 11 6 11 7 
q 4 8 4 8 5 9 4 9 5 
# SUM >= 2
q 4 10 4 10 5 11 4 11 5 
q 4 10 6 10 7 11 6 11 7 
q 1 10 6 
q 1 11 6 
q 1 11 7 
q 16 8 8 8 9 8 10 8 11 9 8 9 9 9 10 9 11 10 8 10 9 10 10 10 11 11 8 11 9 11 10 11 11 
# SUM >= 2
# SUM >= 2
q 16 8 12 8 13 8 14 8 15 9 12 9 13 9 14 9 15 10 12 10 13 10 14 10 15 11 12 11 13 11 14 11 15 
# SUM >= 2
# SUM >= 2
q 12 8 16 8 17 8 18 9 16 9 17 9 18 10 16 10 17 10 18 11 16 11 17 11 18 
q 16 12 0 12 1 12 2 12 3 13 0 13 1 13 2 13 3 14 0 14 1 14 2 14 3 15 0 15 1 15 2 15 3 
q 4 12 0 12 1 13 0 13 1 
q 4 12 2 12 3 13 2 13 3 
q 1 12 2 
q 1 12 3 
q 1 13 2 
#c 13 2 green
# searchh
q 1 13 1 
q 1 13 3 
#c 13 3 green
# found/all 84 100
q 1 14 2 
#c 14 2 green
# found/all 85 100
q 1 13 4 
#c 13 4 green
# found/all 86 100
q 1 14 3 
#c 14 3 green
# found/all 89 100
q 1 14 1 
q 1 15 2 
#c 15 2 green
# found/all 90 100
q 1 12 4 
#c 12 4 green
# found/all 91 100
q 1 13 5 
#c 13 5 green
# found/all 92 100
q 1 14 4 
#c 14 4 green
# found/all 94 100
q 1 15 3 
#c 15 3 green
# found/all 95 100
q 1 15 1 
q 1 16 2 
q 1 11 4 
q 1 12 5 
q 1 13 6 
q 1 14 5 
#c 14 5 green
# found/all 97 100
q 1 15 4 
#c 15 4 green
# found/all 99 100
q 1 16 3 
q 1 14 6 
q 1 15 5 
q 1 16 4 
#c 16 4 green
# found/all 100 100
a 86 2 5 2 6 3 5 2 7 3 6 3 4 4 5 3 7 4 6 4 4 5 5 4 7 5 6 4 3 6 6 6 7 7 6 7 7 8 6 7 8 8 7 7 9 9 7 7 10 8 9 9 8 6 10 7 11 8 10 10 8 5 10 7 12 10 9 4 10 5 9 7 13 8 12 11 9 4 11 6 13 8 13 9 12 11 10 12 9 9 13 10 12 11 11 13 9 10 13 11 12 13 10 10 14 11 13 12 12 12 13 12 14 12 15 3 14 3 13 3 15 4 14 4 13 4 15 5 14 0 16 0 17 1 17 1 18 6 17 7 17 7 16 7 15 8 15 13 2 13 3 14 2 13 4 14 3 15 2 12 4 13 5 14 4 15 3 14 5 15 4 16 4 
