# [[0, 3], [1, 0], [1, 1], [1, 2], [1, 3], [2, 0], [2, 1], [2, 2], [3, 1], [3, 2], [3, 3], [4, 2]]
# [[0, 0], [0, 1], [0, 2], [0, 4], [1, 1], [1, 2], [1, 3], [1, 4], [2, 1], [2, 3], [2, 4], [3, 3], [3, 4], [4, 4]]
# [[0, 1], [1, 1], [2, 0], [2, 1], [2, 2], [2, 3], [3, 0], [3, 1], [3, 2], [3, 3], [4, 1], [4, 2], [5, 0], [5, 1]]
# [[0, 1], [0, 2], [1, 1], [2, 0], [2, 1], [2, 2], [3, 0], [3, 1], [4, 0], [4, 1], [5, 1]]
q 16 0 0 0 1 0 2 0 3 1 0 1 1 1 2 1 3 2 0 2 1 2 2 2 3 3 0 3 1 3 2 3 3 
q 4 0 0 0 1 1 0 1 1 
q 4 0 2 0 3 1 2 1 3 
q 4 2 0 2 1 3 0 3 1 
q 4 2 2 2 3 3 2 3 3 
q 1 2 2 
q 1 2 3 
q 1 3 2 
q 1 3 3 
q 16 0 4 0 5 0 6 0 7 1 4 1 5 1 6 1 7 2 4 2 5 2 6 2 7 3 4 3 5 3 6 3 7 
q 4 0 4 0 5 1 4 1 5 
q 4 0 6 0 7 1 6 1 7 
q 4 2 4 2 5 3 4 3 5 
q 4 2 6 2 7 3 6 3 7 
q 16 0 8 0 9 0 10 0 11 1 8 1 9 1 10 1 11 2 8 2 9 2 10 2 11 3 8 3 9 3 10 3 11 
q 4 0 8 0 9 1 8 1 9 
q 4 0 10 0 11 1 10 1 11 
q 4 2 8 2 9 3 8 3 9 
q 4 2 10 2 11 3 10 3 11 
q 12 0 12 0 13 0 14 1 12 1 13 1 14 2 12 2 13 2 14 3 12 3 13 3 14 
q 4 0 12 0 13 1 12 1 13 
q 2 0 14 1 14 
q 4 2 12 2 13 3 12 3 13 
q 1 2 12 
q 1 2 13 
q 1 3 12 
#c 3 12 green
# searchh
q 1 3 11 
q 1 3 13 
#c 3 13 green
# found/all 2 51
q 1 4 12 
#c 4 12 green
# found/all 3 51
q 1 3 14 
q 1 4 13 
q 1 4 11 
q 1 5 12 
#c 5 12 green
# found/all 4 51
q 1 5 11 
#c 5 11 green
# found/all 5 51
q 1 5 13 
#c 5 13 green
# found/all 6 51
q 1 6 12 
#c 6 12 green
# found/all 7 51
q 1 5 10 
q 1 6 11 
#c 6 11 green
# found/all 8 51
q 1 5 14 
q 1 6 13 
q 1 7 12 
#c 7 12 green
# found/all 9 51
q 1 6 10 
q 1 7 11 
#c 7 11 green
# found/all 10 51
q 1 7 13 
q 1 8 12 
#c 8 12 green
# found/all 11 51
q 1 7 10 
q 1 8 11 
q 1 8 13 
q 1 9 12 
q 2 2 14 3 14 
q 16 4 0 4 1 4 2 4 3 5 0 5 1 5 2 5 3 6 0 6 1 6 2 6 3 7 0 7 1 7 2 7 3 
q 4 4 0 4 1 5 0 5 1 
q 1 4 0 
q 1 4 1 
q 1 5 0 
q 1 5 1 
q 4 4 2 4 3 5 2 5 3 
q 1 4 2 
q 1 4 3 
q 1 5 2 
q 1 5 3 
q 4 6 0 6 1 7 0 7 1 
q 1 6 0 
q 1 6 1 
q 1 7 0 
q 1 7 1 
q 4 6 2 6 3 7 2 7 3 
q 1 6 2 
q 1 6 3 
q 1 7 2 
q 1 7 3 
q 16 4 4 4 5 4 6 4 7 5 4 5 5 5 6 5 7 6 4 6 5 6 6 6 7 7 4 7 5 7 6 7 7 
q 4 4 4 4 5 5 4 5 5 
q 4 4 6 4 7 5 6 5 7 
q 4 6 4 6 5 7 4 7 5 
q 1 6 4 
q 1 6 5 
q 1 7 4 
q 1 7 5 
q 4 6 6 6 7 7 6 7 7 
q 16 4 8 4 9 4 10 4 11 5 8 5 9 5 10 5 11 6 8 6 9 6 10 6 11 7 8 7 9 7 10 7 11 
q 4 4 8 4 9 5 8 5 9 
q 4 4 10 4 11 5 10 5 11 
q 4 6 8 6 9 7 8 7 9 
# SUM >= 2
q 12 4 12 4 13 4 14 5 12 5 13 5 14 6 12 6 13 6 14 7 12 7 13 7 14 
# SUM >= 2
# SUM >= 2
q 16 8 0 8 1 8 2 8 3 9 0 9 1 9 2 9 3 10 0 10 1 10 2 10 3 11 0 11 1 11 2 11 3 
q 4 8 0 8 1 9 0 9 1 
q 4 8 2 8 3 9 2 9 3 
q 4 10 0 10 1 11 0 11 1 
q 4 10 2 10 3 11 2 11 3 
q 16 8 4 8 5 8 6 8 7 9 4 9 5 9 6 9 7 10 4 10 5 10 6 10 7 11 4 11 5 11 6 11 7 
q 4 8 4 8 5 9 4 9 5 
q 4 8 6 8 7 9 6 9 7 
q 4 10 4 10 5 11 4 11 5 
q 4 10 6 10 7 11 6 11 7 
q 1 10 6 
#c 10 6 green
# searchh
q 1 9 6 
q 1 10 5 
#c 10 5 green
# found/all 13 51
q 1 10 7 
#c 10 7 green
# found/all 14 51
q 1 11 6 
#c 11 6 green
# found/all 15 51
q 1 9 5 
q 1 10 4 
q 1 11 5 
q 1 9 7 
q 1 10 8 
#c 10 8 green
# found/all 16 51
q 1 11 7 
#c 11 7 green
# found/all 17 51
q 1 12 6 
#c 12 6 green
# found/all 18 51
q 1 9 8 
q 1 10 9 
#c 10 9 green
# found/all 20 51
q 1 11 8 
#c 11 8 green
# found/all 22 51
q 1 12 7 
q 1 12 5 
q 1 13 6 
q 1 9 9 
q 1 10 10 
#c 10 10 green
# found/all 23 51
q 1 11 9 
#c 11 9 green
# found/all 25 51
q 1 12 8 
#c 12 8 green
# found/all 26 51
q 1 9 10 
q 1 10 11 
#c 10 11 green
# found/all 28 51
q 1 11 10 
#c 11 10 green
# found/all 30 51
q 1 12 9 
#c 12 9 green
# found/all 32 51
q 1 13 8 
#c 13 8 green
# found/all 33 51
q 1 9 11 
#c 9 11 green
# found/all 35 51
q 1 10 12 
q 1 11 11 
#c 11 11 green
# found/all 36 51
q 1 12 10 
#c 12 10 green
# found/all 38 51
q 1 13 9 
#c 13 9 green
# found/all 39 51
q 1 13 7 
q 1 14 8 
q 1 11 12 
#c 11 12 green
# found/all 40 51
q 1 12 11 
#c 12 11 green
# found/all 42 51
q 1 13 10 
#c 13 10 green
# found/all 43 51
q 1 14 9 
#c 14 9 green
# found/all 44 51
q 1 11 13 
#c 11 13 green
# found/all 45 51
q 1 12 12 
#c 12 12 green
# found/all 46 51
q 1 13 11 
#c 13 11 green
# found/all 47 51
q 1 14 10 
#c 14 10 green
# found/all 48 51
q 1 10 13 
q 1 11 14 
q 1 12 13 
#c 12 13 green
# found/all 49 51
q 1 13 12 
#c 13 12 green
# found/all 50 51
q 1 14 11 
#c 14 11 green
# found/all 51 51
a 42 3 12 3 13 4 12 5 12 5 11 5 13 6 12 6 11 7 12 7 11 8 12 10 6 10 5 10 7 11 6 10 8 11 7 12 6 10 9 11 8 10 10 11 9 12 8 10 11 11 10 12 9 13 8 9 11 11 11 12 10 13 9 11 12 12 11 13 10 14 9 11 13 12 12 13 11 14 10 12 13 13 12 14 11 
