# [[0, 0], [0, 1], [0, 2], [1, 0]]
# [[0, 0], [0, 1], [0, 2], [0, 3], [0, 4]]
# [[0, 0], [0, 1], [1, 0], [1, 1]]
# [[0, 0], [0, 1], [0, 2], [1, 2]]
# [[0, 1], [1, 0], [1, 1], [2, 1]]
# [[0, 0], [0, 1], [0, 2], [1, 0], [1, 1], [1, 2]]
# [[0, 0], [0, 1], [1, 1], [1, 2], [2, 1], [2, 2]]
# [[0, 0], [1, 0], [2, 0], [2, 1], [2, 2], [3, 2]]
q 16 0 0 0 1 0 2 0 3 1 0 1 1 1 2 1 3 2 0 2 1 2 2 2 3 3 0 3 1 3 2 3 3 
q 4 0 0 0 1 1 0 1 1 
q 4 0 2 0 3 1 2 1 3 
q 4 2 0 2 1 3 0 3 1 
q 4 2 2 2 3 3 2 3 3 
q 16 0 4 0 5 0 6 0 7 1 4 1 5 1 6 1 7 2 4 2 5 2 6 2 7 3 4 3 5 3 6 3 7 
q 16 0 8 0 9 0 10 0 11 1 8 1 9 1 10 1 11 2 8 2 9 2 10 2 11 3 8 3 9 3 10 3 11 
q 4 0 8 0 9 1 8 1 9 
q 4 0 10 0 11 1 10 1 11 
q 4 2 8 2 9 3 8 3 9 
q 4 2 10 2 11 3 10 3 11 
q 1 2 10 
q 1 2 11 
#c 2 11 green
# searchh
q 1 1 11 
q 1 2 12 
#c 2 12 green
# found/all 4 39
q 1 3 11 
#c 3 11 green
# found/all 5 39
q 1 1 12 
q 1 2 13 
#c 2 13 green
# found/all 6 39
q 1 3 12 
#c 3 12 green
# found/all 8 39
q 1 3 10 
q 1 4 11 
q 1 1 13 
q 1 3 13 
#c 3 13 green
# found/all 10 39
q 1 4 12 
#c 4 12 green
# found/all 11 39
q 1 4 13 
#c 4 13 green
# found/all 12 39
q 1 5 12 
q 1 5 13 
q 8 0 12 0 13 1 12 1 13 2 12 2 13 3 12 3 13 
q 4 0 12 0 13 1 12 1 13 
q 1 0 12 
q 1 0 13 
# SUM >= 2
q 16 4 0 4 1 4 2 4 3 5 0 5 1 5 2 5 3 6 0 6 1 6 2 6 3 7 0 7 1 7 2 7 3 
q 4 4 0 4 1 5 0 5 1 
q 4 4 2 4 3 5 2 5 3 
q 4 6 0 6 1 7 0 7 1 
q 1 6 0 
#c 6 0 green
# searchh
q 1 5 0 
q 1 6 1 
#c 6 1 green
# found/all 14 39
q 1 7 0 
q 1 5 1 
q 1 6 2 
#c 6 2 green
# found/all 15 39
q 1 7 1 
q 1 5 2 
q 1 6 3 
q 1 7 2 
#c 7 2 green
# found/all 16 39
q 1 7 3 
q 1 8 2 
# SUM >= 2
q 16 4 4 4 5 4 6 4 7 5 4 5 5 5 6 5 7 6 4 6 5 6 6 6 7 7 4 7 5 7 6 7 7 
q 4 4 4 4 5 5 4 5 5 
q 1 4 4 
q 1 4 5 
q 1 5 4 
q 1 5 5 
q 4 4 6 4 7 5 6 5 7 
q 4 6 4 6 5 7 4 7 5 
q 4 6 6 6 7 7 6 7 7 
q 16 4 8 4 9 4 10 4 11 5 8 5 9 5 10 5 11 6 8 6 9 6 10 6 11 7 8 7 9 7 10 7 11 
q 4 4 8 4 9 5 8 5 9 
q 1 4 8 
q 1 4 9 
q 1 5 8 
q 1 5 9 
q 4 4 10 4 11 5 10 5 11 
q 4 6 8 6 9 7 8 7 9 
q 4 6 10 6 11 7 10 7 11 
q 1 6 10 
q 1 6 11 
q 1 7 10 
q 1 7 11 
#c 7 11 green
# searchh
q 1 7 12 
q 1 8 11 
#c 8 11 green
# found/all 18 39
q 1 8 10 
q 1 8 12 
q 1 9 11 
#c 9 11 green
# found/all 19 39
q 1 9 10 
#c 9 10 green
# found/all 20 39
q 1 9 12 
#c 9 12 green
# found/all 21 39
q 1 10 11 
q 1 9 9 
#c 9 9 green
# found/all 22 39
q 1 10 10 
q 1 9 13 
#c 9 13 green
# found/all 23 39
q 1 10 12 
q 1 8 9 
q 1 9 8 
#c 9 8 green
# found/all 25 39
q 1 10 9 
q 1 8 13 
q 1 10 13 
#c 10 13 green
# found/all 26 39
q 1 8 8 
q 1 9 7 
q 1 10 8 
#c 10 8 green
# found/all 28 39
q 1 11 13 
q 1 10 7 
#c 10 7 green
# found/all 29 39
q 1 11 8 
#c 11 8 green
# found/all 32 39
q 1 10 6 
q 1 11 7 
#c 11 7 green
# found/all 33 39
q 1 11 9 
#c 11 9 green
# found/all 35 39
q 1 12 8 
#c 12 8 green
# found/all 36 39
q 1 11 6 
#c 11 6 green
# found/all 37 39
q 1 12 7 
q 1 11 10 
q 1 12 9 
#c 12 9 green
# found/all 38 39
q 1 13 8 
q 1 11 5 
#c 11 5 green
# found/all 39 39
a 30 2 11 2 12 3 11 2 13 3 12 3 13 4 12 4 13 6 0 6 1 6 2 7 2 7 11 8 11 9 11 9 10 9 12 9 9 9 13 9 8 10 13 10 8 10 7 11 8 11 7 11 9 12 8 11 6 12 9 11 5 
