# [[0, 0], [0, 1], [1, 0], [1, 1], [1, 2], [2, 0], [2, 1], [2, 2], [3, 0], [3, 1], [3, 2]]
# [[0, 0], [0, 1], [1, 1], [2, 0], [2, 1], [2, 2], [3, 2], [4, 1], [4, 2]]
# [[0, 0], [1, 0], [2, 0], [2, 1], [3, 0]]
# [[0, 2], [1, 2], [1, 3], [2, 0], [2, 1], [2, 2], [3, 0]]
# [[0, 2], [0, 3], [1, 0], [1, 1], [1, 2], [2, 1], [2, 2]]
# [[0, 0], [0, 2], [1, 0], [1, 1], [1, 2], [2, 1]]
q 16 0 0 0 1 0 2 0 3 1 0 1 1 1 2 1 3 2 0 2 1 2 2 2 3 3 0 3 1 3 2 3 3 
q 16 0 4 0 5 0 6 0 7 1 4 1 5 1 6 1 7 2 4 2 5 2 6 2 7 3 4 3 5 3 6 3 7 
q 4 0 4 0 5 1 4 1 5 
q 4 0 6 0 7 1 6 1 7 
q 1 0 6 
#c 0 6 green
# searchh
q 1 0 5 
q 1 0 7 
#c 0 7 green
# found/all 2 45
q 1 1 6 
#c 1 6 green
# found/all 4 45
q 1 0 8 
#c 0 8 green
# found/all 5 45
q 1 1 7 
#c 1 7 green
# found/all 9 45
q 1 1 5 
q 1 2 6 
#c 2 6 green
# found/all 11 45
q 1 0 9 
q 1 1 8 
#c 1 8 green
# found/all 13 45
q 1 2 7 
#c 2 7 green
# found/all 14 45
q 1 2 5 
#c 2 5 green
# found/all 16 45
q 1 3 6 
#c 3 6 green
# found/all 17 45
q 1 1 9 
#c 1 9 green
# found/all 18 45
q 1 2 8 
#c 2 8 green
# found/all 20 45
q 1 3 7 
#c 3 7 green
# found/all 22 45
q 1 2 4 
#c 2 4 green
# found/all 24 45
q 1 3 5 
#c 3 5 green
# found/all 25 45
q 1 4 6 
q 1 1 10 
q 1 2 9 
#c 2 9 green
# found/all 26 45
q 1 3 8 
#c 3 8 green
# found/all 28 45
q 1 4 7 
q 1 1 4 
q 1 2 3 
q 1 3 4 
#c 3 4 green
# found/all 29 45
q 1 4 5 
q 1 2 10 
q 1 3 9 
#c 3 9 green
# found/all 31 45
q 1 4 8 
q 1 3 3 
q 1 4 4 
q 1 3 10 
q 1 4 9 
#c 4 9 green
# found/all 32 45
q 1 4 10 
q 1 5 9 
#c 5 9 green
# found/all 33 45
q 1 5 8 
#c 5 8 green
# found/all 34 45
q 1 5 10 
q 1 6 9 
q 1 5 7 
q 1 6 8 
# SUM >= 2
q 16 0 8 0 9 0 10 0 11 1 8 1 9 1 10 1 11 2 8 2 9 2 10 2 11 3 8 3 9 3 10 3 11 
# SUM >= 2
# SUM >= 2
q 16 0 12 0 13 0 14 0 15 1 12 1 13 1 14 1 15 2 12 2 13 2 14 2 15 3 12 3 13 3 14 3 15 
q 16 4 0 4 1 4 2 4 3 5 0 5 1 5 2 5 3 6 0 6 1 6 2 6 3 7 0 7 1 7 2 7 3 
q 4 4 0 4 1 5 0 5 1 
q 1 4 0 
#c 4 0 green
# searchh
q 1 3 0 
q 1 4 1 
q 1 5 0 
#c 5 0 green
# found/all 36 45
q 1 5 1 
#c 5 1 green
# found/all 37 45
q 1 6 0 
q 1 5 2 
#c 5 2 green
# found/all 38 45
q 1 6 1 
#c 6 1 green
# found/all 39 45
q 1 4 2 
#c 4 2 green
# found/all 40 45
q 1 5 3 
q 1 6 2 
q 1 7 1 
q 1 3 2 
q 1 4 3 
# SUM >= 2
q 4 6 0 6 1 7 0 7 1 
q 4 6 2 6 3 7 2 7 3 
q 16 4 4 4 5 4 6 4 7 5 4 5 5 5 6 5 7 6 4 6 5 6 6 6 7 7 4 7 5 7 6 7 7 
q 4 4 4 4 5 5 4 5 5 
q 4 4 6 4 7 5 6 5 7 
q 4 6 4 6 5 7 4 7 5 
q 4 6 6 6 7 7 6 7 7 
q 16 4 8 4 9 4 10 4 11 5 8 5 9 5 10 5 11 6 8 6 9 6 10 6 11 7 8 7 9 7 10 7 11 
# SUM >= 2
q 4 6 8 6 9 7 8 7 9 
q 4 6 10 6 11 7 10 7 11 
q 16 4 12 4 13 4 14 4 15 5 12 5 13 5 14 5 15 6 12 6 13 6 14 6 15 7 12 7 13 7 14 7 15 
q 16 8 0 8 1 8 2 8 3 9 0 9 1 9 2 9 3 10 0 10 1 10 2 10 3 11 0 11 1 11 2 11 3 
q 16 8 4 8 5 8 6 8 7 9 4 9 5 9 6 9 7 10 4 10 5 10 6 10 7 11 4 11 5 11 6 11 7 
q 4 8 4 8 5 9 4 9 5 
q 4 8 6 8 7 9 6 9 7 
q 4 10 4 10 5 11 4 11 5 
q 1 10 4 
#c 10 4 green
# searchh
q 1 9 4 
q 1 10 3 
q 1 10 5 
q 1 11 4 
#c 11 4 green
# found/all 42 45
q 1 11 3 
q 1 11 5 
q 1 12 4 
#c 12 4 green
# found/all 43 45
q 1 12 3 
q 1 12 5 
#c 12 5 green
# found/all 44 45
q 1 13 4 
#c 13 4 green
# found/all 45 45
a 33 0 6 0 7 1 6 0 8 1 7 2 6 1 8 2 7 2 5 3 6 1 9 2 8 3 7 2 4 3 5 2 9 3 8 3 4 3 9 4 9 5 9 5 8 4 0 5 0 5 1 5 2 6 1 4 2 10 4 11 4 12 4 12 5 13 4 
