# [[0, 0], [1, 0], [1, 1], [1, 2], [1, 3], [2, 0], [2, 2], [2, 3], [3, 2], [3, 3]]
# [[0, 0], [0, 1], [0, 2], [0, 4], [1, 1], [1, 2], [1, 3], [1, 4], [2, 1], [2, 3]]
# [[0, 0], [1, 0], [1, 1], [1, 2], [2, 1]]
# [[0, 0], [1, 0], [2, 0], [2, 1]]
# [[0, 0], [1, 0], [1, 1], [1, 2]]
# [[0, 1], [0, 2], [1, 0], [1, 1], [1, 2], [1, 3], [2, 1]]
# [[0, 0], [1, 0], [2, 0], [3, 0]]
# [[0, 1], [1, 0], [1, 1], [1, 2], [1, 3], [2, 2], [2, 3]]
# [[0, 1], [0, 2], [0, 3], [1, 0], [1, 1], [1, 3], [2, 3]]
# [[0, 0], [1, 0], [1, 1], [1, 2], [2, 0], [2, 2]]
q 16 0 0 0 1 0 2 0 3 1 0 1 1 1 2 1 3 2 0 2 1 2 2 2 3 3 0 3 1 3 2 3 3 
q 4 0 0 0 1 1 0 1 1 
q 4 0 2 0 3 1 2 1 3 
q 4 2 0 2 1 3 0 3 1 
q 4 2 2 2 3 3 2 3 3 
q 1 2 2 
#c 2 2 green
# searchh
q 1 1 2 
q 1 2 1 
q 1 2 3 
#c 2 3 green
# found/all 2 64
q 1 3 2 
#c 3 2 green
# found/all 4 64
q 1 1 3 
q 1 2 4 
q 1 3 3 
#c 3 3 green
# found/all 6 64
q 1 3 1 
#c 3 1 green
# found/all 7 64
q 1 4 2 
#c 4 2 green
# found/all 9 64
q 1 3 4 
#c 3 4 green
# found/all 11 64
q 1 4 3 
q 1 3 0 
q 1 4 1 
#c 4 1 green
# found/all 12 64
q 1 5 2 
q 1 3 5 
q 1 4 4 
#c 4 4 green
# found/all 13 64
q 1 4 0 
q 1 5 1 
q 1 4 5 
q 1 5 4 
#c 5 4 green
# found/all 14 64
q 1 5 3 
q 1 5 5 
q 1 6 4 
q 16 0 4 0 5 0 6 0 7 1 4 1 5 1 6 1 7 2 4 2 5 2 6 2 7 3 4 3 5 3 6 3 7 
q 4 0 4 0 5 1 4 1 5 
q 4 0 6 0 7 1 6 1 7 
q 1 0 6 
q 1 0 7 
#c 0 7 green
# searchh
q 1 0 8 
#c 0 8 green
# found/all 16 64
q 1 1 7 
#c 1 7 green
# found/all 18 64
q 1 0 9 
q 1 1 8 
#c 1 8 green
# found/all 21 64
q 1 1 6 
q 1 2 7 
q 1 1 9 
#c 1 9 green
# found/all 24 64
q 1 2 8 
#c 2 8 green
# found/all 26 64
q 1 1 10 
#c 1 10 green
# found/all 27 64
q 1 2 9 
#c 2 9 green
# found/all 28 64
q 1 3 8 
#c 3 8 green
# found/all 29 64
q 1 0 10 
q 1 1 11 
#c 1 11 green
# found/all 30 64
q 1 2 10 
#c 2 10 green
# found/all 32 64
q 1 3 9 
q 1 3 7 
q 1 4 8 
q 1 0 11 
q 1 1 12 
q 1 2 11 
#c 2 11 green
# found/all 33 64
q 1 3 10 
#c 3 10 green
# found/all 35 64
q 1 2 12 
q 1 3 11 
q 1 4 10 
#c 4 10 green
# found/all 36 64
q 1 4 9 
q 1 4 11 
#c 4 11 green
# found/all 37 64
q 1 5 10 
q 1 4 12 
#c 4 12 green
# found/all 38 64
q 1 5 11 
#c 5 11 green
# found/all 39 64
q 1 3 12 
q 1 4 13 
q 1 5 12 
q 1 6 11 
q 4 2 4 2 5 3 4 3 5 
q 4 2 6 2 7 3 6 3 7 
q 16 0 8 0 9 0 10 0 11 1 8 1 9 1 10 1 11 2 8 2 9 2 10 2 11 3 8 3 9 3 10 3 11 
# SUM >= 2
# SUM >= 2
q 12 0 12 0 13 0 14 1 12 1 13 1 14 2 12 2 13 2 14 3 12 3 13 3 14 
q 16 4 0 4 1 4 2 4 3 5 0 5 1 5 2 5 3 6 0 6 1 6 2 6 3 7 0 7 1 7 2 7 3 
q 4 4 0 4 1 5 0 5 1 
q 4 4 2 4 3 5 2 5 3 
q 4 6 0 6 1 7 0 7 1 
q 4 6 2 6 3 7 2 7 3 
q 16 4 4 4 5 4 6 4 7 5 4 5 5 5 6 5 7 6 4 6 5 6 6 6 7 7 4 7 5 7 6 7 7 
# SUM >= 2
q 4 6 4 6 5 7 4 7 5 
q 4 6 6 6 7 7 6 7 7 
q 16 4 8 4 9 4 10 4 11 5 8 5 9 5 10 5 11 6 8 6 9 6 10 6 11 7 8 7 9 7 10 7 11 
q 4 4 8 4 9 5 8 5 9 
# SUM >= 2
q 4 6 8 6 9 7 8 7 9 
q 1 6 8 
#c 6 8 green
# searchh
q 1 5 8 
q 1 6 7 
q 1 6 9 
q 1 7 8 
#c 7 8 green
# found/all 41 64
q 1 7 7 
q 1 7 9 
#c 7 9 green
# found/all 42 64
q 1 8 8 
#c 8 8 green
# found/all 43 64
q 1 7 10 
#c 7 10 green
# found/all 44 64
q 1 8 9 
q 1 8 7 
q 1 9 8 
q 1 6 10 
q 1 7 11 
#c 7 11 green
# found/all 45 64
q 1 8 10 
#c 8 10 green
# found/all 46 64
q 1 7 12 
q 1 8 11 
#c 8 11 green
# found/all 48 64
q 1 9 10 
#c 9 10 green
# found/all 50 64
q 1 8 12 
q 1 9 11 
#c 9 11 green
# found/all 52 64
q 1 9 9 
q 1 10 10 
q 1 9 12 
#c 9 12 green
# found/all 53 64
q 1 10 11 
q 1 9 13 
#c 9 13 green
# found/all 55 64
q 1 10 12 
#c 10 12 green
# found/all 56 64
q 1 8 13 
#c 8 13 green
# found/all 57 64
q 1 9 14 
#c 9 14 green
# found/all 58 64
q 1 10 13 
#c 10 13 green
# found/all 59 64
q 1 11 12 
q 1 7 13 
#c 7 13 green
# found/all 60 64
q 1 8 14 
q 1 10 14 
q 1 11 13 
q 1 6 13 
q 1 7 14 
# SUM >= 2
q 12 4 12 4 13 4 14 5 12 5 13 5 14 6 12 6 13 6 14 7 12 7 13 7 14 
q 4 4 12 4 13 5 12 5 13 
q 1 5 13 
q 2 4 14 5 14 
q 4 6 12 6 13 7 12 7 13 
q 1 6 12 
q 2 6 14 7 14 
q 16 8 0 8 1 8 2 8 3 9 0 9 1 9 2 9 3 10 0 10 1 10 2 10 3 11 0 11 1 11 2 11 3 
q 4 8 0 8 1 9 0 9 1 
q 4 8 2 8 3 9 2 9 3 
q 4 10 0 10 1 11 0 11 1 
q 4 10 2 10 3 11 2 11 3 
q 16 8 4 8 5 8 6 8 7 9 4 9 5 9 6 9 7 10 4 10 5 10 6 10 7 11 4 11 5 11 6 11 7 
q 4 8 4 8 5 9 4 9 5 
q 4 8 6 8 7 9 6 9 7 
q 4 10 4 10 5 11 4 11 5 
q 4 10 6 10 7 11 6 11 7 
q 16 8 8 8 9 8 10 8 11 9 8 9 9 9 10 9 11 10 8 10 9 10 10 10 11 11 8 11 9 11 10 11 11 
q 4 8 8 8 9 9 8 9 9 
# SUM >= 2
q 4 10 8 10 9 11 8 11 9 
q 1 10 8 
q 1 10 9 
q 1 11 8 
#c 11 8 green
# searchh
q 1 11 7 
q 1 11 9 
q 1 12 8 
#c 12 8 green
# found/all 62 64
q 1 12 7 
q 1 12 9 
q 1 13 8 
#c 13 8 green
# found/all 63 64
q 1 13 7 
q 1 13 9 
q 1 14 8 
#c 14 8 green
# found/all 64 64
a 48 2 2 2 3 3 2 3 3 3 1 4 2 3 4 4 1 4 4 5 4 0 7 0 8 1 7 1 8 1 9 2 8 1 10 2 9 3 8 1 11 2 10 2 11 3 10 4 10 4 11 4 12 5 11 6 8 7 8 7 9 8 8 7 10 7 11 8 10 8 11 9 10 9 11 9 12 9 13 10 12 8 13 9 14 10 13 7 13 11 8 12 8 13 8 14 8 
