# [[0, 1], [1, 0], [1, 1], [2, 0], [2, 1]]
# [[0, 1], [1, 0], [1, 1], [1, 2], [2, 2]]
# [[0, 0], [0, 1], [0, 2], [0, 3], [1, 1]]
# [[0, 1], [1, 0], [1, 1], [2, 1], [2, 2], [3, 2]]
# [[0, 0], [0, 1], [1, 1], [2, 1], [3, 1]]
# [[0, 3], [1, 2], [1, 3], [2, 0], [2, 1], [2, 2]]
# [[0, 1], [0, 2], [1, 0], [1, 1], [1, 2]]
# [[0, 0], [0, 1], [1, 1], [1, 2], [2, 1]]
# [[0, 1], [0, 2], [1, 0], [1, 1], [1, 2]]
# [[0, 0], [1, 0], [1, 1], [2, 1], [3, 0], [3, 1], [3, 2]]
# [[0, 0], [1, 0], [2, 0], [2, 1], [3, 0], [3, 1]]
q 16 0 0 0 1 0 2 0 3 1 0 1 1 1 2 1 3 2 0 2 1 2 2 2 3 3 0 3 1 3 2 3 3 
q 4 0 0 0 1 1 0 1 1 
q 4 0 2 0 3 1 2 1 3 
q 4 2 0 2 1 3 0 3 1 
q 4 2 2 2 3 3 2 3 3 
q 1 2 2 
q 1 2 3 
#c 2 3 green
# searchh
q 1 1 3 
q 1 2 4 
#c 2 4 green
# found/all 2 60
q 1 3 3 
q 1 1 4 
q 1 2 5 
#c 2 5 green
# found/all 3 60
q 1 3 4 
#c 3 4 green
# found/all 4 60
q 1 1 5 
q 1 2 6 
#c 2 6 green
# found/all 5 60
q 1 3 5 
#c 3 5 green
# found/all 6 60
q 1 4 4 
q 1 1 6 
q 1 2 7 
q 1 3 6 
q 1 4 5 
#c 4 5 green
# found/all 7 60
q 1 4 6 
q 1 5 5 
#c 5 5 green
# found/all 9 60
q 1 5 4 
q 1 5 6 
#c 5 6 green
# found/all 11 60
q 1 6 5 
#c 6 5 green
# found/all 12 60
q 1 5 7 
q 1 6 6 
#c 6 6 green
# found/all 14 60
q 1 6 4 
q 1 7 5 
q 1 6 7 
q 1 7 6 
#c 7 6 green
# found/all 15 60
q 1 7 7 
q 1 8 6 
#c 8 6 green
# found/all 16 60
q 1 8 5 
#c 8 5 green
# found/all 17 60
q 1 8 7 
q 1 9 6 
#c 9 6 green
# found/all 18 60
q 1 8 4 
q 1 9 5 
#c 9 5 green
# found/all 19 60
q 1 9 7 
q 1 10 6 
#c 10 6 green
# found/all 20 60
q 1 9 4 
#c 9 4 green
# found/all 21 60
q 1 10 5 
q 1 10 7 
q 1 11 6 
q 1 9 3 
q 1 10 4 
q 1 3 2 
#c 3 2 green
# searchh
q 1 3 1 
#c 3 1 green
# found/all 23 60
q 1 4 2 
#c 4 2 green
# found/all 24 60
q 1 2 1 
q 1 3 0 
q 1 4 1 
#c 4 1 green
# found/all 25 60
q 1 4 3 
q 1 5 2 
q 1 4 0 
#c 4 0 green
# found/all 26 60
q 1 5 1 
q 1 5 0 
q 16 0 4 0 5 0 6 0 7 1 4 1 5 1 6 1 7 2 4 2 5 2 6 2 7 3 4 3 5 3 6 3 7 
q 4 0 4 0 5 1 4 1 5 
q 4 0 6 0 7 1 6 1 7 
# SUM >= 2
q 16 0 8 0 9 0 10 0 11 1 8 1 9 1 10 1 11 2 8 2 9 2 10 2 11 3 8 3 9 3 10 3 11 
q 4 0 8 0 9 1 8 1 9 
q 1 0 8 
#c 0 8 green
# searchh
q 1 0 7 
q 1 0 9 
#c 0 9 green
# found/all 28 60
q 1 1 8 
q 1 0 10 
q 1 1 9 
#c 1 9 green
# found/all 29 60
q 1 1 10 
#c 1 10 green
# found/all 30 60
q 1 2 9 
#c 2 9 green
# found/all 31 60
q 1 1 11 
q 1 2 10 
q 1 2 8 
q 1 3 9 
q 4 0 10 0 11 1 10 1 11 
q 4 2 8 2 9 3 8 3 9 
q 4 2 10 2 11 3 10 3 11 
q 12 0 12 0 13 0 14 1 12 1 13 1 14 2 12 2 13 2 14 3 12 3 13 3 14 
q 16 4 0 4 1 4 2 4 3 5 0 5 1 5 2 5 3 6 0 6 1 6 2 6 3 7 0 7 1 7 2 7 3 
# SUM >= 2
q 4 6 0 6 1 7 0 7 1 
q 4 6 2 6 3 7 2 7 3 
q 16 4 4 4 5 4 6 4 7 5 4 5 5 5 6 5 7 6 4 6 5 6 6 6 7 7 4 7 5 7 6 7 7 
# SUM >= 2
q 4 6 4 6 5 7 4 7 5 
# SUM >= 2
q 16 4 8 4 9 4 10 4 11 5 8 5 9 5 10 5 11 6 8 6 9 6 10 6 11 7 8 7 9 7 10 7 11 
q 12 4 12 4 13 4 14 5 12 5 13 5 14 6 12 6 13 6 14 7 12 7 13 7 14 
q 4 4 12 4 13 5 12 5 13 
q 2 4 14 5 14 
q 4 6 12 6 13 7 12 7 13 
q 2 6 14 7 14 
q 16 8 0 8 1 8 2 8 3 9 0 9 1 9 2 9 3 10 0 10 1 10 2 10 3 11 0 11 1 11 2 11 3 
q 16 8 4 8 5 8 6 8 7 9 4 9 5 9 6 9 7 10 4 10 5 10 6 10 7 11 4 11 5 11 6 11 7 
# SUM >= 2
q 4 10 4 10 5 11 4 11 5 
q 4 10 6 10 7 11 6 11 7 
q 16 8 8 8 9 8 10 8 11 9 8 9 9 9 10 9 11 10 8 10 9 10 10 10 11 11 8 11 9 11 10 11 11 
q 4 8 8 8 9 9 8 9 9 
q 4 8 10 8 11 9 10 9 11 
q 4 10 8 10 9 11 8 11 9 
q 1 10 8 
q 1 10 9 
#c 10 9 green
# searchh
q 1 9 9 
q 1 10 10 
#c 10 10 green
# found/all 33 60
q 1 11 9 
#c 11 9 green
# found/all 35 60
q 1 9 10 
#c 9 10 green
# found/all 36 60
q 1 10 11 
q 1 11 10 
#c 11 10 green
# found/all 37 60
q 1 11 8 
q 1 12 9 
#c 12 9 green
# found/all 38 60
q 1 8 10 
q 1 9 11 
q 1 11 11 
q 1 12 10 
q 1 12 8 
#c 12 8 green
# found/all 39 60
q 1 13 9 
#c 13 9 green
# found/all 40 60
q 1 12 7 
q 1 13 8 
q 1 13 10 
#c 13 10 green
# found/all 42 60
q 1 14 9 
#c 14 9 green
# found/all 43 60
q 1 13 11 
#c 13 11 green
# found/all 45 60
q 1 14 10 
#c 14 10 green
# found/all 47 60
q 1 14 8 
q 1 12 11 
q 1 13 12 
#c 13 12 green
# found/all 48 60
q 1 14 11 
#c 14 11 green
# found/all 49 60
q 1 12 12 
q 1 13 13 
#c 13 13 green
# found/all 50 60
q 1 14 12 
q 1 12 13 
#c 12 13 green
# found/all 51 60
q 1 13 14 
q 1 14 13 
q 1 11 13 
q 1 12 14 
#c 12 14 green
# found/all 52 60
q 1 11 14 
#c 11 14 green
# found/all 53 60
q 1 10 14 
# SUM >= 2
q 12 8 12 8 13 8 14 9 12 9 13 9 14 10 12 10 13 10 14 11 12 11 13 11 14 
q 4 8 12 8 13 9 12 9 13 
q 2 8 14 9 14 
q 4 10 12 10 13 11 12 11 13 
q 2 10 14 11 14 
q 12 12 0 12 1 12 2 12 3 13 0 13 1 13 2 13 3 14 0 14 1 14 2 14 3 
q 12 12 4 12 5 12 6 12 7 13 4 13 5 13 6 13 7 14 4 14 5 14 6 14 7 
q 4 12 4 12 5 13 4 13 5 
q 1 12 4 
#c 12 4 green
# searchh
q 1 11 4 
#c 11 4 green
# found/all 55 60
q 1 12 3 
q 1 12 5 
#c 12 5 green
# found/all 56 60
q 1 13 4 
q 1 11 3 
q 1 11 5 
q 1 12 6 
q 1 13 5 
#c 13 5 green
# found/all 57 60
q 1 13 6 
q 1 14 5 
#c 14 5 green
# found/all 58 60
q 1 14 4 
#c 14 4 green
# found/all 59 60
q 1 14 6 
#c 14 6 green
# found/all 60 60
a 53 2 3 2 4 2 5 3 4 2 6 3 5 4 5 5 5 5 6 6 5 6 6 7 6 8 6 8 5 9 6 9 5 10 6 9 4 3 2 3 1 4 2 4 1 4 0 0 8 0 9 1 9 1 10 2 9 10 9 10 10 11 9 9 10 11 10 12 9 12 8 13 9 13 10 14 9 13 11 14 10 13 12 14 11 13 13 12 13 12 14 11 14 12 4 11 4 12 5 13 5 14 5 14 4 14 6 
