# [[0, 1], [1, 0], [1, 1], [2, 1], [2, 3], [2, 4], [3, 1], [3, 2], [3, 3], [3, 4]]
# [[0, 4], [1, 4], [1, 5], [2, 4], [3, 0], [3, 1], [3, 2], [3, 4], [4, 1], [4, 2], [4, 3], [4, 4], [4, 5], [4, 6], [5, 4], [5, 5], [6, 4], [6, 5], [7, 5]]
# [[0, 0], [1, 0], [1, 1], [1, 2], [2, 1], [2, 2]]
# [[0, 1], [1, 1], [1, 2], [2, 1], [3, 0], [3, 1], [4, 1], [5, 1], [5, 2]]
# [[0, 1], [0, 4], [0, 5], [0, 6], [1, 0], [1, 1], [1, 4], [1, 5], [1, 6], [1, 7], [2, 1], [2, 2], [2, 3], [2, 4], [2, 5], [2, 6], [2, 7], [2, 8], [3, 2], [3, 4], [3, 6], [4, 6]]
# [[0, 1], [1, 0], [1, 1], [1, 2], [2, 2]]
q 16 0 0 0 1 0 2 0 3 1 0 1 1 1 2 1 3 2 0 2 1 2 2 2 3 3 0 3 1 3 2 3 3 
q 4 0 0 0 1 1 0 1 1 
q 1 0 0 
q 1 0 1 
q 1 1 0 
q 1 1 1 
q 4 0 2 0 3 1 2 1 3 
q 4 2 0 2 1 3 0 3 1 
q 4 2 2 2 3 3 2 3 3 
q 16 0 4 0 5 0 6 0 7 1 4 1 5 1 6 1 7 2 4 2 5 2 6 2 7 3 4 3 5 3 6 3 7 
q 4 0 4 0 5 1 4 1 5 
q 4 0 6 0 7 1 6 1 7 
q 1 0 6 
#c 0 6 green
# searchh
q 1 0 5 
q 1 0 7 
q 1 1 6 
#c 1 6 green
# found/all 2 71
q 1 1 5 
q 1 1 7 
#c 1 7 green
# found/all 3 71
q 1 2 6 
#c 2 6 green
# found/all 4 71
q 1 1 8 
q 1 2 7 
q 1 2 5 
q 1 3 6 
#c 3 6 green
# found/all 5 71
q 1 3 5 
#c 3 5 green
# found/all 6 71
q 1 3 7 
q 1 4 6 
#c 4 6 green
# found/all 7 71
q 1 3 4 
q 1 4 5 
q 1 4 7 
q 1 5 6 
#c 5 6 green
# found/all 8 71
q 1 5 5 
q 1 5 7 
#c 5 7 green
# found/all 9 71
q 1 6 6 
q 1 5 8 
q 1 6 7 
q 4 2 4 2 5 3 4 3 5 
# SUM >= 2
q 16 0 8 0 9 0 10 0 11 1 8 1 9 1 10 1 11 2 8 2 9 2 10 2 11 3 8 3 9 3 10 3 11 
q 16 0 12 0 13 0 14 0 15 1 12 1 13 1 14 1 15 2 12 2 13 2 14 2 15 3 12 3 13 3 14 3 15 
q 4 0 12 0 13 1 12 1 13 
q 4 0 14 0 15 1 14 1 15 
q 4 2 12 2 13 3 12 3 13 
q 4 2 14 2 15 3 14 3 15 
q 16 0 16 0 17 0 18 0 19 1 16 1 17 1 18 1 19 2 16 2 17 2 18 2 19 3 16 3 17 3 18 3 19 
q 4 0 16 0 17 1 16 1 17 
q 4 0 18 0 19 1 18 1 19 
q 4 2 16 2 17 3 16 3 17 
q 4 2 18 2 19 3 18 3 19 
q 16 4 0 4 1 4 2 4 3 5 0 5 1 5 2 5 3 6 0 6 1 6 2 6 3 7 0 7 1 7 2 7 3 
q 4 4 0 4 1 5 0 5 1 
q 4 4 2 4 3 5 2 5 3 
q 4 6 0 6 1 7 0 7 1 
q 4 6 2 6 3 7 2 7 3 
q 16 4 4 4 5 4 6 4 7 5 4 5 5 5 6 5 7 6 4 6 5 6 6 6 7 7 4 7 5 7 6 7 7 
q 4 4 4 4 5 5 4 5 5 
q 1 4 4 
q 1 5 4 
#c 5 4 green
# searchh
q 1 5 3 
q 1 6 4 
#c 6 4 green
# found/all 11 71
q 1 6 3 
q 1 6 5 
#c 6 5 green
# found/all 12 71
q 1 7 4 
#c 7 4 green
# found/all 13 71
q 1 7 5 
q 1 7 3 
q 1 8 4 
#c 8 4 green
# found/all 14 71
q 1 8 3 
q 1 8 5 
q 1 9 4 
#c 9 4 green
# found/all 15 71
q 1 9 3 
#c 9 3 green
# found/all 16 71
q 1 9 5 
#c 9 5 green
# found/all 17 71
q 1 10 4 
#c 10 4 green
# found/all 18 71
q 1 9 2 
#c 9 2 green
# found/all 19 71
q 1 10 3 
q 1 9 6 
#c 9 6 green
# found/all 20 71
q 1 10 5 
#c 10 5 green
# found/all 21 71
q 1 11 4 
#c 11 4 green
# found/all 22 71
q 1 8 2 
#c 8 2 green
# found/all 23 71
q 1 9 1 
#c 9 1 green
# found/all 24 71
q 1 10 2 
q 1 8 6 
q 1 9 7 
q 1 10 6 
q 1 11 5 
#c 11 5 green
# found/all 25 71
q 1 11 3 
q 1 12 4 
q 1 7 2 
q 1 8 1 
#c 8 1 green
# found/all 26 71
q 1 9 0 
q 1 10 1 
q 1 11 6 
q 1 12 5 
#c 12 5 green
# found/all 27 71
q 1 7 1 
q 1 8 0 
#c 8 0 green
# found/all 28 71
q 1 12 6 
q 1 13 5 
q 1 7 0 
# SUM >= 2
# SUM >= 2
q 16 4 8 4 9 4 10 4 11 5 8 5 9 5 10 5 11 6 8 6 9 6 10 6 11 7 8 7 9 7 10 7 11 
q 4 4 8 4 9 5 8 5 9 
q 1 4 8 
q 1 4 9 
q 1 5 9 
#c 5 9 green
# searchh
q 1 5 10 
#c 5 10 green
# found/all 30 71
q 1 6 9 
q 1 4 10 
#c 4 10 green
# found/all 31 71
q 1 5 11 
#c 5 11 green
# found/all 32 71
q 1 6 10 
q 1 3 10 
q 1 4 11 
q 1 5 12 
q 1 6 11 
#c 6 11 green
# found/all 33 71
q 1 6 12 
q 1 7 11 
# SUM >= 2
q 4 6 8 6 9 7 8 7 9 
q 1 6 8 
#c 6 8 green
# searchh
q 1 7 8 
#c 7 8 green
# found/all 35 71
q 1 7 7 
q 1 7 9 
#c 7 9 green
# found/all 36 71
q 1 8 8 
q 1 7 10 
#c 7 10 green
# found/all 37 71
q 1 8 9 
#c 8 9 green
# found/all 38 71
q 1 8 10 
#c 8 10 green
# found/all 39 71
q 1 9 9 
q 1 8 11 
q 1 9 10 
#c 9 10 green
# found/all 40 71
q 1 9 11 
q 1 10 10 
#c 10 10 green
# found/all 41 71
q 1 10 9 
#c 10 9 green
# found/all 42 71
q 1 10 11 
q 1 11 10 
#c 11 10 green
# found/all 43 71
q 1 10 8 
q 1 11 9 
q 1 11 11 
#c 11 11 green
# found/all 44 71
q 1 12 10 
q 1 11 12 
#c 11 12 green
# found/all 45 71
q 1 12 11 
#c 12 11 green
# found/all 46 71
q 1 10 12 
q 1 11 13 
#c 11 13 green
# found/all 47 71
q 1 12 12 
q 1 13 11 
q 1 10 13 
#c 10 13 green
# found/all 48 71
q 1 11 14 
#c 11 14 green
# found/all 49 71
q 1 12 13 
#c 12 13 green
# found/all 50 71
q 1 9 13 
#c 9 13 green
# found/all 51 71
q 1 10 14 
#c 10 14 green
# found/all 52 71
q 1 11 15 
#c 11 15 green
# found/all 53 71
q 1 12 14 
q 1 13 13 
q 1 8 13 
q 1 9 12 
q 1 9 14 
#c 9 14 green
# found/all 54 71
q 1 10 15 
#c 10 15 green
# found/all 55 71
q 1 11 16 
#c 11 16 green
# found/all 56 71
q 1 12 15 
#c 12 15 green
# found/all 57 71
q 1 8 14 
q 1 9 15 
#c 9 15 green
# found/all 58 71
q 1 10 16 
#c 10 16 green
# found/all 59 71
q 1 11 17 
#c 11 17 green
# found/all 60 71
q 1 12 16 
q 1 13 15 
#c 13 15 green
# found/all 61 71
q 1 8 15 
q 1 9 16 
q 1 10 17 
q 1 11 18 
q 1 12 17 
q 1 13 14 
q 1 13 16 
q 1 14 15 
# SUM >= 2
q 16 4 12 4 13 4 14 4 15 5 12 5 13 5 14 5 15 6 12 6 13 6 14 6 15 7 12 7 13 7 14 7 15 
q 16 4 16 4 17 4 18 4 19 5 16 5 17 5 18 5 19 6 16 6 17 6 18 6 19 7 16 7 17 7 18 7 19 
q 4 4 16 4 17 5 16 5 17 
q 4 4 18 4 19 5 18 5 19 
q 4 6 16 6 17 7 16 7 17 
q 4 6 18 6 19 7 18 7 19 
q 16 8 0 8 1 8 2 8 3 9 0 9 1 9 2 9 3 10 0 10 1 10 2 10 3 11 0 11 1 11 2 11 3 
# SUM >= 2
q 4 10 0 10 1 11 0 11 1 
q 4 10 2 10 3 11 2 11 3 
q 16 8 4 8 5 8 6 8 7 9 4 9 5 9 6 9 7 10 4 10 5 10 6 10 7 11 4 11 5 11 6 11 7 
# SUM >= 2
# SUM >= 2
q 16 8 8 8 9 8 10 8 11 9 8 9 9 9 10 9 11 10 8 10 9 10 10 10 11 11 8 11 9 11 10 11 11 
q 4 8 8 8 9 9 8 9 9 
# SUM >= 2
q 4 10 8 10 9 11 8 11 9 
# SUM >= 2
q 16 8 12 8 13 8 14 8 15 9 12 9 13 9 14 9 15 10 12 10 13 10 14 10 15 11 12 11 13 11 14 11 15 
q 4 8 12 8 13 9 12 9 13 
q 1 8 12 
# SUM >= 2
# SUM >= 2
q 16 8 16 8 17 8 18 8 19 9 16 9 17 9 18 9 19 10 16 10 17 10 18 10 19 11 16 11 17 11 18 11 19 
q 4 8 16 8 17 9 16 9 17 
q 4 8 18 8 19 9 18 9 19 
# SUM >= 2
q 16 12 0 12 1 12 2 12 3 13 0 13 1 13 2 13 3 14 0 14 1 14 2 14 3 15 0 15 1 15 2 15 3 
q 4 12 0 12 1 13 0 13 1 
q 1 12 0 
q 1 12 1 
q 1 13 0 
q 1 13 1 
q 4 12 2 12 3 13 2 13 3 
q 4 14 0 14 1 15 0 15 1 
q 4 14 2 14 3 15 2 15 3 
q 16 12 4 12 5 12 6 12 7 13 4 13 5 13 6 13 7 14 4 14 5 14 6 14 7 15 4 15 5 15 6 15 7 
q 4 12 4 12 5 13 4 13 5 
q 1 13 4 
q 4 12 6 12 7 13 6 13 7 
q 4 14 4 14 5 15 4 15 5 
q 4 14 6 14 7 15 6 15 7 
q 1 14 6 
q 1 14 7 
#c 14 7 green
# searchh
q 1 13 7 
q 1 14 8 
q 1 15 7 
#c 15 7 green
# found/all 63 71
q 1 15 6 
#c 15 6 green
# found/all 64 71
q 1 15 8 
q 1 16 7 
#c 16 7 green
# found/all 65 71
q 1 15 5 
q 1 16 6 
q 1 16 8 
q 1 17 7 
#c 17 7 green
# found/all 66 71
q 1 17 6 
q 1 17 8 
#c 17 8 green
# found/all 67 71
q 1 18 7 
q 1 17 9 
#c 17 9 green
# found/all 68 71
q 1 18 8 
q 1 16 9 
#c 16 9 green
# found/all 69 71
q 1 17 10 
#c 17 10 green
# found/all 70 71
q 1 18 9 
q 1 15 9 
q 1 16 10 
#c 16 10 green
# found/all 71 71
a 71 0 6 1 6 1 7 2 6 3 6 3 5 4 6 5 6 5 7 5 4 6 4 6 5 7 4 8 4 9 4 9 3 9 5 10 4 9 2 9 6 10 5 11 4 8 2 9 1 11 5 8 1 12 5 8 0 5 9 5 10 4 10 5 11 6 11 6 8 7 8 7 9 7 10 8 9 8 10 9 10 10 10 10 9 11 10 11 11 11 12 12 11 11 13 10 13 11 14 12 13 9 13 10 14 11 15 9 14 10 15 11 16 12 15 9 15 10 16 11 17 13 15 14 7 15 7 15 6 16 7 17 7 17 8 17 9 16 9 17 10 16 10 
