# [[0, 1], [1, 1], [1, 2], [1, 3], [2, 0], [2, 1]]
# [[0, 1], [0, 2], [1, 0], [1, 1], [1, 2], [2, 1]]
# [[0, 0], [1, 0], [1, 1], [2, 1], [2, 2], [3, 1]]
# [[0, 0], [0, 2], [0, 3], [1, 0], [1, 1], [1, 2]]
# [[0, 1], [1, 0], [1, 1], [2, 1], [2, 2], [2, 3]]
# [[0, 1], [1, 1], [2, 0], [2, 1], [2, 2], [2, 3]]
# [[0, 0], [1, 0], [1, 1], [2, 1], [3, 1], [4, 1]]
# [[0, 0], [1, 0], [1, 2], [2, 0], [2, 1], [2, 2]]
# [[0, 0], [0, 2], [1, 0], [1, 1], [1, 2], [2, 2]]
# [[0, 0], [1, 0], [1, 1], [2, 0], [2, 1], [3, 1]]
# [[0, 0], [0, 1], [1, 0], [1, 1], [1, 2], [2, 0]]
# [[0, 0], [0, 1], [0, 2], [0, 3], [1, 1], [2, 1]]
# [[0, 0], [1, 0], [1, 1], [1, 2], [2, 1], [2, 2]]
# [[0, 0], [1, 0], [1, 1], [2, 0], [2, 1], [3, 0]]
# [[0, 0], [1, 0], [2, 0], [2, 1], [2, 2], [2, 3]]
# [[0, 0], [0, 1], [1, 0], [1, 1], [1, 2], [1, 3]]
q 16 0 0 0 1 0 2 0 3 1 0 1 1 1 2 1 3 2 0 2 1 2 2 2 3 3 0 3 1 3 2 3 3 
q 4 0 0 0 1 1 0 1 1 
q 1 0 0 
q 1 0 1 
q 1 1 0 
q 1 1 1 
#c 1 1 green
# searchh
q 1 1 2 
q 1 2 1 
#c 2 1 green
# found/all 2 96
q 1 2 0 
#c 2 0 green
# found/all 3 96
q 1 2 2 
#c 2 2 green
# found/all 4 96
q 1 3 1 
q 1 3 0 
#c 3 0 green
# found/all 5 96
q 1 2 3 
#c 2 3 green
# found/all 6 96
q 1 3 2 
q 1 4 0 
#c 4 0 green
# found/all 7 96
q 1 1 3 
#c 1 3 green
# found/all 8 96
q 1 2 4 
#c 2 4 green
# found/all 9 96
q 1 3 3 
#c 3 3 green
# found/all 10 96
q 1 4 1 
#c 4 1 green
# found/all 11 96
q 1 5 0 
q 1 0 3 
q 1 1 4 
#c 1 4 green
# found/all 12 96
q 1 2 5 
#c 2 5 green
# found/all 13 96
q 1 3 4 
q 1 4 3 
#c 4 3 green
# found/all 14 96
q 1 4 2 
#c 4 2 green
# found/all 15 96
q 1 5 1 
q 1 0 4 
q 1 1 5 
#c 1 5 green
# found/all 16 96
q 1 2 6 
#c 2 6 green
# found/all 17 96
q 1 3 5 
q 1 4 4 
q 1 5 3 
q 1 5 2 
q 1 0 5 
q 1 1 6 
q 1 2 7 
#c 2 7 green
# found/all 18 96
q 1 3 6 
q 1 1 7 
q 1 2 8 
q 1 3 7 
q 4 0 2 0 3 1 2 1 3 
# SUM >= 2
q 16 0 4 0 5 0 6 0 7 1 4 1 5 1 6 1 7 2 4 2 5 2 6 2 7 3 4 3 5 3 6 3 7 
# SUM >= 2
# SUM >= 2
q 16 0 8 0 9 0 10 0 11 1 8 1 9 1 10 1 11 2 8 2 9 2 10 2 11 3 8 3 9 3 10 3 11 
q 4 0 8 0 9 1 8 1 9 
q 4 0 10 0 11 1 10 1 11 
q 1 0 10 
q 1 0 11 
q 1 1 10 
q 1 1 11 
q 4 2 8 2 9 3 8 3 9 
q 4 2 10 2 11 3 10 3 11 
q 16 0 12 0 13 0 14 0 15 1 12 1 13 1 14 1 15 2 12 2 13 2 14 2 15 3 12 3 13 3 14 3 15 
q 4 0 12 0 13 1 12 1 13 
q 4 0 14 0 15 1 14 1 15 
q 1 0 14 
q 1 0 15 
q 1 1 14 
q 1 1 15 
q 4 2 12 2 13 3 12 3 13 
q 1 2 12 
#c 2 12 green
# searchh
q 1 1 12 
q 1 2 11 
q 1 2 13 
#c 2 13 green
# found/all 20 96
q 1 3 12 
#c 3 12 green
# found/all 22 96
q 1 1 13 
q 1 2 14 
#c 2 14 green
# found/all 23 96
q 1 3 13 
#c 3 13 green
# found/all 26 96
q 1 3 11 
q 1 4 12 
q 1 2 15 
q 1 3 14 
#c 3 14 green
# found/all 28 96
q 1 4 13 
#c 4 13 green
# found/all 31 96
q 1 3 15 
q 1 4 14 
#c 4 14 green
# found/all 33 96
q 1 5 13 
#c 5 13 green
# found/all 35 96
q 1 4 15 
#c 4 15 green
# found/all 36 96
q 1 5 14 
#c 5 14 green
# found/all 37 96
q 1 5 12 
q 1 6 13 
q 1 4 16 
q 1 5 15 
q 1 6 14 
#c 6 14 green
# found/all 38 96
q 1 6 15 
#c 6 15 green
# found/all 39 96
q 1 7 14 
q 1 6 16 
#c 6 16 green
# found/all 40 96
q 1 7 15 
#c 7 15 green
# found/all 41 96
q 1 5 16 
#c 5 16 green
# found/all 42 96
q 1 6 17 
#c 6 17 green
# found/all 43 96
q 1 7 16 
q 1 8 15 
#c 8 15 green
# found/all 44 96
q 1 5 17 
#c 5 17 green
# found/all 46 96
q 1 6 18 
#c 6 18 green
# found/all 47 96
q 1 7 17 
q 1 8 14 
#c 8 14 green
# found/all 48 96
q 1 8 16 
#c 8 16 green
# found/all 49 96
q 1 9 15 
q 1 4 17 
#c 4 17 green
# found/all 50 96
q 1 5 18 
#c 5 18 green
# found/all 51 96
q 1 7 18 
#c 7 18 green
# found/all 52 96
q 1 8 13 
#c 8 13 green
# found/all 53 96
q 1 9 14 
#c 9 14 green
# found/all 54 96
q 1 8 17 
#c 8 17 green
# found/all 55 96
q 1 9 16 
#c 9 16 green
# found/all 57 96
q 1 3 17 
q 1 4 18 
q 1 8 18 
q 1 7 13 
#c 7 13 green
# found/all 58 96
q 1 8 12 
q 1 9 13 
#c 9 13 green
# found/all 59 96
q 1 10 14 
q 1 9 17 
#c 9 17 green
# found/all 60 96
q 1 10 16 
#c 10 16 green
# found/all 61 96
q 1 7 12 
q 1 9 12 
q 1 10 13 
#c 10 13 green
# found/all 62 96
q 1 9 18 
q 1 10 17 
#c 10 17 green
# found/all 63 96
q 1 10 15 
q 1 11 16 
#c 11 16 green
# found/all 64 96
q 1 10 12 
q 1 11 13 
q 1 10 18 
#c 10 18 green
# found/all 65 96
q 1 11 17 
q 1 11 15 
#c 11 15 green
# found/all 66 96
q 1 12 16 
q 1 11 18 
q 1 11 14 
q 1 12 15 
# SUM >= 2
q 12 0 16 0 17 0 18 1 16 1 17 1 18 2 16 2 17 2 18 3 16 3 17 3 18 
q 4 0 16 0 17 1 16 1 17 
q 2 0 18 1 18 
q 4 2 16 2 17 3 16 3 17 
q 2 2 18 3 18 
q 16 4 0 4 1 4 2 4 3 5 0 5 1 5 2 5 3 6 0 6 1 6 2 6 3 7 0 7 1 7 2 7 3 
# SUM >= 2
q 4 6 0 6 1 7 0 7 1 
q 4 6 2 6 3 7 2 7 3 
q 1 6 2 
q 1 6 3 
#c 6 3 green
# searchh
q 1 6 4 
q 1 7 3 
#c 7 3 green
# found/all 68 96
q 1 7 2 
#c 7 2 green
# found/all 69 96
q 1 7 4 
q 1 8 3 
#c 8 3 green
# found/all 70 96
q 1 7 1 
q 1 8 2 
q 1 8 4 
#c 8 4 green
# found/all 71 96
q 1 9 3 
q 1 8 5 
#c 8 5 green
# found/all 72 96
q 1 9 4 
q 1 7 5 
q 1 8 6 
q 1 9 5 
q 16 4 4 4 5 4 6 4 7 5 4 5 5 5 6 5 7 6 4 6 5 6 6 6 7 7 4 7 5 7 6 7 7 
q 4 4 4 4 5 5 4 5 5 
q 4 4 6 4 7 5 6 5 7 
q 4 6 4 6 5 7 4 7 5 
q 4 6 6 6 7 7 6 7 7 
q 16 4 8 4 9 4 10 4 11 5 8 5 9 5 10 5 11 6 8 6 9 6 10 6 11 7 8 7 9 7 10 7 11 
q 4 4 8 4 9 5 8 5 9 
q 4 4 10 4 11 5 10 5 11 
q 4 6 8 6 9 7 8 7 9 
q 4 6 10 6 11 7 10 7 11 
q 16 4 12 4 13 4 14 4 15 5 12 5 13 5 14 5 15 6 12 6 13 6 14 6 15 7 12 7 13 7 14 7 15 
# SUM >= 2
q 4 6 12 6 13 7 12 7 13 
# SUM >= 2
q 12 4 16 4 17 4 18 5 16 5 17 5 18 6 16 6 17 6 18 7 16 7 17 7 18 
# SUM >= 2
# SUM >= 2
q 16 8 0 8 1 8 2 8 3 9 0 9 1 9 2 9 3 10 0 10 1 10 2 10 3 11 0 11 1 11 2 11 3 
q 4 8 0 8 1 9 0 9 1 
q 1 8 0 
q 1 8 1 
#c 8 1 green
# searchh
q 1 9 1 
#c 9 1 green
# found/all 74 96
q 1 9 0 
q 1 9 2 
#c 9 2 green
# found/all 75 96
q 1 10 1 
q 1 10 2 
#c 10 2 green
# found/all 76 96
q 1 10 3 
q 1 11 2 
#c 11 2 green
# found/all 77 96
q 1 11 1 
q 1 11 3 
q 1 12 2 
#c 12 2 green
# found/all 78 96
q 1 12 1 
q 1 12 3 
q 1 13 2 
# SUM >= 2
q 4 10 0 10 1 11 0 11 1 
# SUM >= 2
q 16 8 4 8 5 8 6 8 7 9 4 9 5 9 6 9 7 10 4 10 5 10 6 10 7 11 4 11 5 11 6 11 7 
q 16 8 8 8 9 8 10 8 11 9 8 9 9 9 10 9 11 10 8 10 9 10 10 10 11 11 8 11 9 11 10 11 11 
q 4 8 8 8 9 9 8 9 9 
q 1 8 8 
q 1 8 9 
q 1 9 8 
q 1 9 9 
q 4 8 10 8 11 9 10 9 11 
q 4 10 8 10 9 11 8 11 9 
q 1 10 8 
q 1 10 9 
#c 10 9 green
# searchh
q 1 10 10 
q 1 11 9 
#c 11 9 green
# found/all 80 96
q 1 11 8 
q 1 11 10 
q 1 12 9 
#c 12 9 green
# found/all 81 96
q 1 12 8 
#c 12 8 green
# found/all 82 96
q 1 12 10 
#c 12 10 green
# found/all 83 96
q 1 13 9 
q 1 12 7 
q 1 13 8 
q 1 12 11 
#c 12 11 green
# found/all 84 96
q 1 13 10 
q 1 11 11 
q 1 12 12 
q 1 13 11 
q 4 10 10 10 11 11 10 11 11 
q 16 8 12 8 13 8 14 8 15 9 12 9 13 9 14 9 15 10 12 10 13 10 14 10 15 11 12 11 13 11 14 11 15 
# SUM >= 2
q 4 10 12 10 13 11 12 11 13 
q 4 10 14 10 15 11 14 11 15 
q 12 8 16 8 17 8 18 9 16 9 17 9 18 10 16 10 17 10 18 11 16 11 17 11 18 
# SUM >= 2
# SUM >= 2
q 16 12 0 12 1 12 2 12 3 13 0 13 1 13 2 13 3 14 0 14 1 14 2 14 3 15 0 15 1 15 2 15 3 
q 4 12 0 12 1 13 0 13 1 
q 1 12 0 
q 1 13 0 
q 1 13 1 
q 4 12 2 12 3 13 2 13 3 
q 1 13 3 
q 4 14 0 14 1 15 0 15 1 
q 1 14 0 
q 1 14 1 
q 1 15 0 
q 1 15 1 
q 4 14 2 14 3 15 2 15 3 
q 1 14 2 
q 1 14 3 
q 1 15 2 
q 1 15 3 
q 16 12 4 12 5 12 6 12 7 13 4 13 5 13 6 13 7 14 4 14 5 14 6 14 7 15 4 15 5 15 6 15 7 
q 4 12 4 12 5 13 4 13 5 
q 4 12 6 12 7 13 6 13 7 
q 4 14 4 14 5 15 4 15 5 
q 1 14 4 
#c 14 4 green
# searchh
q 1 13 4 
#c 13 4 green
# found/all 86 96
q 1 14 5 
q 1 15 4 
#c 15 4 green
# found/all 87 96
q 1 12 4 
q 1 13 5 
q 1 15 5 
#c 15 5 green
# found/all 89 96
q 1 16 4 
q 1 15 6 
#c 15 6 green
# found/all 91 96
q 1 16 5 
q 1 14 6 
#c 14 6 green
# found/all 92 96
q 1 15 7 
#c 15 7 green
# found/all 93 96
q 1 16 6 
#c 16 6 green
# found/all 94 96
q 1 13 6 
q 1 14 7 
q 1 15 8 
#c 15 8 green
# found/all 95 96
q 1 16 7 
q 1 17 6 
#c 17 6 green
# found/all 96 96
a 84 1 1 2 1 2 0 2 2 3 0 2 3 4 0 1 3 2 4 3 3 4 1 1 4 2 5 4 3 4 2 1 5 2 6 2 7 2 12 2 13 3 12 2 14 3 13 3 14 4 13 4 14 5 13 4 15 5 14 6 14 6 15 6 16 7 15 5 16 6 17 8 15 5 17 6 18 8 14 8 16 4 17 5 18 7 18 8 13 9 14 8 17 9 16 7 13 9 13 9 17 10 16 10 13 10 17 11 16 10 18 11 15 6 3 7 3 7 2 8 3 8 4 8 5 8 1 9 1 9 2 10 2 11 2 12 2 10 9 11 9 12 9 12 8 12 10 12 11 14 4 13 4 15 4 15 5 15 6 14 6 15 7 16 6 15 8 17 6 
