# [[0, 1], [0, 3], [1, 0], [1, 1], [1, 3], [2, 0], [2, 1], [2, 2], [2, 3], [2, 4]]
# [[0, 2], [1, 0], [1, 1], [1, 2], [2, 0], [2, 1], [2, 2], [2, 3], [3, 0], [3, 3]]
# [[0, 1], [0, 2], [0, 3], [1, 0], [1, 1], [1, 2], [1, 3], [2, 1], [2, 2], [3, 2]]
# [[0, 1], [0, 2], [1, 1], [2, 0], [2, 1], [3, 0], [3, 1], [3, 2], [3, 3], [4, 1]]
# [[0, 1], [0, 3], [0, 4], [1, 1], [1, 2], [1, 3], [2, 1], [3, 0], [3, 1], [4, 1]]
# [[0, 4], [1, 0], [1, 1], [1, 2], [1, 3], [1, 4], [2, 3], [2, 4], [3, 2], [3, 3]]
# [[0, 1], [1, 0], [1, 1], [2, 0], [2, 1], [2, 2], [3, 0], [3, 1], [4, 0], [5, 0]]
# [[0, 1], [1, 0], [1, 1], [1, 2], [2, 1], [2, 2], [2, 3], [3, 2], [3, 3], [4, 3]]
# [[0, 1], [0, 2], [1, 0], [1, 1], [1, 2], [2, 0], [2, 1], [3, 0], [3, 1], [4, 0]]
# [[0, 0], [0, 1], [1, 1], [1, 2], [2, 0], [2, 1], [2, 2], [3, 0], [3, 1], [3, 2]]
# [[0, 1], [1, 1], [2, 0], [2, 1], [3, 0], [3, 1], [3, 2], [3, 3], [4, 2], [5, 2]]
# [[0, 0], [0, 1], [0, 3], [1, 1], [1, 2], [1, 3], [1, 4], [2, 2], [2, 3], [2, 4]]
q 16 0 0 0 1 0 2 0 3 1 0 1 1 1 2 1 3 2 0 2 1 2 2 2 3 3 0 3 1 3 2 3 3 
q 4 0 0 0 1 1 0 1 1 
q 4 0 2 0 3 1 2 1 3 
q 4 2 0 2 1 3 0 3 1 
q 4 2 2 2 3 3 2 3 3 
q 1 2 2 
q 1 2 3 
#c 2 3 green
# searchh
q 1 1 3 
q 1 2 4 
#c 2 4 green
# found/all 2 120
q 1 3 3 
#c 3 3 green
# found/all 3 120
q 1 1 4 
q 1 2 5 
q 1 3 4 
q 1 3 2 
q 1 4 3 
#c 4 3 green
# found/all 4 120
q 1 4 2 
#c 4 2 green
# found/all 5 120
q 1 4 4 
q 1 5 3 
#c 5 3 green
# found/all 7 120
q 1 4 1 
q 1 5 2 
#c 5 2 green
# found/all 9 120
q 1 5 4 
#c 5 4 green
# found/all 10 120
q 1 6 3 
#c 6 3 green
# found/all 13 120
q 1 5 1 
q 1 6 2 
#c 6 2 green
# found/all 14 120
q 1 5 5 
#c 5 5 green
# found/all 15 120
q 1 6 4 
q 1 7 3 
#c 7 3 green
# found/all 16 120
q 1 6 1 
#c 6 1 green
# found/all 17 120
q 1 7 2 
#c 7 2 green
# found/all 18 120
q 1 4 5 
q 1 5 6 
q 1 6 5 
q 1 7 4 
q 1 8 3 
#c 8 3 green
# found/all 19 120
q 1 6 0 
q 1 7 1 
#c 7 1 green
# found/all 20 120
q 1 8 2 
#c 8 2 green
# found/all 22 120
q 1 8 4 
q 1 9 3 
#c 9 3 green
# found/all 23 120
q 1 7 0 
q 1 8 1 
#c 8 1 green
# found/all 24 120
q 1 9 2 
#c 9 2 green
# found/all 25 120
q 1 9 4 
#c 9 4 green
# found/all 26 120
q 1 10 3 
q 1 8 0 
q 1 9 1 
#c 9 1 green
# found/all 27 120
q 1 10 2 
q 1 9 5 
#c 9 5 green
# found/all 28 120
q 1 10 4 
#c 10 4 green
# found/all 29 120
q 1 9 0 
q 1 10 1 
q 1 8 5 
q 1 9 6 
q 1 10 5 
q 1 11 4 
#c 11 4 green
# found/all 30 120
q 1 11 3 
q 1 11 5 
#c 11 5 green
# found/all 31 120
q 1 12 4 
q 1 11 6 
#c 11 6 green
# found/all 33 120
q 1 12 5 
#c 12 5 green
# found/all 34 120
q 1 10 6 
#c 10 6 green
# found/all 36 120
q 1 11 7 
#c 11 7 green
# found/all 38 120
q 1 12 6 
#c 12 6 green
# found/all 40 120
q 1 13 5 
#c 13 5 green
# found/all 42 120
q 1 10 7 
q 1 11 8 
#c 11 8 green
# found/all 44 120
q 1 12 7 
#c 12 7 green
# found/all 46 120
q 1 13 6 
#c 13 6 green
# found/all 48 120
q 1 13 4 
q 1 14 5 
#c 14 5 green
# found/all 49 120
q 1 10 8 
#c 10 8 green
# found/all 50 120
q 1 11 9 
#c 11 9 green
# found/all 51 120
q 1 12 8 
#c 12 8 green
# found/all 52 120
q 1 13 7 
#c 13 7 green
# found/all 53 120
q 1 14 6 
#c 14 6 green
# found/all 54 120
q 1 14 4 
q 1 15 5 
#c 15 5 green
# found/all 55 120
q 1 9 8 
q 1 10 9 
#c 10 9 green
# found/all 57 120
q 1 11 10 
q 1 12 9 
#c 12 9 green
# found/all 58 120
q 1 13 8 
q 1 14 7 
q 1 15 6 
q 1 15 4 
q 1 16 5 
q 1 9 9 
q 1 10 10 
q 1 12 10 
#c 12 10 green
# found/all 59 120
q 1 13 9 
q 1 12 11 
q 1 13 10 
#c 13 10 green
# found/all 60 120
q 1 13 11 
q 1 14 10 
q 16 0 4 0 5 0 6 0 7 1 4 1 5 1 6 1 7 2 4 2 5 2 6 2 7 3 4 3 5 3 6 3 7 
q 4 0 4 0 5 1 4 1 5 
q 4 0 6 0 7 1 6 1 7 
q 1 0 6 
#c 0 6 green
# searchh
q 1 0 5 
#c 0 5 green
# found/all 62 120
q 1 0 7 
q 1 1 6 
#c 1 6 green
# found/all 63 120
q 1 0 4 
q 1 1 5 
q 1 1 7 
#c 1 7 green
# found/all 64 120
q 1 2 6 
q 1 1 8 
#c 1 8 green
# found/all 65 120
q 1 2 7 
#c 2 7 green
# found/all 66 120
q 1 0 8 
#c 0 8 green
# found/all 67 120
q 1 1 9 
#c 1 9 green
# found/all 68 120
q 1 2 8 
#c 2 8 green
# found/all 69 120
q 1 3 7 
q 1 0 9 
q 1 1 10 
q 1 2 9 
#c 2 9 green
# found/all 70 120
q 1 3 8 
q 1 2 10 
q 1 3 9 
q 4 2 4 2 5 3 4 3 5 
q 1 3 5 
q 4 2 6 2 7 3 6 3 7 
q 16 0 8 0 9 0 10 0 11 1 8 1 9 1 10 1 11 2 8 2 9 2 10 2 11 3 8 3 9 3 10 3 11 
# SUM >= 2
# SUM >= 2
q 16 0 12 0 13 0 14 0 15 1 12 1 13 1 14 1 15 2 12 2 13 2 14 2 15 3 12 3 13 3 14 3 15 
q 4 0 12 0 13 1 12 1 13 
q 4 0 14 0 15 1 14 1 15 
q 4 2 12 2 13 3 12 3 13 
q 4 2 14 2 15 3 14 3 15 
q 16 0 16 0 17 0 18 0 19 1 16 1 17 1 18 1 19 2 16 2 17 2 18 2 19 3 16 3 17 3 18 3 19 
q 16 4 0 4 1 4 2 4 3 5 0 5 1 5 2 5 3 6 0 6 1 6 2 6 3 7 0 7 1 7 2 7 3 
q 4 4 0 4 1 5 0 5 1 
# SUM >= 2
# SUM >= 2
q 16 4 4 4 5 4 6 4 7 5 4 5 5 5 6 5 7 6 4 6 5 6 6 6 7 7 4 7 5 7 6 7 7 
# SUM >= 2
q 4 6 4 6 5 7 4 7 5 
q 4 6 6 6 7 7 6 7 7 
q 16 4 8 4 9 4 10 4 11 5 8 5 9 5 10 5 11 6 8 6 9 6 10 6 11 7 8 7 9 7 10 7 11 
q 16 4 12 4 13 4 14 4 15 5 12 5 13 5 14 5 15 6 12 6 13 6 14 6 15 7 12 7 13 7 14 7 15 
q 4 4 12 4 13 5 12 5 13 
q 1 4 12 
q 1 4 13 
q 1 5 12 
#c 5 12 green
# searchh
q 1 5 11 
#c 5 11 green
# found/all 72 120
q 1 5 13 
#c 5 13 green
# found/all 73 120
q 1 6 12 
q 1 4 11 
q 1 5 10 
#c 5 10 green
# found/all 74 120
q 1 6 11 
q 1 5 14 
#c 5 14 green
# found/all 76 120
q 1 6 13 
#c 6 13 green
# found/all 77 120
q 1 4 10 
q 1 5 9 
q 1 6 10 
q 1 4 14 
#c 4 14 green
# found/all 78 120
q 1 5 15 
#c 5 15 green
# found/all 80 120
q 1 6 14 
#c 6 14 green
# found/all 81 120
q 1 7 13 
#c 7 13 green
# found/all 82 120
q 1 3 14 
q 1 4 15 
#c 4 15 green
# found/all 83 120
q 1 5 16 
#c 5 16 green
# found/all 85 120
q 1 6 15 
#c 6 15 green
# found/all 88 120
q 1 7 14 
#c 7 14 green
# found/all 89 120
q 1 7 12 
#c 7 12 green
# found/all 90 120
q 1 8 13 
q 1 3 15 
q 1 4 16 
#c 4 16 green
# found/all 92 120
q 1 5 17 
#c 5 17 green
# found/all 93 120
q 1 6 16 
#c 6 16 green
# found/all 95 120
q 1 7 15 
#c 7 15 green
# found/all 96 120
q 1 8 14 
q 1 7 11 
q 1 8 12 
q 1 3 16 
q 1 4 17 
#c 4 17 green
# found/all 97 120
q 1 5 18 
#c 5 18 green
# found/all 98 120
q 1 6 17 
#c 6 17 green
# found/all 99 120
q 1 7 16 
#c 7 16 green
# found/all 101 120
q 1 8 15 
#c 8 15 green
# found/all 102 120
q 1 3 17 
q 1 4 18 
#c 4 18 green
# found/all 103 120
q 1 5 19 
q 1 6 18 
#c 6 18 green
# found/all 104 120
q 1 7 17 
q 1 8 16 
#c 8 16 green
# found/all 105 120
q 1 9 15 
q 1 3 18 
q 1 4 19 
q 1 6 19 
#c 6 19 green
# found/all 106 120
q 1 7 18 
q 1 8 17 
#c 8 17 green
# found/all 107 120
q 1 9 16 
#c 9 16 green
# found/all 108 120
q 1 7 19 
q 1 8 18 
q 1 9 17 
#c 9 17 green
# found/all 109 120
q 1 10 16 
q 1 9 18 
q 1 10 17 
#c 10 17 green
# found/all 110 120
q 1 10 18 
q 1 11 17 
# SUM >= 2
# SUM >= 2
q 16 4 16 4 17 4 18 4 19 5 16 5 17 5 18 5 19 6 16 6 17 6 18 6 19 7 16 7 17 7 18 7 19 
# SUM >= 2
# SUM >= 2
q 16 8 0 8 1 8 2 8 3 9 0 9 1 9 2 9 3 10 0 10 1 10 2 10 3 11 0 11 1 11 2 11 3 
# SUM >= 2
q 4 10 0 10 1 11 0 11 1 
q 4 10 2 10 3 11 2 11 3 
q 16 8 4 8 5 8 6 8 7 9 4 9 5 9 6 9 7 10 4 10 5 10 6 10 7 11 4 11 5 11 6 11 7 
# SUM >= 2
# SUM >= 2
q 16 8 8 8 9 8 10 8 11 9 8 9 9 9 10 9 11 10 8 10 9 10 10 10 11 11 8 11 9 11 10 11 11 
q 4 8 8 8 9 9 8 9 9 
q 4 8 10 8 11 9 10 9 11 
# SUM >= 2
q 16 8 12 8 13 8 14 8 15 9 12 9 13 9 14 9 15 10 12 10 13 10 14 10 15 11 12 11 13 11 14 11 15 
q 4 8 12 8 13 9 12 9 13 
q 4 8 14 8 15 9 14 9 15 
q 4 10 12 10 13 11 12 11 13 
q 4 10 14 10 15 11 14 11 15 
q 16 8 16 8 17 8 18 8 19 9 16 9 17 9 18 9 19 10 16 10 17 10 18 10 19 11 16 11 17 11 18 11 19 
# SUM >= 2
q 4 10 16 10 17 11 16 11 17 
q 4 10 18 10 19 11 18 11 19 
q 16 12 0 12 1 12 2 12 3 13 0 13 1 13 2 13 3 14 0 14 1 14 2 14 3 15 0 15 1 15 2 15 3 
q 4 12 0 12 1 13 0 13 1 
q 4 12 2 12 3 13 2 13 3 
q 4 14 0 14 1 15 0 15 1 
q 1 14 0 
#c 14 0 green
# searchh
q 1 13 0 
q 1 14 1 
#c 14 1 green
# found/all 112 120
q 1 15 0 
q 1 13 1 
q 1 14 2 
q 1 15 1 
#c 15 1 green
# found/all 113 120
q 1 15 2 
#c 15 2 green
# found/all 114 120
q 1 16 1 
#c 16 1 green
# found/all 115 120
q 1 15 3 
q 1 16 2 
#c 16 2 green
# found/all 116 120
q 1 16 0 
#c 16 0 green
# found/all 117 120
q 1 17 1 
#c 17 1 green
# found/all 118 120
q 1 16 3 
q 1 17 2 
#c 17 2 green
# found/all 119 120
q 1 17 0 
#c 17 0 green
# found/all 120 120
a 98 2 3 2 4 3 3 4 3 4 2 5 3 5 2 5 4 6 3 6 2 5 5 7 3 6 1 7 2 8 3 7 1 8 2 9 3 8 1 9 2 9 4 9 1 9 5 10 4 11 4 11 5 11 6 12 5 10 6 11 7 12 6 13 5 11 8 12 7 13 6 14 5 10 8 11 9 12 8 13 7 14 6 15 5 10 9 12 9 12 10 13 10 0 6 0 5 1 6 1 7 1 8 2 7 0 8 1 9 2 8 2 9 5 12 5 11 5 13 5 10 5 14 6 13 4 14 5 15 6 14 7 13 4 15 5 16 6 15 7 14 7 12 4 16 5 17 6 16 7 15 4 17 5 18 6 17 7 16 8 15 4 18 6 18 8 16 6 19 8 17 9 16 9 17 10 17 14 0 14 1 15 1 15 2 16 1 16 2 16 0 17 1 17 2 17 0 
