# [[0, 0], [0, 1], [1, 1], [2, 1], [2, 2], [3, 1]]
# [[0, 2], [1, 0], [1, 1], [1, 2], [2, 2], [2, 3]]
# [[0, 1], [1, 0], [1, 1], [1, 2], [1, 3], [2, 3]]
# [[0, 0], [0, 1], [1, 0], [1, 1], [1, 2], [2, 0]]
# [[0, 0], [0, 2], [1, 0], [1, 1], [1, 2], [2, 1]]
# [[0, 0], [1, 0], [1, 1], [1, 2], [2, 2], [2, 3]]
# [[0, 0], [0, 1], [0, 2], [1, 2], [2, 1], [2, 2]]
# [[0, 1], [1, 1], [1, 2], [1, 3], [2, 0], [2, 1]]
# [[0, 0], [0, 1], [0, 2], [1, 1], [1, 2], [1, 3]]
# [[0, 0], [0, 1], [1, 0], [1, 1], [1, 2], [2, 1]]
# [[0, 0], [0, 1], [1, 0], [1, 1], [1, 2], [2, 0]]
q 16 0 0 0 1 0 2 0 3 1 0 1 1 1 2 1 3 2 0 2 1 2 2 2 3 3 0 3 1 3 2 3 3 
q 16 0 4 0 5 0 6 0 7 1 4 1 5 1 6 1 7 2 4 2 5 2 6 2 7 3 4 3 5 3 6 3 7 
q 4 0 4 0 5 1 4 1 5 
q 1 0 4 
#c 0 4 green
# searchh
q 1 0 3 
#c 0 3 green
# found/all 2 66
q 1 0 5 
q 1 1 4 
#c 1 4 green
# found/all 4 66
q 1 0 2 
q 1 1 3 
#c 1 3 green
# found/all 5 66
q 1 1 5 
#c 1 5 green
# found/all 7 66
q 1 2 4 
q 1 1 2 
q 1 2 3 
#c 2 3 green
# found/all 8 66
q 1 1 6 
q 1 2 5 
#c 2 5 green
# found/all 10 66
q 1 2 2 
q 1 3 3 
q 1 2 6 
q 1 3 5 
#c 3 5 green
# found/all 12 66
q 1 3 4 
#c 3 4 green
# found/all 13 66
q 1 3 6 
#c 3 6 green
# found/all 15 66
q 1 4 5 
#c 4 5 green
# found/all 16 66
q 1 4 4 
q 1 3 7 
#c 3 7 green
# found/all 17 66
q 1 4 6 
q 1 5 5 
q 1 2 7 
q 1 3 8 
q 1 4 7 
#c 4 7 green
# found/all 18 66
q 1 4 8 
q 1 5 7 
q 4 0 6 0 7 1 6 1 7 
# SUM >= 2
q 16 0 8 0 9 0 10 0 11 1 8 1 9 1 10 1 11 2 8 2 9 2 10 2 11 3 8 3 9 3 10 3 11 
q 4 0 8 0 9 1 8 1 9 
q 4 0 10 0 11 1 10 1 11 
q 4 2 8 2 9 3 8 3 9 
q 4 2 10 2 11 3 10 3 11 
q 16 0 12 0 13 0 14 0 15 1 12 1 13 1 14 1 15 2 12 2 13 2 14 2 15 3 12 3 13 3 14 3 15 
q 4 0 12 0 13 1 12 1 13 
q 4 0 14 0 15 1 14 1 15 
q 4 2 12 2 13 3 12 3 13 
q 1 2 12 
q 1 2 13 
q 1 3 12 
q 1 3 13 
q 4 2 14 2 15 3 14 3 15 
q 1 2 14 
q 1 2 15 
q 1 3 14 
q 1 3 15 
q 16 4 0 4 1 4 2 4 3 5 0 5 1 5 2 5 3 6 0 6 1 6 2 6 3 7 0 7 1 7 2 7 3 
q 4 4 0 4 1 5 0 5 1 
q 1 4 0 
q 1 4 1 
q 1 5 0 
#c 5 0 green
# searchh
q 1 5 1 
#c 5 1 green
# found/all 20 66
q 1 6 0 
#c 6 0 green
# found/all 21 66
q 1 5 2 
q 1 6 1 
#c 6 1 green
# found/all 22 66
q 1 7 0 
q 1 6 2 
#c 6 2 green
# found/all 24 66
q 1 7 1 
#c 7 1 green
# found/all 25 66
q 1 6 3 
q 1 7 2 
#c 7 2 green
# found/all 26 66
q 1 8 1 
#c 8 1 green
# found/all 27 66
q 1 7 3 
#c 7 3 green
# found/all 28 66
q 1 8 2 
#c 8 2 green
# found/all 29 66
q 1 8 0 
q 1 9 1 
q 1 7 4 
#c 7 4 green
# found/all 30 66
q 1 8 3 
q 1 9 2 
q 1 6 4 
q 1 7 5 
q 1 8 4 
q 4 4 2 4 3 5 2 5 3 
q 1 4 2 
q 1 4 3 
q 1 5 3 
# SUM >= 2
q 16 4 4 4 5 4 6 4 7 5 4 5 5 5 6 5 7 6 4 6 5 6 6 6 7 7 4 7 5 7 6 7 7 
q 4 4 4 4 5 5 4 5 5 
q 4 4 6 4 7 5 6 5 7 
q 4 6 4 6 5 7 4 7 5 
q 4 6 6 6 7 7 6 7 7 
q 1 6 6 
q 1 6 7 
q 1 7 6 
q 1 7 7 
q 16 4 8 4 9 4 10 4 11 5 8 5 9 5 10 5 11 6 8 6 9 6 10 6 11 7 8 7 9 7 10 7 11 
q 4 4 8 4 9 5 8 5 9 
q 1 4 9 
q 1 5 8 
q 1 5 9 
q 4 4 10 4 11 5 10 5 11 
q 1 4 10 
#c 4 10 green
# searchh
q 1 3 10 
q 1 4 11 
#c 4 11 green
# found/all 32 66
q 1 5 10 
q 1 3 11 
q 1 4 12 
#c 4 12 green
# found/all 33 66
q 1 5 11 
#c 5 11 green
# found/all 34 66
q 1 4 13 
q 1 5 12 
#c 5 12 green
# found/all 36 66
q 1 6 11 
q 1 5 13 
#c 5 13 green
# found/all 38 66
q 1 6 12 
q 1 5 14 
#c 5 14 green
# found/all 39 66
q 1 6 13 
q 1 4 14 
q 1 5 15 
q 1 6 14 
#c 6 14 green
# found/all 40 66
q 1 6 15 
q 1 7 14 
#c 7 14 green
# found/all 41 66
q 1 7 13 
#c 7 13 green
# found/all 42 66
q 1 7 15 
q 1 8 14 
q 1 7 12 
q 1 8 13 
q 4 6 8 6 9 7 8 7 9 
q 4 6 10 6 11 7 10 7 11 
q 16 4 12 4 13 4 14 4 15 5 12 5 13 5 14 5 15 6 12 6 13 6 14 6 15 7 12 7 13 7 14 7 15 
# SUM >= 2
q 4 6 12 6 13 7 12 7 13 
# SUM >= 2
q 16 8 0 8 1 8 2 8 3 9 0 9 1 9 2 9 3 10 0 10 1 10 2 10 3 11 0 11 1 11 2 11 3 
q 4 8 0 8 1 9 0 9 1 
q 4 8 2 8 3 9 2 9 3 
q 4 10 0 10 1 11 0 11 1 
q 4 10 2 10 3 11 2 11 3 
q 16 8 4 8 5 8 6 8 7 9 4 9 5 9 6 9 7 10 4 10 5 10 6 10 7 11 4 11 5 11 6 11 7 
q 4 8 4 8 5 9 4 9 5 
q 1 8 5 
q 1 9 4 
q 1 9 5 
q 4 8 6 8 7 9 6 9 7 
q 4 10 4 10 5 11 4 11 5 
q 4 10 6 10 7 11 6 11 7 
q 1 10 6 
q 1 10 7 
#c 10 7 green
# searchh
q 1 9 7 
q 1 10 8 
#c 10 8 green
# found/all 45 66
q 1 11 7 
#c 11 7 green
# found/all 47 66
q 1 9 8 
#c 9 8 green
# found/all 48 66
q 1 10 9 
#c 10 9 green
# found/all 49 66
q 1 11 8 
#c 11 8 green
# found/all 50 66
q 1 11 6 
#c 11 6 green
# found/all 52 66
q 1 12 7 
q 1 8 8 
#c 8 8 green
# found/all 53 66
q 1 9 9 
#c 9 9 green
# found/all 54 66
q 1 10 10 
q 1 11 9 
#c 11 9 green
# found/all 55 66
q 1 12 8 
#c 12 8 green
# found/all 56 66
q 1 11 5 
#c 11 5 green
# found/all 57 66
q 1 12 6 
#c 12 6 green
# found/all 58 66
q 1 7 8 
q 1 8 7 
q 1 8 9 
#c 8 9 green
# found/all 59 66
q 1 9 10 
#c 9 10 green
# found/all 60 66
q 1 11 10 
#c 11 10 green
# found/all 61 66
q 1 12 9 
#c 12 9 green
# found/all 62 66
q 1 13 8 
q 1 10 5 
#c 10 5 green
# found/all 63 66
q 1 11 4 
q 1 12 5 
q 1 13 6 
q 1 7 9 
q 1 8 10 
q 1 9 11 
q 1 11 11 
#c 11 11 green
# found/all 64 66
q 1 12 10 
q 1 13 9 
q 1 10 4 
q 1 10 11 
q 1 11 12 
q 1 12 11 
#c 12 11 green
# found/all 65 66
q 1 12 12 
#c 12 12 green
# found/all 66 66
a 55 0 4 0 3 1 4 1 3 1 5 2 3 2 5 3 5 3 4 3 6 4 5 3 7 4 7 5 0 5 1 6 0 6 1 6 2 7 1 7 2 8 1 7 3 8 2 7 4 4 10 4 11 4 12 5 11 5 12 5 13 5 14 6 14 7 14 7 13 10 7 10 8 11 7 9 8 10 9 11 8 11 6 8 8 9 9 11 9 12 8 11 5 12 6 8 9 9 10 11 10 12 9 10 5 11 11 12 11 12 12 
