# [[0, 0], [1, 0], [2, 0], [2, 1], [2, 2], [2, 3], [3, 1]]
# [[0, 0], [0, 1], [1, 1], [1, 2], [2, 1], [2, 2], [3, 2]]
# [[0, 0], [0, 1], [0, 2], [1, 0], [1, 1], [1, 2], [2, 1]]
# [[0, 3], [1, 2], [1, 3], [2, 0], [2, 1], [2, 2], [3, 1]]
# [[0, 0], [0, 1], [0, 3], [1, 1], [1, 2], [1, 3], [1, 4]]
# [[0, 0], [0, 1], [0, 2], [0, 3], [0, 4], [1, 2], [1, 4]]
# [[0, 1], [1, 1], [1, 2], [1, 3], [1, 4], [2, 0], [2, 1]]
# [[0, 3], [1, 0], [1, 1], [1, 2], [1, 3], [1, 4], [2, 3]]
# [[0, 1], [0, 2], [1, 0], [1, 1], [1, 2], [2, 0], [2, 2]]
# [[0, 2], [1, 2], [2, 1], [2, 2], [3, 0], [3, 1], [4, 1]]
# [[0, 1], [1, 0], [1, 1], [2, 0], [2, 1], [3, 1], [4, 1]]
# [[0, 1], [1, 0], [1, 1], [2, 1], [3, 1], [4, 1], [5, 1]]
q 16 0 0 0 1 0 2 0 3 1 0 1 1 1 2 1 3 2 0 2 1 2 2 2 3 3 0 3 1 3 2 3 3 
q 4 0 0 0 1 1 0 1 1 
q 4 0 2 0 3 1 2 1 3 
q 4 2 0 2 1 3 0 3 1 
q 4 2 2 2 3 3 2 3 3 
q 16 0 4 0 5 0 6 0 7 1 4 1 5 1 6 1 7 2 4 2 5 2 6 2 7 3 4 3 5 3 6 3 7 
q 4 0 4 0 5 1 4 1 5 
q 4 0 6 0 7 1 6 1 7 
q 4 2 4 2 5 3 4 3 5 
q 4 2 6 2 7 3 6 3 7 
q 16 0 8 0 9 0 10 0 11 1 8 1 9 1 10 1 11 2 8 2 9 2 10 2 11 3 8 3 9 3 10 3 11 
q 4 0 8 0 9 1 8 1 9 
q 4 0 10 0 11 1 10 1 11 
q 4 2 8 2 9 3 8 3 9 
q 4 2 10 2 11 3 10 3 11 
q 16 0 12 0 13 0 14 0 15 1 12 1 13 1 14 1 15 2 12 2 13 2 14 2 15 3 12 3 13 3 14 3 15 
q 4 0 12 0 13 1 12 1 13 
q 4 0 14 0 15 1 14 1 15 
q 1 0 14 
q 1 0 15 
q 1 1 14 
#c 1 14 green
# searchh
q 1 1 13 
q 1 1 15 
#c 1 15 green
# found/all 3 84
q 1 2 14 
#c 2 14 green
# found/all 6 84
q 1 1 16 
#c 1 16 green
# found/all 7 84
q 1 2 15 
#c 2 15 green
# found/all 11 84
q 1 2 13 
#c 2 13 green
# found/all 13 84
q 1 3 14 
#c 3 14 green
# found/all 17 84
q 1 0 16 
#c 0 16 green
# found/all 18 84
q 1 1 17 
q 1 2 16 
#c 2 16 green
# found/all 20 84
q 1 3 15 
#c 3 15 green
# found/all 24 84
q 1 2 12 
#c 2 12 green
# found/all 25 84
q 1 3 13 
#c 3 13 green
# found/all 29 84
q 1 4 14 
#c 4 14 green
# found/all 30 84
q 1 0 17 
q 1 2 17 
#c 2 17 green
# found/all 31 84
q 1 3 16 
q 1 4 15 
#c 4 15 green
# found/all 33 84
q 1 1 12 
q 1 2 11 
q 1 3 12 
#c 3 12 green
# found/all 35 84
q 1 4 13 
#c 4 13 green
# found/all 36 84
q 1 5 14 
q 1 3 17 
q 1 4 16 
q 1 5 15 
q 1 3 11 
#c 3 11 green
# found/all 38 84
q 1 4 12 
#c 4 12 green
# found/all 39 84
q 1 5 13 
q 1 3 10 
q 1 4 11 
#c 4 11 green
# found/all 40 84
q 1 5 12 
#c 5 12 green
# found/all 41 84
q 1 4 10 
q 1 5 11 
q 1 6 12 
#c 6 12 green
# found/all 43 84
q 1 6 11 
#c 6 11 green
# found/all 44 84
q 1 6 13 
q 1 7 12 
q 1 6 10 
#c 6 10 green
# found/all 45 84
q 1 7 11 
q 1 5 10 
q 1 6 9 
#c 6 9 green
# found/all 46 84
q 1 7 10 
#c 7 10 green
# found/all 47 84
q 1 5 9 
#c 5 9 green
# found/all 48 84
q 1 6 8 
q 1 7 9 
q 1 8 10 
q 1 4 9 
#c 4 9 green
# found/all 49 84
q 1 5 8 
q 1 3 9 
q 1 4 8 
# SUM >= 2
q 8 0 16 0 17 1 16 1 17 2 16 2 17 3 16 3 17 
# SUM >= 2
# SUM >= 2
q 16 4 0 4 1 4 2 4 3 5 0 5 1 5 2 5 3 6 0 6 1 6 2 6 3 7 0 7 1 7 2 7 3 
q 16 4 4 4 5 4 6 4 7 5 4 5 5 5 6 5 7 6 4 6 5 6 6 6 7 7 4 7 5 7 6 7 7 
q 16 4 8 4 9 4 10 4 11 5 8 5 9 5 10 5 11 6 8 6 9 6 10 6 11 7 8 7 9 7 10 7 11 
# SUM >= 2
q 4 6 8 6 9 7 8 7 9 
# SUM >= 2
q 16 4 12 4 13 4 14 4 15 5 12 5 13 5 14 5 15 6 12 6 13 6 14 6 15 7 12 7 13 7 14 7 15 
# SUM >= 2
q 4 6 12 6 13 7 12 7 13 
q 1 7 13 
q 4 6 14 6 15 7 14 7 15 
q 1 6 14 
q 1 6 15 
q 1 7 14 
#c 7 14 green
# searchh
q 1 7 15 
#c 7 15 green
# found/all 52 84
q 1 8 14 
#c 8 14 green
# found/all 53 84
q 1 7 16 
q 1 8 15 
#c 8 15 green
# found/all 54 84
q 1 8 13 
#c 8 13 green
# found/all 55 84
q 1 9 14 
#c 9 14 green
# found/all 56 84
q 1 8 16 
#c 8 16 green
# found/all 57 84
q 1 9 15 
#c 9 15 green
# found/all 58 84
q 1 8 12 
q 1 9 13 
q 1 10 14 
#c 10 14 green
# found/all 60 84
q 1 8 17 
q 1 9 16 
#c 9 16 green
# found/all 61 84
q 1 10 15 
q 1 10 13 
q 1 11 14 
#c 11 14 green
# found/all 63 84
q 1 9 17 
q 1 10 16 
#c 10 16 green
# found/all 64 84
q 1 11 13 
#c 11 13 green
# found/all 65 84
q 1 11 15 
#c 11 15 green
# found/all 66 84
q 1 12 14 
#c 12 14 green
# found/all 68 84
q 1 10 17 
q 1 11 16 
q 1 11 12 
#c 11 12 green
# found/all 69 84
q 1 12 13 
q 1 12 15 
q 1 13 14 
q 1 10 12 
#c 10 12 green
# found/all 70 84
q 1 11 11 
#c 11 11 green
# found/all 72 84
q 1 12 12 
q 1 9 12 
#c 9 12 green
# found/all 73 84
q 1 10 11 
#c 10 11 green
# found/all 74 84
q 1 11 10 
#c 11 10 green
# found/all 75 84
q 1 12 11 
q 1 9 11 
q 1 10 10 
q 1 11 9 
#c 11 9 green
# found/all 76 84
q 1 12 10 
#c 12 10 green
# found/all 77 84
q 1 10 9 
q 1 11 8 
q 1 12 9 
q 1 13 10 
q 8 4 16 4 17 5 16 5 17 6 16 6 17 7 16 7 17 
q 16 8 0 8 1 8 2 8 3 9 0 9 1 9 2 9 3 10 0 10 1 10 2 10 3 11 0 11 1 11 2 11 3 
q 4 8 0 8 1 9 0 9 1 
q 4 8 2 8 3 9 2 9 3 
q 4 10 0 10 1 11 0 11 1 
q 4 10 2 10 3 11 2 11 3 
q 1 10 2 
q 1 10 3 
q 1 11 2 
q 1 11 3 
q 16 8 4 8 5 8 6 8 7 9 4 9 5 9 6 9 7 10 4 10 5 10 6 10 7 11 4 11 5 11 6 11 7 
q 4 8 4 8 5 9 4 9 5 
q 4 8 6 8 7 9 6 9 7 
q 4 10 4 10 5 11 4 11 5 
q 4 10 6 10 7 11 6 11 7 
q 16 8 8 8 9 8 10 8 11 9 8 9 9 9 10 9 11 10 8 10 9 10 10 10 11 11 8 11 9 11 10 11 11 
q 4 8 8 8 9 9 8 9 9 
q 1 8 8 
q 1 8 9 
q 1 9 8 
q 1 9 9 
q 4 8 10 8 11 9 10 9 11 
q 4 10 8 10 9 11 8 11 9 
# SUM >= 2
q 16 8 12 8 13 8 14 8 15 9 12 9 13 9 14 9 15 10 12 10 13 10 14 10 15 11 12 11 13 11 14 11 15 
# SUM >= 2
# SUM >= 2
q 8 8 16 8 17 9 16 9 17 10 16 10 17 11 16 11 17 
# SUM >= 2
q 4 10 16 10 17 11 16 11 17 
q 16 12 0 12 1 12 2 12 3 13 0 13 1 13 2 13 3 14 0 14 1 14 2 14 3 15 0 15 1 15 2 15 3 
q 4 12 0 12 1 13 0 13 1 
q 1 12 0 
q 1 12 1 
q 1 13 0 
q 1 13 1 
q 4 12 2 12 3 13 2 13 3 
q 4 14 0 14 1 15 0 15 1 
q 1 14 0 
q 1 14 1 
q 1 15 0 
q 1 15 1 
q 4 14 2 14 3 15 2 15 3 
q 1 14 2 
q 1 14 3 
q 1 15 2 
q 1 15 3 
q 16 12 4 12 5 12 6 12 7 13 4 13 5 13 6 13 7 14 4 14 5 14 6 14 7 15 4 15 5 15 6 15 7 
q 4 12 4 12 5 13 4 13 5 
q 1 12 4 
q 1 12 5 
q 1 13 4 
#c 13 4 green
# searchh
q 1 13 3 
q 1 13 5 
#c 13 5 green
# found/all 79 84
q 1 14 4 
q 1 13 6 
q 1 14 5 
#c 14 5 green
# found/all 80 84
q 1 14 6 
#c 14 6 green
# found/all 81 84
q 1 15 5 
q 1 14 7 
#c 14 7 green
# found/all 82 84
q 1 15 6 
q 1 13 7 
#c 13 7 green
# found/all 83 84
q 1 14 8 
#c 14 8 green
# found/all 84 84
a 58 1 14 1 15 2 14 1 16 2 15 2 13 3 14 0 16 2 16 3 15 2 12 3 13 4 14 2 17 4 15 3 12 4 13 3 11 4 12 4 11 5 12 6 12 6 11 6 10 6 9 7 10 5 9 4 9 7 14 7 15 8 14 8 15 8 13 9 14 8 16 9 15 10 14 9 16 11 14 10 16 11 13 11 15 12 14 11 12 10 12 11 11 9 12 10 11 11 10 11 9 12 10 13 4 13 5 14 5 14 6 14 7 13 7 14 8 
