# [[0, 0], [0, 1], [0, 3], [1, 1], [1, 2], [1, 3], [1, 4], [2, 1]]
# [[0, 2], [1, 0], [1, 1], [1, 2], [2, 1], [2, 2], [3, 1], [3, 2], [4, 2], [5, 2], [5, 3], [6, 2]]
# [[0, 1], [1, 0], [1, 1], [1, 2], [2, 1], [2, 2], [2, 3], [3, 0], [3, 1], [3, 3]]
# [[0, 1], [0, 3], [1, 0], [1, 1], [1, 2], [1, 3], [2, 1], [2, 2], [2, 3], [3, 0], [3, 1]]
# [[0, 1], [0, 2], [0, 3], [0, 4], [1, 0], [1, 1], [1, 3]]
# [[0, 1], [1, 0], [1, 1], [1, 2], [2, 1], [3, 1]]
# [[0, 3], [0, 4], [1, 4], [2, 2], [2, 3], [2, 4], [2, 5], [3, 1], [3, 2], [3, 3], [4, 0], [4, 1]]
# [[0, 1], [0, 2], [1, 2], [2, 1], [2, 2], [2, 3], [3, 0], [3, 1], [3, 2]]
# [[0, 1], [1, 0], [1, 1], [2, 0], [2, 1], [2, 2], [3, 1]]
# [[0, 2], [1, 2], [1, 3], [2, 0], [2, 1], [2, 2], [2, 3], [2, 4], [3, 2]]
# [[0, 3], [1, 3], [1, 4], [2, 0], [2, 1], [2, 2], [2, 3], [3, 2]]
# [[0, 0], [0, 1], [0, 2], [1, 0], [1, 1]]
# [[0, 0], [1, 0], [1, 1], [1, 2], [2, 0], [3, 0]]
# [[0, 0], [1, 0], [1, 2], [2, 0], [2, 1], [2, 2], [3, 0]]
q 16 0 0 0 1 0 2 0 3 1 0 1 1 1 2 1 3 2 0 2 1 2 2 2 3 3 0 3 1 3 2 3 3 
q 4 0 0 0 1 1 0 1 1 
q 4 0 2 0 3 1 2 1 3 
q 1 0 2 
q 1 0 3 
q 1 1 2 
q 1 1 3 
q 4 2 0 2 1 3 0 3 1 
q 4 2 2 2 3 3 2 3 3 
q 16 0 4 0 5 0 6 0 7 1 4 1 5 1 6 1 7 2 4 2 5 2 6 2 7 3 4 3 5 3 6 3 7 
q 4 0 4 0 5 1 4 1 5 
q 1 0 4 
q 1 0 5 
q 1 1 4 
q 1 1 5 
q 4 0 6 0 7 1 6 1 7 
q 4 2 4 2 5 3 4 3 5 
q 4 2 6 2 7 3 6 3 7 
q 16 0 8 0 9 0 10 0 11 1 8 1 9 1 10 1 11 2 8 2 9 2 10 2 11 3 8 3 9 3 10 3 11 
q 4 0 8 0 9 1 8 1 9 
q 4 0 10 0 11 1 10 1 11 
q 4 2 8 2 9 3 8 3 9 
q 4 2 10 2 11 3 10 3 11 
q 16 0 12 0 13 0 14 0 15 1 12 1 13 1 14 1 15 2 12 2 13 2 14 2 15 3 12 3 13 3 14 3 15 
q 4 0 12 0 13 1 12 1 13 
q 4 0 14 0 15 1 14 1 15 
q 1 0 14 
#c 0 14 green
# searchh
q 1 0 13 
q 1 0 15 
q 1 1 14 
#c 1 14 green
# found/all 2 117
q 1 1 13 
#c 1 13 green
# found/all 3 117
q 1 1 15 
#c 1 15 green
# found/all 4 117
q 1 2 14 
#c 2 14 green
# found/all 5 117
q 1 1 12 
q 1 2 13 
q 1 1 16 
q 1 2 15 
q 1 3 14 
#c 3 14 green
# found/all 6 117
q 1 3 13 
#c 3 13 green
# found/all 7 117
q 1 3 15 
q 1 4 14 
q 1 3 12 
q 1 4 13 
#c 4 13 green
# found/all 8 117
q 1 4 12 
#c 4 12 green
# found/all 9 117
q 1 5 13 
#c 5 13 green
# found/all 10 117
q 1 4 11 
#c 4 11 green
# found/all 11 117
q 1 5 12 
#c 5 12 green
# found/all 12 117
q 1 5 14 
#c 5 14 green
# found/all 13 117
q 1 6 13 
q 1 3 11 
#c 3 11 green
# found/all 14 117
q 1 4 10 
#c 4 10 green
# found/all 15 117
q 1 5 11 
#c 5 11 green
# found/all 16 117
q 1 6 12 
q 1 5 15 
q 1 6 14 
#c 6 14 green
# found/all 17 117
q 1 2 11 
q 1 3 10 
q 1 4 9 
q 1 5 10 
q 1 6 11 
#c 6 11 green
# found/all 18 117
q 1 6 15 
#c 6 15 green
# found/all 19 117
q 1 7 14 
#c 7 14 green
# found/all 20 117
q 1 6 10 
#c 6 10 green
# found/all 22 117
q 1 7 11 
q 1 6 16 
q 1 7 15 
#c 7 15 green
# found/all 23 117
q 1 7 13 
#c 7 13 green
# found/all 24 117
q 1 8 14 
#c 8 14 green
# found/all 26 117
q 1 6 9 
#c 6 9 green
# found/all 27 117
q 1 7 10 
q 1 7 16 
#c 7 16 green
# found/all 28 117
q 1 8 15 
q 1 7 12 
#c 7 12 green
# found/all 30 117
q 1 8 13 
#c 8 13 green
# found/all 31 117
q 1 9 14 
q 1 5 9 
q 1 6 8 
#c 6 8 green
# found/all 32 117
q 1 7 9 
#c 7 9 green
# found/all 33 117
q 1 7 17 
q 1 8 16 
q 1 8 12 
#c 8 12 green
# found/all 34 117
q 1 9 13 
q 1 5 8 
q 1 6 7 
q 1 7 8 
#c 7 8 green
# found/all 35 117
q 1 8 9 
q 1 8 11 
q 1 9 12 
#c 9 12 green
# found/all 36 117
q 1 7 7 
q 1 8 8 
q 1 9 11 
q 1 10 12 
#c 10 12 green
# found/all 37 117
q 1 10 11 
q 1 10 13 
q 1 11 12 
q 4 2 12 2 13 3 12 3 13 
q 1 2 12 
# SUM >= 2
q 16 0 16 0 17 0 18 0 19 1 16 1 17 1 18 1 19 2 16 2 17 2 18 2 19 3 16 3 17 3 18 3 19 
q 16 4 0 4 1 4 2 4 3 5 0 5 1 5 2 5 3 6 0 6 1 6 2 6 3 7 0 7 1 7 2 7 3 
q 4 4 0 4 1 5 0 5 1 
q 1 4 0 
q 1 4 1 
#c 4 1 green
# searchh
q 1 3 1 
q 1 4 2 
#c 4 2 green
# found/all 39 117
q 1 5 1 
#c 5 1 green
# found/all 40 117
q 1 3 2 
q 1 4 3 
#c 4 3 green
# found/all 41 117
q 1 5 2 
q 1 5 0 
#c 5 0 green
# found/all 42 117
q 1 6 1 
q 1 3 3 
q 1 4 4 
#c 4 4 green
# found/all 43 117
q 1 5 3 
#c 5 3 green
# found/all 44 117
q 1 6 0 
q 1 3 4 
q 1 4 5 
q 1 5 4 
q 1 6 3 
# SUM >= 2
q 4 6 0 6 1 7 0 7 1 
q 4 6 2 6 3 7 2 7 3 
q 16 4 4 4 5 4 6 4 7 5 4 5 5 5 6 5 7 6 4 6 5 6 6 6 7 7 4 7 5 7 6 7 7 
q 4 4 4 4 5 5 4 5 5 
q 4 4 6 4 7 5 6 5 7 
q 4 6 4 6 5 7 4 7 5 
q 1 6 4 
q 1 6 5 
q 1 7 4 
q 1 7 5 
q 4 6 6 6 7 7 6 7 7 
q 16 4 8 4 9 4 10 4 11 5 8 5 9 5 10 5 11 6 8 6 9 6 10 6 11 7 8 7 9 7 10 7 11 
q 4 4 8 4 9 5 8 5 9 
# SUM >= 2
# SUM >= 2
q 16 4 12 4 13 4 14 4 15 5 12 5 13 5 14 5 15 6 12 6 13 6 14 6 15 7 12 7 13 7 14 7 15 
# SUM >= 2
# SUM >= 2
q 16 4 16 4 17 4 18 4 19 5 16 5 17 5 18 5 19 6 16 6 17 6 18 6 19 7 16 7 17 7 18 7 19 
q 4 4 16 4 17 5 16 5 17 
q 4 4 18 4 19 5 18 5 19 
q 4 6 16 6 17 7 16 7 17 
q 4 6 18 6 19 7 18 7 19 
q 16 8 0 8 1 8 2 8 3 9 0 9 1 9 2 9 3 10 0 10 1 10 2 10 3 11 0 11 1 11 2 11 3 
q 4 8 0 8 1 9 0 9 1 
q 4 8 2 8 3 9 2 9 3 
q 1 8 2 
#c 8 2 green
# searchh
q 1 7 2 
q 1 8 1 
#c 8 1 green
# found/all 46 117
q 1 8 3 
q 1 9 2 
#c 9 2 green
# found/all 47 117
q 1 7 1 
q 1 8 0 
q 1 9 1 
q 1 9 3 
q 1 10 2 
#c 10 2 green
# found/all 48 117
q 1 10 1 
#c 10 1 green
# found/all 49 117
q 1 10 3 
#c 10 3 green
# found/all 50 117
q 1 11 2 
#c 11 2 green
# found/all 51 117
q 1 10 0 
q 1 11 1 
#c 11 1 green
# found/all 52 117
q 1 10 4 
q 1 11 3 
q 1 12 2 
q 1 11 0 
#c 11 0 green
# found/all 53 117
q 1 12 1 
q 1 12 0 
# SUM >= 2
q 16 8 4 8 5 8 6 8 7 9 4 9 5 9 6 9 7 10 4 10 5 10 6 10 7 11 4 11 5 11 6 11 7 
q 4 8 4 8 5 9 4 9 5 
q 1 8 4 
q 1 8 5 
q 1 9 4 
q 1 9 5 
q 4 8 6 8 7 9 6 9 7 
q 4 10 4 10 5 11 4 11 5 
q 4 10 6 10 7 11 6 11 7 
q 1 10 6 
q 1 10 7 
q 1 11 6 
#c 11 6 green
# searchh
q 1 11 5 
q 1 11 7 
#c 11 7 green
# found/all 55 117
q 1 12 6 
q 1 11 8 
#c 11 8 green
# found/all 56 117
q 1 12 7 
#c 12 7 green
# found/all 58 117
q 1 10 8 
#c 10 8 green
# found/all 59 117
q 1 11 9 
q 1 12 8 
#c 12 8 green
# found/all 61 117
q 1 13 7 
#c 13 7 green
# found/all 62 117
q 1 9 8 
q 1 10 9 
q 1 12 9 
q 1 13 8 
#c 13 8 green
# found/all 64 117
q 1 13 6 
q 1 14 7 
#c 14 7 green
# found/all 65 117
q 1 13 9 
q 1 14 8 
#c 14 8 green
# found/all 67 117
q 1 14 6 
#c 14 6 green
# found/all 69 117
q 1 15 7 
#c 15 7 green
# found/all 70 117
q 1 14 9 
#c 14 9 green
# found/all 71 117
q 1 15 8 
#c 15 8 green
# found/all 73 117
q 1 14 5 
q 1 15 6 
#c 15 6 green
# found/all 75 117
q 1 16 7 
#c 16 7 green
# found/all 76 117
q 1 14 10 
q 1 15 9 
#c 15 9 green
# found/all 77 117
q 1 16 8 
#c 16 8 green
# found/all 80 117
q 1 15 5 
#c 15 5 green
# found/all 81 117
q 1 16 6 
#c 16 6 green
# found/all 83 117
q 1 17 7 
#c 17 7 green
# found/all 84 117
q 1 15 10 
q 1 16 9 
q 1 17 8 
#c 17 8 green
# found/all 85 117
q 1 15 4 
q 1 16 5 
#c 16 5 green
# found/all 87 117
q 1 17 6 
#c 17 6 green
# found/all 89 117
q 1 18 7 
q 1 17 9 
#c 17 9 green
# found/all 90 117
q 1 18 8 
q 1 16 4 
#c 16 4 green
# found/all 91 117
q 1 17 5 
q 1 18 6 
#c 18 6 green
# found/all 92 117
q 1 17 10 
q 1 18 9 
q 1 16 3 
q 1 17 4 
q 1 18 5 
q 1 19 6 
q 16 8 8 8 9 8 10 8 11 9 8 9 9 9 10 9 11 10 8 10 9 10 10 10 11 11 8 11 9 11 10 11 11 
q 4 8 8 8 9 9 8 9 9 
q 4 8 10 8 11 9 10 9 11 
# SUM >= 2
q 16 8 12 8 13 8 14 8 15 9 12 9 13 9 14 9 15 10 12 10 13 10 14 10 15 11 12 11 13 11 14 11 15 
# SUM >= 2
q 4 10 12 10 13 11 12 11 13 
q 1 11 13 
q 4 10 14 10 15 11 14 11 15 
q 16 8 16 8 17 8 18 8 19 9 16 9 17 9 18 9 19 10 16 10 17 10 18 10 19 11 16 11 17 11 18 11 19 
q 4 8 16 8 17 9 16 9 17 
q 4 8 18 8 19 9 18 9 19 
q 4 10 16 10 17 11 16 11 17 
q 4 10 18 10 19 11 18 11 19 
q 1 10 18 
q 1 10 19 
q 1 11 18 
q 1 11 19 
q 16 12 0 12 1 12 2 12 3 13 0 13 1 13 2 13 3 14 0 14 1 14 2 14 3 15 0 15 1 15 2 15 3 
q 4 12 0 12 1 13 0 13 1 
q 4 12 2 12 3 13 2 13 3 
q 4 14 0 14 1 15 0 15 1 
q 4 14 2 14 3 15 2 15 3 
q 16 12 4 12 5 12 6 12 7 13 4 13 5 13 6 13 7 14 4 14 5 14 6 14 7 15 4 15 5 15 6 15 7 
q 4 12 4 12 5 13 4 13 5 
# SUM >= 2
q 4 14 4 14 5 15 4 15 5 
q 1 14 4 
# SUM >= 2
q 16 12 8 12 9 12 10 12 11 13 8 13 9 13 10 13 11 14 8 14 9 14 10 14 11 15 8 15 9 15 10 15 11 
# SUM >= 2
# SUM >= 2
q 16 12 12 12 13 12 14 12 15 13 12 13 13 13 14 13 15 14 12 14 13 14 14 14 15 15 12 15 13 15 14 15 15 
q 4 12 12 12 13 13 12 13 13 
q 1 12 12 
#c 12 12 green
# searchh
q 1 12 11 
q 1 12 13 
q 1 13 12 
#c 13 12 green
# found/all 94 117
q 1 13 11 
#c 13 11 green
# found/all 95 117
q 1 13 13 
#c 13 13 green
# found/all 96 117
q 1 14 12 
#c 14 12 green
# found/all 97 117
q 1 13 10 
q 1 14 11 
q 1 13 14 
q 1 14 13 
#c 14 13 green
# found/all 98 117
q 1 15 12 
#c 15 12 green
# found/all 99 117
q 1 14 14 
#c 14 14 green
# found/all 100 117
q 1 15 13 
#c 15 13 green
# found/all 101 117
q 1 15 11 
#c 15 11 green
# found/all 102 117
q 1 16 12 
#c 16 12 green
# found/all 103 117
q 1 14 15 
q 1 15 14 
#c 15 14 green
# found/all 104 117
q 1 16 13 
#c 16 13 green
# found/all 105 117
q 1 16 11 
q 1 17 12 
#c 17 12 green
# found/all 106 117
q 1 15 15 
q 1 16 14 
q 1 17 13 
#c 17 13 green
# found/all 107 117
q 1 17 11 
q 1 18 12 
q 1 17 14 
#c 17 14 green
# found/all 108 117
q 1 18 13 
#c 18 13 green
# found/all 109 117
q 1 17 15 
q 1 18 14 
#c 18 14 green
# found/all 110 117
q 1 19 13 
q 1 18 15 
#c 18 15 green
# found/all 111 117
q 1 19 14 
q 1 18 16 
#c 18 16 green
# found/all 112 117
q 1 19 15 
q 1 17 16 
q 1 18 17 
#c 18 17 green
# found/all 113 117
q 1 19 16 
#c 19 16 green
# found/all 114 117
q 1 17 17 
#c 17 17 green
# found/all 115 117
q 1 18 18 
q 1 19 17 
q 1 16 17 
#c 16 17 green
# found/all 116 117
q 1 17 18 
#c 17 18 green
# found/all 117 117
a 102 0 14 1 14 1 13 1 15 2 14 3 14 3 13 4 13 4 12 5 13 4 11 5 12 5 14 3 11 4 10 5 11 6 14 6 11 6 15 7 14 6 10 7 15 7 13 8 14 6 9 7 16 7 12 8 13 6 8 7 9 8 12 7 8 9 12 10 12 4 1 4 2 5 1 4 3 5 0 4 4 5 3 8 2 8 1 9 2 10 2 10 1 10 3 11 2 11 1 11 0 11 6 11 7 11 8 12 7 10 8 12 8 13 7 13 8 14 7 14 8 14 6 15 7 14 9 15 8 15 6 16 7 15 9 16 8 15 5 16 6 17 7 17 8 16 5 17 6 17 9 16 4 18 6 12 12 13 12 13 11 13 13 14 12 14 13 15 12 14 14 15 13 15 11 16 12 15 14 16 13 17 12 17 13 17 14 18 13 18 14 18 15 18 16 18 17 19 16 17 17 16 17 17 18 
