# [[0, 3], [1, 0], [1, 1], [1, 3], [2, 0], [2, 1], [2, 2], [2, 3], [3, 0], [3, 1], [3, 2], [4, 0], [4, 1]]
# [[0, 0], [0, 1], [1, 1], [2, 0], [2, 1], [2, 2], [3, 0], [3, 1], [3, 2], [3, 4], [4, 0], [4, 2], [4, 3], [4, 4]]
# [[0, 0], [0, 1], [1, 0], [1, 1], [1, 2], [2, 0], [2, 1]]
# [[0, 0], [0, 1], [1, 0], [1, 1], [2, 0]]
# [[0, 2], [0, 3], [1, 0], [1, 1], [1, 2], [2, 0], [2, 1], [2, 2]]
# [[0, 0], [0, 1], [0, 2], [1, 1], [2, 1], [2, 2]]
# [[0, 1], [1, 0], [1, 1], [2, 0], [2, 1], [2, 2], [2, 3], [2, 4], [2, 5], [3, 4]]
# [[0, 4], [1, 0], [1, 1], [1, 3], [1, 4], [2, 1], [2, 2], [2, 3], [2, 4], [3, 2], [4, 1], [4, 2], [5, 1], [5, 2]]
# [[0, 1], [1, 0], [1, 1], [2, 1], [2, 2]]
# [[0, 0], [0, 1], [0, 2], [0, 3]]
# [[0, 0], [0, 1], [1, 0], [1, 1], [2, 0]]
# [[0, 1], [1, 0], [1, 1], [1, 2], [2, 1], [2, 2], [3, 0], [3, 1], [4, 1]]
# [[0, 0], [0, 1], [0, 2], [0, 3], [0, 4], [1, 2], [1, 3], [1, 4], [2, 3], [2, 4], [2, 5], [3, 4]]
q 16 0 0 0 1 0 2 0 3 1 0 1 1 1 2 1 3 2 0 2 1 2 2 2 3 3 0 3 1 3 2 3 3 
q 4 0 0 0 1 1 0 1 1 
q 1 0 0 
q 1 0 1 
q 1 1 0 
#c 1 0 green
# searchh
q 1 1 1 
#c 1 1 green
# found/all 2 112
q 1 2 0 
q 1 1 2 
q 1 2 1 
#c 2 1 green
# found/all 3 112
q 1 2 2 
q 1 3 1 
#c 3 1 green
# found/all 4 112
q 1 3 0 
#c 3 0 green
# found/all 5 112
q 1 3 2 
#c 3 2 green
# found/all 7 112
q 1 4 1 
#c 4 1 green
# found/all 9 112
q 1 4 0 
#c 4 0 green
# found/all 10 112
q 1 3 3 
q 1 4 2 
#c 4 2 green
# found/all 12 112
q 1 5 1 
q 1 5 0 
#c 5 0 green
# found/all 13 112
q 1 4 3 
#c 4 3 green
# found/all 14 112
q 1 5 2 
#c 5 2 green
# found/all 16 112
q 1 6 0 
q 1 4 4 
#c 4 4 green
# found/all 17 112
q 1 5 3 
#c 5 3 green
# found/all 19 112
q 1 6 2 
#c 6 2 green
# found/all 21 112
q 1 3 4 
q 1 4 5 
q 1 5 4 
#c 5 4 green
# found/all 22 112
q 1 6 3 
#c 6 3 green
# found/all 24 112
q 1 6 1 
#c 6 1 green
# found/all 25 112
q 1 7 2 
#c 7 2 green
# found/all 27 112
q 1 5 5 
q 1 6 4 
q 1 7 3 
#c 7 3 green
# found/all 29 112
q 1 7 1 
#c 7 1 green
# found/all 30 112
q 1 8 2 
#c 8 2 green
# found/all 32 112
q 1 7 4 
q 1 8 3 
#c 8 3 green
# found/all 33 112
q 1 7 0 
#c 7 0 green
# found/all 34 112
q 1 8 1 
#c 8 1 green
# found/all 35 112
q 1 9 2 
#c 9 2 green
# found/all 38 112
q 1 8 4 
q 1 9 3 
#c 9 3 green
# found/all 39 112
q 1 8 0 
#c 8 0 green
# found/all 40 112
q 1 9 1 
#c 9 1 green
# found/all 43 112
q 1 10 2 
#c 10 2 green
# found/all 45 112
q 1 9 4 
#c 9 4 green
# found/all 47 112
q 1 10 3 
#c 10 3 green
# found/all 50 112
q 1 9 0 
#c 9 0 green
# found/all 52 112
q 1 10 1 
#c 10 1 green
# found/all 54 112
q 1 11 2 
#c 11 2 green
# found/all 56 112
q 1 9 5 
#c 9 5 green
# found/all 58 112
q 1 10 4 
#c 10 4 green
# found/all 61 112
q 1 11 3 
#c 11 3 green
# found/all 63 112
q 1 10 0 
#c 10 0 green
# found/all 64 112
q 1 11 1 
#c 11 1 green
# found/all 65 112
q 1 12 2 
#c 12 2 green
# found/all 66 112
q 1 8 5 
q 1 9 6 
#c 9 6 green
# found/all 67 112
q 1 10 5 
#c 10 5 green
# found/all 69 112
q 1 11 4 
#c 11 4 green
# found/all 72 112
q 1 12 3 
q 1 11 0 
q 1 12 1 
#c 12 1 green
# found/all 73 112
q 1 13 2 
#c 13 2 green
# found/all 74 112
q 1 8 6 
q 1 9 7 
q 1 10 6 
q 1 11 5 
#c 11 5 green
# found/all 76 112
q 1 12 4 
#c 12 4 green
# found/all 77 112
q 1 12 0 
q 1 13 1 
#c 13 1 green
# found/all 78 112
q 1 13 3 
#c 13 3 green
# found/all 79 112
q 1 14 2 
q 1 11 6 
q 1 12 5 
q 1 13 4 
q 1 13 0 
q 1 14 1 
#c 14 1 green
# found/all 80 112
q 1 14 3 
q 1 14 0 
#c 14 0 green
# found/all 81 112
q 1 15 1 
#c 15 1 green
# found/all 82 112
q 1 15 0 
#c 15 0 green
# found/all 83 112
q 1 15 2 
#c 15 2 green
# found/all 84 112
q 1 16 1 
q 1 16 0 
q 1 15 3 
#c 15 3 green
# found/all 85 112
q 1 16 2 
q 1 15 4 
#c 15 4 green
# found/all 86 112
q 1 16 3 
q 1 14 4 
q 1 15 5 
#c 15 5 green
# found/all 87 112
q 1 16 4 
#c 16 4 green
# found/all 88 112
q 1 14 5 
q 1 15 6 
q 1 16 5 
q 1 17 4 
q 4 0 2 0 3 1 2 1 3 
q 1 0 2 
q 1 0 3 
q 1 1 3 
# SUM >= 2
q 16 0 4 0 5 0 6 0 7 1 4 1 5 1 6 1 7 2 4 2 5 2 6 2 7 3 4 3 5 3 6 3 7 
q 16 0 8 0 9 0 10 0 11 1 8 1 9 1 10 1 11 2 8 2 9 2 10 2 11 3 8 3 9 3 10 3 11 
q 16 0 12 0 13 0 14 0 15 1 12 1 13 1 14 1 15 2 12 2 13 2 14 2 15 3 12 3 13 3 14 3 15 
q 8 0 16 0 17 1 16 1 17 2 16 2 17 3 16 3 17 
q 16 4 0 4 1 4 2 4 3 5 0 5 1 5 2 5 3 6 0 6 1 6 2 6 3 7 0 7 1 7 2 7 3 
# SUM >= 2
# SUM >= 2
q 16 4 4 4 5 4 6 4 7 5 4 5 5 5 6 5 7 6 4 6 5 6 6 6 7 7 4 7 5 7 6 7 7 
# SUM >= 2
q 4 6 4 6 5 7 4 7 5 
q 1 6 5 
q 1 7 5 
q 4 6 6 6 7 7 6 7 7 
q 16 4 8 4 9 4 10 4 11 5 8 5 9 5 10 5 11 6 8 6 9 6 10 6 11 7 8 7 9 7 10 7 11 
q 4 4 8 4 9 5 8 5 9 
q 4 4 10 4 11 5 10 5 11 
q 1 4 10 
q 1 4 11 
#c 4 11 green
# searchh
q 1 3 11 
q 1 4 12 
#c 4 12 green
# found/all 92 112
q 1 5 11 
q 1 3 12 
q 1 4 13 
#c 4 13 green
# found/all 93 112
q 1 5 12 
#c 5 12 green
# found/all 95 112
q 1 3 13 
q 1 4 14 
#c 4 14 green
# found/all 96 112
q 1 5 13 
#c 5 13 green
# found/all 97 112
q 1 6 12 
#c 6 12 green
# found/all 98 112
q 1 3 14 
q 1 4 15 
#c 4 15 green
# found/all 99 112
q 1 5 14 
#c 5 14 green
# found/all 100 112
q 1 6 13 
#c 6 13 green
# found/all 102 112
q 1 6 11 
q 1 7 12 
#c 7 12 green
# found/all 103 112
q 1 3 15 
#c 3 15 green
# found/all 104 112
q 1 4 16 
q 1 5 15 
#c 5 15 green
# found/all 105 112
q 1 6 14 
q 1 7 13 
#c 7 13 green
# found/all 106 112
q 1 7 11 
q 1 8 12 
#c 8 12 green
# found/all 107 112
q 1 2 15 
q 1 3 16 
q 1 5 16 
q 1 6 15 
q 1 7 14 
q 1 8 13 
#c 8 13 green
# found/all 108 112
q 1 8 11 
q 1 9 12 
q 1 8 14 
q 1 9 13 
q 1 5 10 
q 4 6 8 6 9 7 8 7 9 
q 4 6 10 6 11 7 10 7 11 
q 16 4 12 4 13 4 14 4 15 5 12 5 13 5 14 5 15 6 12 6 13 6 14 6 15 7 12 7 13 7 14 7 15 
# SUM >= 2
# SUM >= 2
q 8 4 16 4 17 5 16 5 17 6 16 6 17 7 16 7 17 
q 4 4 16 4 17 5 16 5 17 
q 4 6 16 6 17 7 16 7 17 
q 1 6 16 
q 1 6 17 
q 1 7 16 
q 1 7 17 
q 16 8 0 8 1 8 2 8 3 9 0 9 1 9 2 9 3 10 0 10 1 10 2 10 3 11 0 11 1 11 2 11 3 
# SUM >= 2
# SUM >= 2
q 16 8 4 8 5 8 6 8 7 9 4 9 5 9 6 9 7 10 4 10 5 10 6 10 7 11 4 11 5 11 6 11 7 
# SUM >= 2
# SUM >= 2
q 16 8 8 8 9 8 10 8 11 9 8 9 9 9 10 9 11 10 8 10 9 10 10 10 11 11 8 11 9 11 10 11 11 
q 4 8 8 8 9 9 8 9 9 
q 4 8 10 8 11 9 10 9 11 
q 4 10 8 10 9 11 8 11 9 
q 1 10 8 
q 1 10 9 
q 1 11 8 
q 1 11 9 
q 4 10 10 10 11 11 10 11 11 
q 16 8 12 8 13 8 14 8 15 9 12 9 13 9 14 9 15 10 12 10 13 10 14 10 15 11 12 11 13 11 14 11 15 
# SUM >= 2
q 4 10 12 10 13 11 12 11 13 
q 1 10 12 
q 1 10 13 
q 1 11 12 
q 1 11 13 
q 4 10 14 10 15 11 14 11 15 
q 1 10 14 
q 1 10 15 
q 1 11 14 
q 1 11 15 
q 8 8 16 8 17 9 16 9 17 10 16 10 17 11 16 11 17 
q 16 12 0 12 1 12 2 12 3 13 0 13 1 13 2 13 3 14 0 14 1 14 2 14 3 15 0 15 1 15 2 15 3 
# SUM >= 2
# SUM >= 2
q 16 12 4 12 5 12 6 12 7 13 4 13 5 13 6 13 7 14 4 14 5 14 6 14 7 15 4 15 5 15 6 15 7 
q 4 12 4 12 5 13 4 13 5 
q 1 13 5 
q 4 12 6 12 7 13 6 13 7 
# SUM >= 2
q 16 12 8 12 9 12 10 12 11 13 8 13 9 13 10 13 11 14 8 14 9 14 10 14 11 15 8 15 9 15 10 15 11 
q 4 12 8 12 9 13 8 13 9 
q 4 12 10 12 11 13 10 13 11 
q 1 12 10 
q 1 12 11 
q 1 13 10 
q 1 13 11 
#c 13 11 green
# searchh
q 1 13 12 
#c 13 12 green
# found/all 110 112
q 1 14 11 
q 1 12 12 
q 1 13 13 
#c 13 13 green
# found/all 111 112
q 1 14 12 
q 1 12 13 
q 1 13 14 
#c 13 14 green
# found/all 112 112
a 79 1 0 1 1 2 1 3 1 3 0 3 2 4 1 4 0 4 2 5 0 4 3 5 2 4 4 5 3 6 2 5 4 6 3 6 1 7 2 7 3 7 1 8 2 8 3 7 0 8 1 9 2 9 3 8 0 9 1 10 2 9 4 10 3 9 0 10 1 11 2 9 5 10 4 11 3 10 0 11 1 12 2 9 6 10 5 11 4 12 1 13 2 11 5 12 4 13 1 13 3 14 1 14 0 15 1 15 0 15 2 15 3 15 4 15 5 16 4 4 11 4 12 4 13 5 12 4 14 5 13 6 12 4 15 5 14 6 13 7 12 3 15 5 15 7 13 8 12 8 13 13 11 13 12 13 13 13 14 
