# [[0, 0], [0, 1], [0, 2], [1, 0]]
# [[0, 1], [1, 1], [2, 0], [2, 1]]
# [[0, 2], [1, 0], [1, 1], [1, 2]]
# [[0, 0], [0, 1], [0, 2], [1, 0]]
# [[0, 0], [0, 1], [1, 0], [1, 1]]
# [[0, 0], [1, 0], [1, 1], [2, 1]]
# [[0, 0], [1, 0], [1, 1], [2, 0]]
# [[0, 0], [0, 1], [1, 0], [1, 1]]
q 16 0 0 0 1 0 2 0 3 1 0 1 1 1 2 1 3 2 0 2 1 2 2 2 3 3 0 3 1 3 2 3 3 
q 4 0 0 0 1 1 0 1 1 
q 4 0 2 0 3 1 2 1 3 
q 1 0 2 
#c 0 2 green
# searchh
q 1 0 1 
q 1 0 3 
q 1 1 2 
#c 1 2 green
# found/all 2 32
q 1 1 1 
q 1 1 3 
q 1 2 2 
#c 2 2 green
# found/all 3 32
q 1 2 1 
#c 2 1 green
# found/all 4 32
q 1 2 3 
q 1 3 2 
q 1 2 0 
q 1 3 1 
q 4 2 0 2 1 3 0 3 1 
q 4 2 2 2 3 3 2 3 3 
q 1 3 3 
q 16 0 4 0 5 0 6 0 7 1 4 1 5 1 6 1 7 2 4 2 5 2 6 2 7 3 4 3 5 3 6 3 7 
q 4 0 4 0 5 1 4 1 5 
q 4 0 6 0 7 1 6 1 7 
q 1 0 6 
q 1 0 7 
q 1 1 6 
#c 1 6 green
# searchh
q 1 1 5 
q 1 1 7 
#c 1 7 green
# found/all 6 32
q 1 2 6 
#c 2 6 green
# found/all 7 32
q 1 1 8 
#c 1 8 green
# found/all 8 32
q 1 2 7 
#c 2 7 green
# found/all 9 32
q 1 2 5 
q 1 3 6 
q 1 0 8 
q 1 1 9 
#c 1 9 green
# found/all 11 32
q 1 2 8 
q 1 3 7 
#c 3 7 green
# found/all 12 32
q 1 0 9 
#c 0 9 green
# found/all 14 32
q 1 1 10 
#c 1 10 green
# found/all 15 32
q 1 2 9 
#c 2 9 green
# found/all 16 32
q 1 3 8 
q 1 4 7 
#c 4 7 green
# found/all 17 32
q 1 0 10 
q 1 1 11 
q 1 2 10 
q 1 3 9 
q 1 4 6 
#c 4 6 green
# found/all 18 32
q 1 4 8 
q 1 5 7 
q 1 4 5 
#c 4 5 green
# found/all 19 32
q 1 5 6 
q 1 3 5 
q 1 4 4 
q 1 5 5 
#c 5 5 green
# found/all 20 32
q 1 5 4 
q 1 6 5 
q 4 2 4 2 5 3 4 3 5 
q 1 2 4 
q 1 3 4 
# SUM >= 2
q 16 0 8 0 9 0 10 0 11 1 8 1 9 1 10 1 11 2 8 2 9 2 10 2 11 3 8 3 9 3 10 3 11 
# SUM >= 2
q 4 2 8 2 9 3 8 3 9 
q 4 2 10 2 11 3 10 3 11 
q 1 2 11 
q 1 3 10 
q 1 3 11 
#c 3 11 green
# searchh
q 1 3 12 
#c 3 12 green
# found/all 22 32
q 1 4 11 
#c 4 11 green
# found/all 23 32
q 1 2 12 
q 1 4 12 
#c 4 12 green
# found/all 24 32
q 1 4 10 
q 1 5 11 
q 1 5 12 
q 4 0 12 1 12 2 12 3 12 
q 2 0 12 1 12 
q 2 2 12 3 12 
q 16 4 0 4 1 4 2 4 3 5 0 5 1 5 2 5 3 6 0 6 1 6 2 6 3 7 0 7 1 7 2 7 3 
q 4 4 0 4 1 5 0 5 1 
q 4 4 2 4 3 5 2 5 3 
q 4 6 0 6 1 7 0 7 1 
q 4 6 2 6 3 7 2 7 3 
q 1 6 2 
q 1 6 3 
q 1 7 2 
q 1 7 3 
q 16 4 4 4 5 4 6 4 7 5 4 5 5 5 6 5 7 6 4 6 5 6 6 6 7 7 4 7 5 7 6 7 7 
# SUM >= 2
q 4 6 4 6 5 7 4 7 5 
q 4 6 6 6 7 7 6 7 7 
q 16 4 8 4 9 4 10 4 11 5 8 5 9 5 10 5 11 6 8 6 9 6 10 6 11 7 8 7 9 7 10 7 11 
q 4 4 8 4 9 5 8 5 9 
q 1 4 9 
q 1 5 8 
q 1 5 9 
q 4 4 10 4 11 5 10 5 11 
q 1 5 10 
q 4 6 8 6 9 7 8 7 9 
q 1 6 8 
q 1 6 9 
q 1 7 8 
q 1 7 9 
q 4 6 10 6 11 7 10 7 11 
q 1 6 10 
q 1 6 11 
q 1 7 10 
q 1 7 11 
q 4 4 12 5 12 6 12 7 12 
q 16 8 0 8 1 8 2 8 3 9 0 9 1 9 2 9 3 10 0 10 1 10 2 10 3 11 0 11 1 11 2 11 3 
q 4 8 0 8 1 9 0 9 1 
q 4 8 2 8 3 9 2 9 3 
q 4 10 0 10 1 11 0 11 1 
q 4 10 2 10 3 11 2 11 3 
q 16 8 4 8 5 8 6 8 7 9 4 9 5 9 6 9 7 10 4 10 5 10 6 10 7 11 4 11 5 11 6 11 7 
q 4 8 4 8 5 9 4 9 5 
q 4 8 6 8 7 9 6 9 7 
q 4 10 4 10 5 11 4 11 5 
q 4 10 6 10 7 11 6 11 7 
q 1 10 6 
q 1 10 7 
q 1 11 6 
q 1 11 7 
q 16 8 8 8 9 8 10 8 11 9 8 9 9 9 10 9 11 10 8 10 9 10 10 10 11 11 8 11 9 11 10 11 11 
q 4 8 8 8 9 9 8 9 9 
q 1 8 8 
q 1 8 9 
q 1 9 8 
q 1 9 9 
q 4 8 10 8 11 9 10 9 11 
q 1 8 10 
#c 8 10 green
# searchh
q 1 8 11 
#c 8 11 green
# found/all 26 32
q 1 9 10 
#c 9 10 green
# found/all 28 32
q 1 8 12 
q 1 9 11 
#c 9 11 green
# found/all 30 32
q 1 10 10 
#c 10 10 green
# found/all 31 32
q 1 9 12 
#c 9 12 green
# found/all 32 32
a 28 0 2 1 2 2 2 2 1 1 6 1 7 2 6 1 8 2 7 1 9 3 7 0 9 1 10 2 9 4 7 4 6 4 5 5 5 3 11 3 12 4 11 4 12 8 10 8 11 9 10 9 11 10 10 9 12 
