# [[0, 2], [1, 0], [1, 1], [1, 2], [1, 3], [2, 2]]
# [[0, 0], [0, 1], [1, 0], [1, 1], [2, 0], [2, 1]]
# [[0, 2], [1, 2], [2, 1], [2, 2], [3, 1], [4, 1], [4, 2], [5, 0], [5, 1]]
q 16 0 0 0 1 0 2 0 3 1 0 1 1 1 2 1 3 2 0 2 1 2 2 2 3 3 0 3 1 3 2 3 3 
q 4 0 0 0 1 1 0 1 1 
q 4 0 2 0 3 1 2 1 3 
q 4 2 0 2 1 3 0 3 1 
q 4 2 2 2 3 3 2 3 3 
q 16 0 4 0 5 0 6 0 7 1 4 1 5 1 6 1 7 2 4 2 5 2 6 2 7 3 4 3 5 3 6 3 7 
q 16 0 8 0 9 0 10 0 11 1 8 1 9 1 10 1 11 2 8 2 9 2 10 2 11 3 8 3 9 3 10 3 11 
q 4 0 8 0 9 1 8 1 9 
q 1 0 8 
q 1 0 9 
q 1 1 8 
q 1 1 9 
q 4 0 10 0 11 1 10 1 11 
q 4 2 8 2 9 3 8 3 9 
q 4 2 10 2 11 3 10 3 11 
q 16 4 0 4 1 4 2 4 3 5 0 5 1 5 2 5 3 6 0 6 1 6 2 6 3 7 0 7 1 7 2 7 3 
q 4 4 0 4 1 5 0 5 1 
q 4 4 2 4 3 5 2 5 3 
q 1 4 2 
q 1 4 3 
q 1 5 2 
q 1 5 3 
q 4 6 0 6 1 7 0 7 1 
q 1 6 0 
q 1 6 1 
q 1 7 0 
q 1 7 1 
q 4 6 2 6 3 7 2 7 3 
q 16 4 4 4 5 4 6 4 7 5 4 5 5 5 6 5 7 6 4 6 5 6 6 6 7 7 4 7 5 7 6 7 7 
q 4 4 4 4 5 5 4 5 5 
q 4 4 6 4 7 5 6 5 7 
q 4 6 4 6 5 7 4 7 5 
q 4 6 6 6 7 7 6 7 7 
q 16 4 8 4 9 4 10 4 11 5 8 5 9 5 10 5 11 6 8 6 9 6 10 6 11 7 8 7 9 7 10 7 11 
q 4 4 8 4 9 5 8 5 9 
q 4 4 10 4 11 5 10 5 11 
q 4 6 8 6 9 7 8 7 9 
q 4 6 10 6 11 7 10 7 11 
q 1 6 10 
#c 6 10 green
# searchh
q 1 5 10 
q 1 6 9 
q 1 6 11 
#c 6 11 green
# found/all 2 21
q 1 7 10 
#c 7 10 green
# found/all 3 21
q 1 5 11 
#c 5 11 green
# found/all 4 21
q 1 7 11 
q 1 7 9 
q 1 8 10 
#c 8 10 green
# found/all 6 21
q 1 4 11 
#c 4 11 green
# found/all 7 21
q 1 8 9 
#c 8 9 green
# found/all 8 21
q 1 8 11 
#c 8 11 green
# found/all 9 21
q 1 9 10 
#c 9 10 green
# found/all 11 21
q 1 3 11 
q 1 4 10 
q 1 8 8 
q 1 9 9 
#c 9 9 green
# found/all 13 21
q 1 9 11 
q 1 10 10 
#c 10 10 green
# found/all 14 21
q 1 9 8 
q 1 10 9 
#c 10 9 green
# found/all 15 21
q 1 10 11 
q 1 11 10 
q 1 10 8 
q 1 11 9 
q 16 8 0 8 1 8 2 8 3 9 0 9 1 9 2 9 3 10 0 10 1 10 2 10 3 11 0 11 1 11 2 11 3 
q 4 8 0 8 1 9 0 9 1 
q 4 8 2 8 3 9 2 9 3 
q 4 10 0 10 1 11 0 11 1 
q 1 10 0 
q 1 10 1 
#c 10 1 green
# searchh
q 1 9 1 
q 1 10 2 
#c 10 2 green
# found/all 17 21
q 1 11 1 
q 1 9 2 
q 1 10 3 
#c 10 3 green
# found/all 18 21
q 1 11 2 
q 1 9 3 
#c 9 3 green
# found/all 19 21
q 1 10 4 
#c 10 4 green
# found/all 20 21
q 1 11 3 
#c 11 3 green
# found/all 21 21
a 18 6 10 6 11 7 10 5 11 8 10 4 11 8 9 8 11 9 10 9 9 10 10 10 9 10 1 10 2 10 3 9 3 10 4 11 3 
