# [[0, 1], [1, 0], [1, 1], [2, 1], [3, 1]]
# [[0, 0], [0, 1], [0, 2], [1, 0], [1, 1]]
# [[0, 0], [0, 1], [1, 0], [1, 1], [2, 1]]
# [[0, 0], [1, 0], [2, 0], [2, 1], [2, 2], [3, 1]]
# [[0, 0], [0, 1], [1, 1], [2, 1]]
# [[0, 0], [0, 1], [0, 2], [1, 1]]
q 16 0 0 0 1 0 2 0 3 1 0 1 1 1 2 1 3 2 0 2 1 2 2 2 3 3 0 3 1 3 2 3 3 
q 16 0 4 0 5 0 6 0 7 1 4 1 5 1 6 1 7 2 4 2 5 2 6 2 7 3 4 3 5 3 6 3 7 
q 4 0 4 0 5 1 4 1 5 
q 4 0 6 0 7 1 6 1 7 
q 4 2 4 2 5 3 4 3 5 
q 1 2 4 
q 1 2 5 
#c 2 5 green
# searchh
q 1 1 5 
q 1 2 6 
q 1 3 5 
#c 3 5 green
# found/all 2 29
q 1 3 4 
q 1 3 6 
q 1 4 5 
#c 4 5 green
# found/all 3 29
q 1 4 4 
q 1 4 6 
#c 4 6 green
# found/all 5 29
q 1 5 5 
#c 5 5 green
# found/all 6 29
q 1 4 7 
#c 4 7 green
# found/all 7 29
q 1 5 6 
#c 5 6 green
# found/all 9 29
q 1 5 4 
q 1 6 5 
q 1 3 7 
q 1 4 8 
q 1 5 7 
q 1 6 6 
#c 6 6 green
# found/all 10 29
q 1 6 7 
q 1 7 6 
#c 7 6 green
# found/all 11 29
q 1 7 5 
q 1 7 7 
q 1 8 6 
q 4 2 6 2 7 3 6 3 7 
q 16 0 8 0 9 0 10 0 11 1 8 1 9 1 10 1 11 2 8 2 9 2 10 2 11 3 8 3 9 3 10 3 11 
q 4 0 8 0 9 1 8 1 9 
q 4 0 10 0 11 1 10 1 11 
q 4 2 8 2 9 3 8 3 9 
q 1 2 8 
q 1 2 9 
q 1 3 8 
#c 3 8 green
# searchh
q 1 3 9 
#c 3 9 green
# found/all 13 29
q 1 3 10 
#c 3 10 green
# found/all 14 29
q 1 4 9 
#c 4 9 green
# found/all 15 29
q 1 2 10 
q 1 3 11 
q 1 4 10 
q 1 5 9 
#c 5 9 green
# found/all 16 29
q 1 5 8 
#c 5 8 green
# found/all 17 29
q 1 5 10 
#c 5 10 green
# found/all 18 29
q 1 6 9 
#c 6 9 green
# found/all 19 29
q 1 6 8 
#c 6 8 green
# found/all 20 29
q 1 5 11 
q 1 6 10 
q 1 7 9 
q 1 7 8 
q 4 2 10 2 11 3 10 3 11 
q 16 4 0 4 1 4 2 4 3 5 0 5 1 5 2 5 3 6 0 6 1 6 2 6 3 7 0 7 1 7 2 7 3 
q 4 4 0 4 1 5 0 5 1 
q 4 4 2 4 3 5 2 5 3 
q 1 4 2 
q 1 4 3 
q 1 5 2 
#c 5 2 green
# searchh
q 1 5 1 
q 1 5 3 
#c 5 3 green
# found/all 22 29
q 1 6 2 
#c 6 2 green
# found/all 23 29
q 1 6 3 
#c 6 3 green
# found/all 24 29
q 1 6 1 
q 1 7 2 
q 1 6 4 
q 1 7 3 
#c 7 3 green
# found/all 25 29
q 1 7 4 
q 1 8 3 
q 4 6 0 6 1 7 0 7 1 
# SUM >= 2
q 16 4 4 4 5 4 6 4 7 5 4 5 5 5 6 5 7 6 4 6 5 6 6 6 7 7 4 7 5 7 6 7 7 
# SUM >= 2
q 4 6 4 6 5 7 4 7 5 
# SUM >= 2
q 16 4 8 4 9 4 10 4 11 5 8 5 9 5 10 5 11 6 8 6 9 6 10 6 11 7 8 7 9 7 10 7 11 
# SUM >= 2
# SUM >= 2
q 16 8 0 8 1 8 2 8 3 9 0 9 1 9 2 9 3 10 0 10 1 10 2 10 3 11 0 11 1 11 2 11 3 
q 16 8 4 8 5 8 6 8 7 9 4 9 5 9 6 9 7 10 4 10 5 10 6 10 7 11 4 11 5 11 6 11 7 
q 4 8 4 8 5 9 4 9 5 
q 4 8 6 8 7 9 6 9 7 
q 1 8 7 
q 1 9 6 
q 1 9 7 
q 4 10 4 10 5 11 4 11 5 
q 4 10 6 10 7 11 6 11 7 
q 16 8 8 8 9 8 10 8 11 9 8 9 9 9 10 9 11 10 8 10 9 10 10 10 11 11 8 11 9 11 10 11 11 
q 4 8 8 8 9 9 8 9 9 
q 4 8 10 8 11 9 10 9 11 
q 1 8 10 
q 1 8 11 
q 1 9 10 
#c 9 10 green
# searchh
q 1 9 9 
q 1 9 11 
#c 9 11 green
# found/all 27 29
q 1 10 10 
q 1 10 11 
#c 10 11 green
# found/all 28 29
q 1 11 11 
#c 11 11 green
# found/all 29 29
a 27 2 5 3 5 4 5 4 6 5 5 4 7 5 6 6 6 7 6 3 8 3 9 3 10 4 9 5 9 5 8 5 10 6 9 6 8 5 2 5 3 6 2 6 3 7 3 9 10 9 11 10 11 11 11 
