# [[0, 0], [0, 1], [1, 1], [1, 2], [2, 2]]
# [[0, 1], [1, 0], [1, 1], [2, 1], [2, 2]]
# [[0, 0], [0, 1], [1, 1], [2, 1], [3, 1]]
# [[0, 1], [1, 1], [2, 1], [3, 0], [3, 1]]
# [[0, 0], [0, 1], [0, 2], [0, 3], [1, 3]]
# [[0, 0], [1, 0], [1, 1], [2, 0], [2, 1]]
# [[0, 0], [1, 0], [1, 1], [1, 2], [2, 0]]
q 16 0 0 0 1 0 2 0 3 1 0 1 1 1 2 1 3 2 0 2 1 2 2 2 3 3 0 3 1 3 2 3 3 
q 4 0 0 0 1 1 0 1 1 
q 4 0 2 0 3 1 2 1 3 
q 4 2 0 2 1 3 0 3 1 
q 4 2 2 2 3 3 2 3 3 
q 16 0 4 0 5 0 6 0 7 1 4 1 5 1 6 1 7 2 4 2 5 2 6 2 7 3 4 3 5 3 6 3 7 
q 4 0 4 0 5 1 4 1 5 
q 4 0 6 0 7 1 6 1 7 
q 1 0 6 
q 1 0 7 
q 1 1 6 
#c 1 6 green
# searchh
q 1 1 5 
q 1 1 7 
q 1 2 6 
#c 2 6 green
# found/all 2 35
q 1 2 5 
q 1 2 7 
#c 2 7 green
# found/all 4 35
q 1 3 6 
#c 3 6 green
# found/all 5 35
q 1 2 8 
#c 2 8 green
# found/all 7 35
q 1 3 7 
q 1 3 5 
q 1 4 6 
q 1 1 8 
q 1 2 9 
#c 2 9 green
# found/all 8 35
q 1 3 8 
q 1 1 9 
q 1 2 10 
#c 2 10 green
# found/all 9 35
q 1 3 9 
q 1 1 10 
q 1 2 11 
q 1 3 10 
#c 3 10 green
# found/all 10 35
q 1 3 11 
q 1 4 10 
q 4 2 4 2 5 3 4 3 5 
# SUM >= 2
q 16 0 8 0 9 0 10 0 11 1 8 1 9 1 10 1 11 2 8 2 9 2 10 2 11 3 8 3 9 3 10 3 11 
q 4 0 8 0 9 1 8 1 9 
q 4 0 10 0 11 1 10 1 11 
# SUM >= 2
q 8 0 12 0 13 1 12 1 13 2 12 2 13 3 12 3 13 
q 4 0 12 0 13 1 12 1 13 
q 1 0 12 
#c 0 12 green
# searchh
q 1 0 11 
q 1 0 13 
q 1 1 12 
#c 1 12 green
# found/all 12 35
q 1 1 11 
q 1 1 13 
#c 1 13 green
# found/all 13 35
q 1 2 12 
#c 2 12 green
# found/all 14 35
q 1 2 13 
#c 2 13 green
# found/all 15 35
q 1 3 12 
q 1 3 13 
# SUM >= 2
q 16 4 0 4 1 4 2 4 3 5 0 5 1 5 2 5 3 6 0 6 1 6 2 6 3 7 0 7 1 7 2 7 3 
q 4 4 0 4 1 5 0 5 1 
q 1 4 0 
q 1 4 1 
#c 4 1 green
# searchh
q 1 3 1 
q 1 4 2 
q 1 5 1 
#c 5 1 green
# found/all 17 35
q 1 5 0 
q 1 5 2 
q 1 6 1 
#c 6 1 green
# found/all 19 35
q 1 6 0 
q 1 6 2 
#c 6 2 green
# found/all 20 35
q 1 7 1 
#c 7 1 green
# found/all 21 35
q 1 6 3 
q 1 7 2 
#c 7 2 green
# found/all 22 35
q 1 7 0 
#c 7 0 green
# found/all 23 35
q 1 8 1 
q 1 7 3 
q 1 8 2 
#c 8 2 green
# found/all 24 35
q 1 8 0 
q 1 8 3 
q 1 9 2 
#c 9 2 green
# found/all 25 35
q 1 9 1 
q 1 9 3 
q 1 10 2 
q 4 4 2 4 3 5 2 5 3 
# SUM >= 2
q 16 4 4 4 5 4 6 4 7 5 4 5 5 5 6 5 7 6 4 6 5 6 6 6 7 7 4 7 5 7 6 7 7 
q 4 4 4 4 5 5 4 5 5 
q 4 4 6 4 7 5 6 5 7 
q 4 6 4 6 5 7 4 7 5 
q 4 6 6 6 7 7 6 7 7 
q 16 4 8 4 9 4 10 4 11 5 8 5 9 5 10 5 11 6 8 6 9 6 10 6 11 7 8 7 9 7 10 7 11 
q 8 4 12 4 13 5 12 5 13 6 12 6 13 7 12 7 13 
q 4 4 12 4 13 5 12 5 13 
q 1 4 12 
#c 4 12 green
# searchh
q 1 4 11 
q 1 4 13 
q 1 5 12 
#c 5 12 green
# found/all 27 35
q 1 5 11 
#c 5 11 green
# found/all 28 35
q 1 5 13 
q 1 6 12 
#c 6 12 green
# found/all 29 35
q 1 5 10 
q 1 6 11 
q 1 6 13 
#c 6 13 green
# found/all 30 35
q 1 7 12 
q 1 7 13 
# SUM >= 2
q 16 8 0 8 1 8 2 8 3 9 0 9 1 9 2 9 3 10 0 10 1 10 2 10 3 11 0 11 1 11 2 11 3 
q 4 8 0 8 1 9 0 9 1 
# SUM >= 2
q 4 10 0 10 1 11 0 11 1 
q 4 10 2 10 3 11 2 11 3 
q 16 8 4 8 5 8 6 8 7 9 4 9 5 9 6 9 7 10 4 10 5 10 6 10 7 11 4 11 5 11 6 11 7 
q 16 8 8 8 9 8 10 8 11 9 8 9 9 9 10 9 11 10 8 10 9 10 10 10 11 11 8 11 9 11 10 11 11 
q 4 8 8 8 9 9 8 9 9 
q 4 8 10 8 11 9 10 9 11 
q 4 10 8 10 9 11 8 11 9 
q 4 10 10 10 11 11 10 11 11 
q 8 8 12 8 13 9 12 9 13 10 12 10 13 11 12 11 13 
q 8 12 0 12 1 12 2 12 3 13 0 13 1 13 2 13 3 
q 8 12 4 12 5 12 6 12 7 13 4 13 5 13 6 13 7 
q 8 12 8 12 9 12 10 12 11 13 8 13 9 13 10 13 11 
q 4 12 12 12 13 13 12 13 13 
# ==================================
# found/all 30 35
# ==================================
q 16 0 0 0 1 0 2 0 3 1 0 1 1 1 2 1 3 2 0 2 1 2 2 2 3 3 0 3 1 3 2 3 3 
q 4 0 0 0 1 1 0 1 1 
q 4 0 2 0 3 1 2 1 3 
q 4 2 0 2 1 3 0 3 1 
q 1 2 0 
q 1 2 1 
q 1 3 0 
q 4 2 2 2 3 3 2 3 3 
q 1 2 2 
q 1 2 3 
q 1 3 2 
#c 3 2 green
# searchh
q 1 3 3 
#c 3 3 green
# found/all 32 35
q 1 3 4 
q 1 4 3 
#c 4 3 green
# found/all 33 35
q 1 4 4 
#c 4 4 green
# found/all 34 35
q 1 5 3 
q 1 4 5 
q 1 5 4 
#c 5 4 green
# found/all 35 35
a 32 1 6 2 6 2 7 3 6 2 8 2 9 2 10 3 10 0 12 1 12 1 13 2 12 2 13 4 1 5 1 6 1 6 2 7 1 7 2 7 0 8 2 9 2 4 12 5 12 5 11 6 12 6 13 3 2 3 3 4 3 4 4 5 4 
