# [[0, 0], [1, 0], [2, 0], [3, 0], [4, 0]]
# [[0, 0], [0, 1], [0, 2], [0, 3], [1, 0]]
# [[0, 0], [0, 1], [1, 0], [1, 1], [1, 2]]
# [[0, 0], [0, 2], [1, 0], [1, 1], [1, 2]]
# [[0, 0], [0, 1], [1, 1], [1, 2], [2, 1]]
q 16 0 0 0 1 0 2 0 3 1 0 1 1 1 2 1 3 2 0 2 1 2 2 2 3 3 0 3 1 3 2 3 3 
q 4 0 0 0 1 1 0 1 1 
q 4 0 2 0 3 1 2 1 3 
q 1 0 2 
q 1 0 3 
q 1 1 2 
q 1 1 3 
q 4 2 0 2 1 3 0 3 1 
q 4 2 2 2 3 3 2 3 3 
q 1 2 2 
q 1 2 3 
#c 2 3 green
# searchh
q 1 2 4 
q 1 3 3 
#c 3 3 green
# found/all 2 25
q 1 3 2 
q 1 3 4 
q 1 4 3 
#c 4 3 green
# found/all 3 25
q 1 4 2 
q 1 4 4 
q 1 5 3 
#c 5 3 green
# found/all 4 25
q 1 5 2 
q 1 5 4 
q 1 6 3 
#c 6 3 green
# found/all 5 25
q 1 6 2 
q 1 6 4 
q 1 7 3 
q 16 0 4 0 5 0 6 0 7 1 4 1 5 1 6 1 7 2 4 2 5 2 6 2 7 3 4 3 5 3 6 3 7 
q 16 0 8 0 9 0 10 0 11 1 8 1 9 1 10 1 11 2 8 2 9 2 10 2 11 3 8 3 9 3 10 3 11 
q 4 0 8 0 9 1 8 1 9 
q 4 0 10 0 11 1 10 1 11 
q 4 2 8 2 9 3 8 3 9 
q 1 2 8 
q 1 2 9 
q 1 3 8 
#c 3 8 green
# searchh
q 1 3 7 
q 1 3 9 
#c 3 9 green
# found/all 7 25
q 1 4 8 
#c 4 8 green
# found/all 8 25
q 1 3 10 
#c 3 10 green
# found/all 9 25
q 1 4 9 
q 1 4 7 
q 1 5 8 
q 1 2 10 
q 1 3 11 
#c 3 11 green
# found/all 10 25
q 1 4 10 
q 1 2 11 
q 1 4 11 
# SUM >= 2
q 16 4 0 4 1 4 2 4 3 5 0 5 1 5 2 5 3 6 0 6 1 6 2 6 3 7 0 7 1 7 2 7 3 
q 4 4 0 4 1 5 0 5 1 
# SUM >= 2
q 4 6 0 6 1 7 0 7 1 
q 4 6 2 6 3 7 2 7 3 
q 16 4 4 4 5 4 6 4 7 5 4 5 5 5 6 5 7 6 4 6 5 6 6 6 7 7 4 7 5 7 6 7 7 
q 4 4 4 4 5 5 4 5 5 
q 4 4 6 4 7 5 6 5 7 
q 4 6 4 6 5 7 4 7 5 
q 4 6 6 6 7 7 6 7 7 
q 16 4 8 4 9 4 10 4 11 5 8 5 9 5 10 5 11 6 8 6 9 6 10 6 11 7 8 7 9 7 10 7 11 
q 4 4 8 4 9 5 8 5 9 
q 4 4 10 4 11 5 10 5 11 
q 4 6 8 6 9 7 8 7 9 
q 1 6 8 
q 1 6 9 
q 1 7 8 
q 1 7 9 
q 4 6 10 6 11 7 10 7 11 
q 16 8 0 8 1 8 2 8 3 9 0 9 1 9 2 9 3 10 0 10 1 10 2 10 3 11 0 11 1 11 2 11 3 
q 4 8 0 8 1 9 0 9 1 
q 4 8 2 8 3 9 2 9 3 
q 4 10 0 10 1 11 0 11 1 
q 4 10 2 10 3 11 2 11 3 
q 16 8 4 8 5 8 6 8 7 9 4 9 5 9 6 9 7 10 4 10 5 10 6 10 7 11 4 11 5 11 6 11 7 
q 4 8 4 8 5 9 4 9 5 
q 1 8 4 
#c 8 4 green
# searchh
q 1 7 4 
#c 7 4 green
# found/all 12 25
q 1 8 3 
q 1 8 5 
#c 8 5 green
# found/all 13 25
q 1 9 4 
q 1 7 5 
#c 7 5 green
# found/all 14 25
q 1 8 6 
#c 8 6 green
# found/all 15 25
q 1 9 5 
#c 9 5 green
# found/all 16 25
q 1 6 5 
q 1 7 6 
q 1 8 7 
#c 8 7 green
# found/all 17 25
q 1 9 6 
#c 9 6 green
# found/all 18 25
q 1 10 5 
q 1 7 7 
q 1 8 8 
q 1 9 7 
#c 9 7 green
# found/all 19 25
q 1 10 6 
#c 10 6 green
# found/all 20 25
q 1 9 8 
#c 9 8 green
# found/all 21 25
q 1 10 7 
#c 10 7 green
# found/all 22 25
q 1 11 6 
#c 11 6 green
# found/all 23 25
q 1 9 9 
#c 9 9 green
# found/all 24 25
q 1 10 8 
q 1 11 7 
q 1 11 5 
q 1 8 9 
#c 8 9 green
# found/all 25 25
a 25 2 3 3 3 4 3 5 3 6 3 3 8 3 9 4 8 3 10 3 11 8 4 7 4 8 5 7 5 8 6 9 5 8 7 9 6 9 7 10 6 9 8 10 7 11 6 9 9 8 9 
