# [[0, 1], [0, 2], [1, 0], [1, 1]]
# [[0, 1], [1, 1], [2, 0], [2, 1]]
# [[0, 1], [1, 1], [2, 0], [2, 1]]
# [[0, 0], [1, 0], [2, 0], [2, 1]]
# [[0, 0], [0, 1], [1, 0], [2, 0]]
# [[0, 0], [0, 1], [1, 0], [2, 0]]
# [[0, 0], [0, 1], [1, 0], [2, 0]]
# [[0, 2], [1, 0], [1, 1], [1, 2]]
# [[0, 0], [0, 1], [0, 2], [0, 3]]
# [[0, 0], [1, 0], [1, 1], [2, 0]]
# [[0, 0], [0, 1], [1, 0], [1, 1]]
# [[0, 1], [0, 2], [1, 0], [1, 1]]
q 16 0 0 0 1 0 2 0 3 1 0 1 1 1 2 1 3 2 0 2 1 2 2 2 3 3 0 3 1 3 2 3 3 
q 4 0 0 0 1 1 0 1 1 
q 4 0 2 0 3 1 2 1 3 
q 4 2 0 2 1 3 0 3 1 
q 4 2 2 2 3 3 2 3 3 
q 1 2 2 
q 1 2 3 
#c 2 3 green
# searchh
q 1 1 3 
q 1 2 4 
#c 2 4 green
# found/all 2 48
q 1 3 3 
#c 3 3 green
# found/all 3 48
q 1 1 4 
q 1 2 5 
q 1 3 4 
q 1 3 2 
#c 3 2 green
# found/all 4 48
q 1 4 3 
q 1 3 1 
q 1 4 2 
q 16 0 4 0 5 0 6 0 7 1 4 1 5 1 6 1 7 2 4 2 5 2 6 2 7 3 4 3 5 3 6 3 7 
q 16 0 8 0 9 0 10 0 11 1 8 1 9 1 10 1 11 2 8 2 9 2 10 2 11 3 8 3 9 3 10 3 11 
q 4 0 8 0 9 1 8 1 9 
q 1 0 8 
#c 0 8 green
# searchh
q 1 0 7 
q 1 0 9 
#c 0 9 green
# found/all 6 48
q 1 1 8 
#c 1 8 green
# found/all 7 48
q 1 0 10 
q 1 1 9 
q 1 1 7 
q 1 2 8 
#c 2 8 green
# found/all 8 48
q 1 2 7 
q 1 2 9 
q 1 3 8 
q 4 0 10 0 11 1 10 1 11 
q 4 2 8 2 9 3 8 3 9 
q 4 2 10 2 11 3 10 3 11 
q 16 0 12 0 13 0 14 0 15 1 12 1 13 1 14 1 15 2 12 2 13 2 14 2 15 3 12 3 13 3 14 3 15 
q 4 0 12 0 13 1 12 1 13 
q 4 0 14 0 15 1 14 1 15 
q 1 0 14 
#c 0 14 green
# searchh
q 1 0 13 
q 1 0 15 
#c 0 15 green
# found/all 10 48
q 1 1 14 
#c 1 14 green
# found/all 11 48
q 1 1 15 
q 1 1 13 
q 1 2 14 
#c 2 14 green
# found/all 12 48
q 1 2 13 
q 1 2 15 
q 1 3 14 
q 4 2 12 2 13 3 12 3 13 
q 4 2 14 2 15 3 14 3 15 
q 16 4 0 4 1 4 2 4 3 5 0 5 1 5 2 5 3 6 0 6 1 6 2 6 3 7 0 7 1 7 2 7 3 
q 16 4 4 4 5 4 6 4 7 5 4 5 5 5 6 5 7 6 4 6 5 6 6 6 7 7 4 7 5 7 6 7 7 
q 4 4 4 4 5 5 4 5 5 
q 1 4 4 
#c 4 4 green
# searchh
q 1 4 5 
#c 4 5 green
# found/all 14 48
q 1 5 4 
#c 5 4 green
# found/all 15 48
q 1 3 5 
q 1 4 6 
q 1 5 5 
q 1 5 3 
#c 5 3 green
# found/all 16 48
q 1 6 4 
q 1 5 2 
q 1 6 3 
q 4 4 6 4 7 5 6 5 7 
q 4 6 4 6 5 7 4 7 5 
q 1 6 5 
#c 6 5 green
# searchh
q 1 6 6 
q 1 7 5 
#c 7 5 green
# found/all 18 48
q 1 7 4 
q 1 7 6 
q 1 8 5 
#c 8 5 green
# found/all 19 48
q 1 8 4 
#c 8 4 green
# found/all 20 48
q 1 8 6 
q 1 9 5 
q 1 8 3 
q 1 9 4 
q 4 6 6 6 7 7 6 7 7 
q 16 4 8 4 9 4 10 4 11 5 8 5 9 5 10 5 11 6 8 6 9 6 10 6 11 7 8 7 9 7 10 7 11 
q 16 4 12 4 13 4 14 4 15 5 12 5 13 5 14 5 15 6 12 6 13 6 14 6 15 7 12 7 13 7 14 7 15 
q 16 8 0 8 1 8 2 8 3 9 0 9 1 9 2 9 3 10 0 10 1 10 2 10 3 11 0 11 1 11 2 11 3 
q 4 8 0 8 1 9 0 9 1 
q 1 8 0 
q 1 8 1 
q 1 9 0 
#c 9 0 green
# searchh
q 1 9 1 
#c 9 1 green
# found/all 22 48
q 1 10 0 
q 1 9 2 
#c 9 2 green
# found/all 24 48
q 1 10 1 
#c 10 1 green
# found/all 25 48
q 1 8 2 
q 1 9 3 
#c 9 3 green
# found/all 26 48
q 1 10 2 
#c 10 2 green
# found/all 28 48
q 1 11 1 
#c 11 1 green
# found/all 29 48
q 1 10 3 
#c 10 3 green
# found/all 30 48
q 1 11 2 
#c 11 2 green
# found/all 31 48
q 1 11 0 
q 1 12 1 
#c 12 1 green
# found/all 32 48
q 1 10 4 
q 1 11 3 
q 1 12 2 
q 1 12 0 
q 1 13 1 
# SUM >= 2
# SUM >= 2
q 16 8 4 8 5 8 6 8 7 9 4 9 5 9 6 9 7 10 4 10 5 10 6 10 7 11 4 11 5 11 6 11 7 
# SUM >= 2
q 4 10 4 10 5 11 4 11 5 
q 4 10 6 10 7 11 6 11 7 
q 16 8 8 8 9 8 10 8 11 9 8 9 9 9 10 9 11 10 8 10 9 10 10 10 11 11 8 11 9 11 10 11 11 
q 4 8 8 8 9 9 8 9 9 
q 4 8 10 8 11 9 10 9 11 
q 4 10 8 10 9 11 8 11 9 
q 4 10 10 10 11 11 10 11 11 
q 16 8 12 8 13 8 14 8 15 9 12 9 13 9 14 9 15 10 12 10 13 10 14 10 15 11 12 11 13 11 14 11 15 
q 4 8 12 8 13 9 12 9 13 
q 4 8 14 8 15 9 14 9 15 
q 4 10 12 10 13 11 12 11 13 
q 4 10 14 10 15 11 14 11 15 
q 16 12 0 12 1 12 2 12 3 13 0 13 1 13 2 13 3 14 0 14 1 14 2 14 3 15 0 15 1 15 2 15 3 
q 4 12 0 12 1 13 0 13 1 
q 4 12 2 12 3 13 2 13 3 
q 4 14 0 14 1 15 0 15 1 
q 4 14 2 14 3 15 2 15 3 
q 16 12 4 12 5 12 6 12 7 13 4 13 5 13 6 13 7 14 4 14 5 14 6 14 7 15 4 15 5 15 6 15 7 
q 4 12 4 12 5 13 4 13 5 
q 4 12 6 12 7 13 6 13 7 
q 4 14 4 14 5 15 4 15 5 
q 1 14 4 
#c 14 4 green
# searchh
q 1 13 4 
q 1 14 3 
#c 14 3 green
# found/all 34 48
q 1 14 5 
#c 14 5 green
# found/all 35 48
q 1 15 4 
q 1 13 3 
q 1 14 2 
q 1 15 3 
q 1 13 5 
#c 13 5 green
# found/all 36 48
q 1 14 6 
q 1 15 5 
q 1 12 5 
q 1 13 6 
q 4 14 6 14 7 15 6 15 7 
q 16 12 8 12 9 12 10 12 11 13 8 13 9 13 10 13 11 14 8 14 9 14 10 14 11 15 8 15 9 15 10 15 11 
q 4 12 8 12 9 13 8 13 9 
q 4 12 10 12 11 13 10 13 11 
q 1 12 10 
q 1 12 11 
#c 12 11 green
# searchh
q 1 11 11 
#c 11 11 green
# found/all 38 48
q 1 12 12 
q 1 13 11 
#c 13 11 green
# found/all 39 48
q 1 10 11 
q 1 11 10 
q 1 11 12 
q 1 13 10 
q 1 13 12 
#c 13 12 green
# found/all 40 48
q 1 14 11 
q 1 13 13 
q 1 14 12 
q 4 14 8 14 9 15 8 15 9 
q 4 14 10 14 11 15 10 15 11 
q 16 12 12 12 13 12 14 12 15 13 12 13 13 13 14 13 15 14 12 14 13 14 14 14 15 15 12 15 13 15 14 15 15 
q 4 12 12 12 13 13 12 13 13 
q 1 12 13 
q 4 12 14 12 15 13 14 13 15 
q 1 12 14 
q 1 12 15 
#c 12 15 green
# searchh
q 1 11 15 
#c 11 15 green
# found/all 42 48
q 1 13 15 
#c 13 15 green
# found/all 43 48
q 1 10 15 
q 1 11 14 
q 1 13 14 
#c 13 14 green
# found/all 44 48
q 1 14 15 
#c 14 15 green
# found/all 45 48
q 1 14 14 
#c 14 14 green
# found/all 46 48
q 1 15 15 
#c 15 15 green
# found/all 47 48
q 1 14 13 
q 1 15 14 
#c 15 14 green
# found/all 48 48
a 46 2 3 2 4 3 3 3 2 0 8 0 9 1 8 2 8 0 14 0 15 1 14 2 14 4 4 4 5 5 4 5 3 6 5 7 5 8 5 8 4 9 0 9 1 9 2 10 1 9 3 10 2 11 1 10 3 11 2 12 1 14 4 14 3 14 5 13 5 12 11 11 11 13 11 13 12 12 15 11 15 13 15 13 14 14 15 14 14 15 15 15 14 
