# [[0, 2], [1, 0], [1, 1], [1, 2], [2, 2], [2, 3]]
# [[0, 1], [1, 1], [1, 2], [2, 1], [2, 2], [3, 1], [3, 2], [3, 3], [3, 4], [3, 5], [3, 6], [3, 7], [4, 2], [4, 4], [4, 5], [5, 0], [5, 1], [5, 2], [5, 3], [5, 4], [5, 5], [5, 6], [6, 2], [6, 3], [6, 4], [7, 4], [8, 4]]
# [[0, 2], [1, 1], [1, 2], [1, 3], [2, 2], [3, 0], [3, 1], [3, 2], [3, 3], [4, 0], [4, 1], [4, 2], [4, 3], [4, 4], [4, 5], [5, 0], [5, 1], [5, 2], [5, 3], [5, 4], [6, 3], [6, 4], [7, 2], [7, 3], [7, 4], [8, 3], [9, 2], [9, 3]]
# [[0, 2], [0, 3], [1, 1], [1, 2], [2, 0], [2, 1], [2, 2], [3, 1], [4, 0], [4, 1]]
q 16 0 0 0 1 0 2 0 3 1 0 1 1 1 2 1 3 2 0 2 1 2 2 2 3 3 0 3 1 3 2 3 3 
q 4 0 0 0 1 1 0 1 1 
q 4 0 2 0 3 1 2 1 3 
q 4 2 0 2 1 3 0 3 1 
q 1 2 0 
q 1 2 1 
q 1 3 0 
q 1 3 1 
q 4 2 2 2 3 3 2 3 3 
q 16 0 4 0 5 0 6 0 7 1 4 1 5 1 6 1 7 2 4 2 5 2 6 2 7 3 4 3 5 3 6 3 7 
q 16 0 8 0 9 0 10 0 11 1 8 1 9 1 10 1 11 2 8 2 9 2 10 2 11 3 8 3 9 3 10 3 11 
q 4 0 8 0 9 1 8 1 9 
q 4 0 10 0 11 1 10 1 11 
q 4 2 8 2 9 3 8 3 9 
q 4 2 10 2 11 3 10 3 11 
q 16 0 12 0 13 0 14 0 15 1 12 1 13 1 14 1 15 2 12 2 13 2 14 2 15 3 12 3 13 3 14 3 15 
q 4 0 16 1 16 2 16 3 16 
q 16 4 0 4 1 4 2 4 3 5 0 5 1 5 2 5 3 6 0 6 1 6 2 6 3 7 0 7 1 7 2 7 3 
q 4 4 0 4 1 5 0 5 1 
q 4 4 2 4 3 5 2 5 3 
q 1 4 2 
q 1 4 3 
q 1 5 2 
q 1 5 3 
q 4 6 0 6 1 7 0 7 1 
q 4 6 2 6 3 7 2 7 3 
q 16 4 4 4 5 4 6 4 7 5 4 5 5 5 6 5 7 6 4 6 5 6 6 6 7 7 4 7 5 7 6 7 7 
q 16 4 8 4 9 4 10 4 11 5 8 5 9 5 10 5 11 6 8 6 9 6 10 6 11 7 8 7 9 7 10 7 11 
q 4 4 8 4 9 5 8 5 9 
q 4 4 10 4 11 5 10 5 11 
q 1 4 10 
q 1 4 11 
q 1 5 10 
#c 5 10 green
# searchh
q 1 5 9 
q 1 5 11 
q 1 6 10 
#c 6 10 green
# found/all 2 71
q 1 6 9 
#c 6 9 green
# found/all 4 71
q 1 6 11 
#c 6 11 green
# found/all 5 71
q 1 7 10 
#c 7 10 green
# found/all 6 71
q 1 6 8 
#c 6 8 green
# found/all 7 71
q 1 7 9 
#c 7 9 green
# found/all 8 71
q 1 6 12 
q 1 7 11 
q 1 8 10 
#c 8 10 green
# found/all 10 71
q 1 5 8 
#c 5 8 green
# found/all 11 71
q 1 6 7 
q 1 7 8 
#c 7 8 green
# found/all 13 71
q 1 8 9 
#c 8 9 green
# found/all 15 71
q 1 8 11 
#c 8 11 green
# found/all 17 71
q 1 9 10 
#c 9 10 green
# found/all 18 71
q 1 4 8 
q 1 5 7 
q 1 7 7 
#c 7 7 green
# found/all 19 71
q 1 8 8 
#c 8 8 green
# found/all 21 71
q 1 9 9 
#c 9 9 green
# found/all 23 71
q 1 8 12 
#c 8 12 green
# found/all 24 71
q 1 9 11 
#c 9 11 green
# found/all 26 71
q 1 10 10 
#c 10 10 green
# found/all 28 71
q 1 7 6 
q 1 8 7 
#c 8 7 green
# found/all 29 71
q 1 9 8 
#c 9 8 green
# found/all 30 71
q 1 10 9 
#c 10 9 green
# found/all 32 71
q 1 7 12 
q 1 8 13 
#c 8 13 green
# found/all 33 71
q 1 9 12 
#c 9 12 green
# found/all 35 71
q 1 10 11 
#c 10 11 green
# found/all 37 71
q 1 11 10 
#c 11 10 green
# found/all 38 71
q 1 8 6 
#c 8 6 green
# found/all 39 71
q 1 9 7 
#c 9 7 green
# found/all 40 71
q 1 10 8 
#c 10 8 green
# found/all 42 71
q 1 11 9 
#c 11 9 green
# found/all 43 71
q 1 7 13 
q 1 8 14 
#c 8 14 green
# found/all 44 71
q 1 9 13 
#c 9 13 green
# found/all 45 71
q 1 10 12 
#c 10 12 green
# found/all 47 71
q 1 11 11 
#c 11 11 green
# found/all 49 71
q 1 12 10 
#c 12 10 green
# found/all 50 71
q 1 8 5 
q 1 9 6 
#c 9 6 green
# found/all 51 71
q 1 10 7 
#c 10 7 green
# found/all 52 71
q 1 11 8 
q 1 12 9 
q 1 7 14 
q 1 8 15 
q 1 9 14 
q 1 10 13 
#c 10 13 green
# found/all 53 71
q 1 11 12 
#c 11 12 green
# found/all 54 71
q 1 12 11 
#c 12 11 green
# found/all 56 71
q 1 13 10 
q 1 9 5 
#c 9 5 green
# found/all 57 71
q 1 10 6 
#c 10 6 green
# found/all 58 71
q 1 11 7 
q 1 10 14 
q 1 11 13 
q 1 12 12 
#c 12 12 green
# found/all 59 71
q 1 13 11 
#c 13 11 green
# found/all 61 71
q 1 9 4 
q 1 10 5 
q 1 11 6 
#c 11 6 green
# found/all 62 71
q 1 12 13 
q 1 13 12 
q 1 14 11 
#c 14 11 green
# found/all 63 71
q 1 11 5 
#c 11 5 green
# found/all 64 71
q 1 12 6 
q 1 14 10 
#c 14 10 green
# found/all 65 71
q 1 14 12 
q 1 15 11 
q 1 11 4 
q 1 12 5 
q 1 14 9 
q 1 15 10 
# SUM >= 2
q 16 4 12 4 13 4 14 4 15 5 12 5 13 5 14 5 15 6 12 6 13 6 14 6 15 7 12 7 13 7 14 7 15 
q 4 4 16 5 16 6 16 7 16 
q 16 8 0 8 1 8 2 8 3 9 0 9 1 9 2 9 3 10 0 10 1 10 2 10 3 11 0 11 1 11 2 11 3 
q 4 8 0 8 1 9 0 9 1 
q 4 8 2 8 3 9 2 9 3 
q 4 10 0 10 1 11 0 11 1 
q 4 10 2 10 3 11 2 11 3 
q 1 10 2 
q 1 10 3 
q 1 11 2 
q 1 11 3 
q 16 8 4 8 5 8 6 8 7 9 4 9 5 9 6 9 7 10 4 10 5 10 6 10 7 11 4 11 5 11 6 11 7 
q 4 8 4 8 5 9 4 9 5 
# SUM >= 2
q 4 10 4 10 5 11 4 11 5 
# SUM >= 2
q 16 8 8 8 9 8 10 8 11 9 8 9 9 9 10 9 11 10 8 10 9 10 10 10 11 11 8 11 9 11 10 11 11 
# SUM >= 2
# SUM >= 2
q 16 8 12 8 13 8 14 8 15 9 12 9 13 9 14 9 15 10 12 10 13 10 14 10 15 11 12 11 13 11 14 11 15 
# SUM >= 2
# SUM >= 2
q 4 8 16 9 16 10 16 11 16 
q 16 12 0 12 1 12 2 12 3 13 0 13 1 13 2 13 3 14 0 14 1 14 2 14 3 15 0 15 1 15 2 15 3 
q 4 12 0 12 1 13 0 13 1 
q 4 12 2 12 3 13 2 13 3 
q 4 14 0 14 1 15 0 15 1 
q 4 14 2 14 3 15 2 15 3 
q 16 12 4 12 5 12 6 12 7 13 4 13 5 13 6 13 7 14 4 14 5 14 6 14 7 15 4 15 5 15 6 15 7 
q 4 12 4 12 5 13 4 13 5 
q 4 12 6 12 7 13 6 13 7 
q 4 14 4 14 5 15 4 15 5 
q 1 14 4 
q 1 14 5 
q 1 15 4 
q 1 15 5 
#c 15 5 green
# searchh
q 1 15 6 
#c 15 6 green
# found/all 67 71
q 1 16 5 
q 1 14 6 
q 1 15 7 
#c 15 7 green
# found/all 68 71
q 1 16 6 
q 1 14 7 
#c 14 7 green
# found/all 69 71
q 1 15 8 
q 1 16 7 
#c 16 7 green
# found/all 70 71
q 1 13 7 
q 1 14 8 
q 1 16 8 
#c 16 8 green
# found/all 71 71
a 54 5 10 6 10 6 9 6 11 7 10 6 8 7 9 8 10 5 8 7 8 8 9 8 11 9 10 7 7 8 8 9 9 8 12 9 11 10 10 8 7 9 8 10 9 8 13 9 12 10 11 11 10 8 6 9 7 10 8 11 9 8 14 9 13 10 12 11 11 12 10 9 6 10 7 10 13 11 12 12 11 9 5 10 6 12 12 13 11 11 6 14 11 11 5 14 10 15 5 15 6 15 7 14 7 16 7 16 8 
