# [[0, 0], [1, 0], [1, 1], [1, 2], [1, 3], [2, 1], [2, 2], [3, 1], [3, 2]]
# [[0, 3], [1, 2], [1, 3], [1, 4], [2, 1], [2, 2], [2, 3], [2, 4], [3, 0], [3, 1], [3, 2]]
# [[0, 0], [1, 0], [1, 1], [1, 2], [1, 3], [1, 4], [1, 5], [1, 6], [2, 2]]
# [[0, 2], [0, 3], [1, 1], [1, 2], [2, 1], [2, 2], [2, 3], [3, 0], [3, 1], [3, 2], [4, 0], [4, 2], [4, 3]]
# [[0, 2], [0, 3], [0, 4], [1, 3], [1, 4], [2, 0], [2, 1], [2, 2], [2, 3], [3, 1], [3, 3], [4, 1], [4, 2], [4, 3], [5, 1]]
# [[0, 0], [0, 1], [0, 3], [1, 1], [1, 2], [1, 3], [2, 1], [2, 2], [2, 3], [3, 2], [3, 3], [3, 4], [4, 4], [5, 4]]
# [[0, 2], [1, 1], [1, 2], [2, 0], [2, 1], [2, 2], [2, 3], [2, 4], [3, 0], [3, 1], [3, 2], [3, 4], [4, 0], [4, 2], [4, 4]]
# [[0, 3], [1, 0], [1, 1], [1, 2], [1, 3], [1, 4], [2, 2], [2, 3], [2, 4], [2, 5], [2, 6], [3, 3], [3, 5], [4, 5]]
# [[0, 3], [1, 1], [1, 2], [1, 3], [2, 1], [2, 2], [3, 1], [3, 2], [4, 0], [4, 1], [4, 2]]
# [[0, 1], [0, 2], [1, 1], [1, 2], [1, 3], [2, 0], [2, 1], [3, 1], [4, 1]]
# [[0, 4], [1, 2], [1, 3], [1, 4], [1, 5], [1, 6], [2, 1], [2, 2], [2, 3], [2, 6], [3, 0], [3, 1], [3, 2]]
q 16 0 0 0 1 0 2 0 3 1 0 1 1 1 2 1 3 2 0 2 1 2 2 2 3 3 0 3 1 3 2 3 3 
q 16 0 4 0 5 0 6 0 7 1 4 1 5 1 6 1 7 2 4 2 5 2 6 2 7 3 4 3 5 3 6 3 7 
q 16 0 8 0 9 0 10 0 11 1 8 1 9 1 10 1 11 2 8 2 9 2 10 2 11 3 8 3 9 3 10 3 11 
q 16 0 12 0 13 0 14 0 15 1 12 1 13 1 14 1 15 2 12 2 13 2 14 2 15 3 12 3 13 3 14 3 15 
q 4 0 16 1 16 2 16 3 16 
q 16 4 0 4 1 4 2 4 3 5 0 5 1 5 2 5 3 6 0 6 1 6 2 6 3 7 0 7 1 7 2 7 3 
q 16 4 4 4 5 4 6 4 7 5 4 5 5 5 6 5 7 6 4 6 5 6 6 6 7 7 4 7 5 7 6 7 7 
q 4 4 4 4 5 5 4 5 5 
q 4 4 6 4 7 5 6 5 7 
q 1 4 6 
#c 4 6 green
# searchh
q 1 3 6 
q 1 4 5 
q 1 4 7 
#c 4 7 green
# found/all 2 133
q 1 5 6 
#c 5 6 green
# found/all 3 133
q 1 3 7 
q 1 4 8 
#c 4 8 green
# found/all 4 133
q 1 5 7 
#c 5 7 green
# found/all 5 133
q 1 5 5 
#c 5 5 green
# found/all 6 133
q 1 6 6 
#c 6 6 green
# found/all 7 133
q 1 3 8 
#c 3 8 green
# found/all 8 133
q 1 4 9 
#c 4 9 green
# found/all 9 133
q 1 5 8 
q 1 6 7 
q 1 5 4 
q 1 6 5 
#c 6 5 green
# found/all 11 133
q 1 7 6 
#c 7 6 green
# found/all 13 133
q 1 2 8 
q 1 3 9 
q 1 4 10 
#c 4 10 green
# found/all 15 133
q 1 5 9 
q 1 6 4 
#c 6 4 green
# found/all 17 133
q 1 7 5 
#c 7 5 green
# found/all 19 133
q 1 7 7 
q 1 8 6 
#c 8 6 green
# found/all 20 133
q 1 3 10 
q 1 4 11 
#c 4 11 green
# found/all 22 133
q 1 5 10 
#c 5 10 green
# found/all 24 133
q 1 6 3 
q 1 7 4 
#c 7 4 green
# found/all 25 133
q 1 8 5 
q 1 8 7 
#c 8 7 green
# found/all 26 133
q 1 9 6 
#c 9 6 green
# found/all 27 133
q 1 3 11 
q 1 4 12 
#c 4 12 green
# found/all 28 133
q 1 5 11 
#c 5 11 green
# found/all 29 133
q 1 6 10 
#c 6 10 green
# found/all 31 133
q 1 7 3 
q 1 8 4 
#c 8 4 green
# found/all 32 133
q 1 8 8 
#c 8 8 green
# found/all 34 133
q 1 9 7 
#c 9 7 green
# found/all 36 133
q 1 9 5 
q 1 10 6 
#c 10 6 green
# found/all 37 133
q 1 3 12 
q 1 4 13 
#c 4 13 green
# found/all 38 133
q 1 5 12 
#c 5 12 green
# found/all 39 133
q 1 6 11 
#c 6 11 green
# found/all 41 133
q 1 6 9 
#c 6 9 green
# found/all 42 133
q 1 7 10 
#c 7 10 green
# found/all 43 133
q 1 8 3 
#c 8 3 green
# found/all 44 133
q 1 9 4 
#c 9 4 green
# found/all 45 133
q 1 7 8 
#c 7 8 green
# found/all 46 133
q 1 8 9 
#c 8 9 green
# found/all 48 133
q 1 9 8 
#c 9 8 green
# found/all 49 133
q 1 10 7 
#c 10 7 green
# found/all 51 133
q 1 10 5 
q 1 11 6 
#c 11 6 green
# found/all 52 133
q 1 3 13 
#c 3 13 green
# found/all 53 133
q 1 4 14 
#c 4 14 green
# found/all 54 133
q 1 5 13 
#c 5 13 green
# found/all 55 133
q 1 6 12 
#c 6 12 green
# found/all 57 133
q 1 7 11 
#c 7 11 green
# found/all 59 133
q 1 6 8 
q 1 7 9 
#c 7 9 green
# found/all 60 133
q 1 8 10 
#c 8 10 green
# found/all 62 133
q 1 8 2 
q 1 9 3 
q 1 10 4 
#c 10 4 green
# found/all 63 133
q 1 9 9 
#c 9 9 green
# found/all 64 133
q 1 10 8 
#c 10 8 green
# found/all 66 133
q 1 11 7 
#c 11 7 green
# found/all 67 133
q 1 11 5 
q 1 12 6 
q 1 2 13 
q 1 3 14 
q 1 4 15 
q 1 5 14 
#c 5 14 green
# found/all 68 133
q 1 6 13 
#c 6 13 green
# found/all 70 133
q 1 7 12 
#c 7 12 green
# found/all 72 133
q 1 8 11 
#c 8 11 green
# found/all 75 133
q 1 9 10 
#c 9 10 green
# found/all 76 133
q 1 10 3 
q 1 11 4 
q 1 10 9 
#c 10 9 green
# found/all 79 133
q 1 11 8 
#c 11 8 green
# found/all 81 133
q 1 12 7 
q 1 5 15 
#c 5 15 green
# found/all 82 133
q 1 6 14 
q 1 7 13 
#c 7 13 green
# found/all 84 133
q 1 8 12 
#c 8 12 green
# found/all 86 133
q 1 9 11 
#c 9 11 green
# found/all 88 133
q 1 10 10 
#c 10 10 green
# found/all 91 133
q 1 11 9 
#c 11 9 green
# found/all 96 133
q 1 12 8 
#c 12 8 green
# found/all 98 133
q 1 5 16 
#c 5 16 green
# found/all 99 133
q 1 6 15 
#c 6 15 green
# found/all 100 133
q 1 7 14 
#c 7 14 green
# found/all 101 133
q 1 8 13 
#c 8 13 green
# found/all 103 133
q 1 9 12 
#c 9 12 green
# found/all 104 133
q 1 10 11 
#c 10 11 green
# found/all 107 133
q 1 11 10 
#c 11 10 green
# found/all 109 133
q 1 12 9 
#c 12 9 green
# found/all 111 133
q 1 13 8 
q 1 4 16 
q 1 6 16 
q 1 7 15 
#c 7 15 green
# found/all 112 133
q 1 8 14 
q 1 9 13 
#c 9 13 green
# found/all 113 133
q 1 10 12 
#c 10 12 green
# found/all 114 133
q 1 11 11 
#c 11 11 green
# found/all 117 133
q 1 12 10 
q 1 13 9 
q 1 7 16 
q 1 8 15 
q 1 9 14 
#c 9 14 green
# found/all 118 133
q 1 10 13 
#c 10 13 green
# found/all 119 133
q 1 11 12 
#c 11 12 green
# found/all 120 133
q 1 12 11 
q 1 9 15 
q 1 10 14 
q 1 11 13 
#c 11 13 green
# found/all 121 133
q 1 12 12 
q 1 11 14 
#c 11 14 green
# found/all 122 133
q 1 12 13 
q 1 11 15 
q 1 12 14 
# SUM >= 2
q 16 4 8 4 9 4 10 4 11 5 8 5 9 5 10 5 11 6 8 6 9 6 10 6 11 7 8 7 9 7 10 7 11 
# SUM >= 2
# SUM >= 2
q 16 4 12 4 13 4 14 4 15 5 12 5 13 5 14 5 15 6 12 6 13 6 14 6 15 7 12 7 13 7 14 7 15 
# SUM >= 2
# SUM >= 2
q 4 4 16 5 16 6 16 7 16 
q 16 8 0 8 1 8 2 8 3 9 0 9 1 9 2 9 3 10 0 10 1 10 2 10 3 11 0 11 1 11 2 11 3 
q 4 8 0 8 1 9 0 9 1 
q 4 8 2 8 3 9 2 9 3 
q 4 10 0 10 1 11 0 11 1 
q 4 10 2 10 3 11 2 11 3 
q 16 8 4 8 5 8 6 8 7 9 4 9 5 9 6 9 7 10 4 10 5 10 6 10 7 11 4 11 5 11 6 11 7 
# SUM >= 2
q 4 10 4 10 5 11 4 11 5 
# SUM >= 2
q 16 8 8 8 9 8 10 8 11 9 8 9 9 9 10 9 11 10 8 10 9 10 10 10 11 11 8 11 9 11 10 11 11 
# SUM >= 2
# SUM >= 2
q 16 8 12 8 13 8 14 8 15 9 12 9 13 9 14 9 15 10 12 10 13 10 14 10 15 11 12 11 13 11 14 11 15 
# SUM >= 2
# SUM >= 2
q 4 8 16 9 16 10 16 11 16 
q 16 12 0 12 1 12 2 12 3 13 0 13 1 13 2 13 3 14 0 14 1 14 2 14 3 15 0 15 1 15 2 15 3 
q 16 12 4 12 5 12 6 12 7 13 4 13 5 13 6 13 7 14 4 14 5 14 6 14 7 15 4 15 5 15 6 15 7 
q 16 12 8 12 9 12 10 12 11 13 8 13 9 13 10 13 11 14 8 14 9 14 10 14 11 15 8 15 9 15 10 15 11 
# SUM >= 2
q 4 14 8 14 9 15 8 15 9 
q 1 14 8 
q 1 14 9 
#c 14 9 green
# searchh
q 1 14 10 
#c 14 10 green
# found/all 124 133
q 1 15 9 
#c 15 9 green
# found/all 125 133
q 1 13 10 
#c 13 10 green
# found/all 126 133
q 1 14 11 
#c 14 11 green
# found/all 127 133
q 1 15 10 
#c 15 10 green
# found/all 128 133
q 1 15 8 
#c 15 8 green
# found/all 129 133
q 1 16 9 
#c 16 9 green
# found/all 130 133
q 1 13 11 
q 1 14 12 
q 1 15 11 
#c 15 11 green
# found/all 131 133
q 1 16 10 
q 1 15 7 
q 1 16 8 
#c 16 8 green
# found/all 132 133
q 1 15 12 
q 1 16 11 
q 1 16 7 
#c 16 7 green
# found/all 133 133
a 92 4 6 4 7 5 6 4 8 5 7 5 5 6 6 3 8 4 9 6 5 7 6 4 10 6 4 7 5 8 6 4 11 5 10 7 4 8 7 9 6 4 12 5 11 6 10 8 4 8 8 9 7 10 6 4 13 5 12 6 11 6 9 7 10 8 3 9 4 7 8 8 9 9 8 10 7 11 6 3 13 4 14 5 13 6 12 7 11 7 9 8 10 10 4 9 9 10 8 11 7 5 14 6 13 7 12 8 11 9 10 10 9 11 8 5 15 7 13 8 12 9 11 10 10 11 9 12 8 5 16 6 15 7 14 8 13 9 12 10 11 11 10 12 9 7 15 9 13 10 12 11 11 9 14 10 13 11 12 11 13 11 14 14 9 14 10 15 9 13 10 14 11 15 10 15 8 16 9 15 11 16 8 16 7 
