# [[0, 0], [0, 1], [1, 0], [2, 0]]
# [[0, 0], [0, 1], [0, 2], [0, 3]]
# [[0, 1], [1, 1], [2, 0], [2, 1]]
# [[0, 0], [1, 0], [2, 0], [3, 0]]
# [[0, 0], [1, 0], [1, 1], [2, 1]]
# [[0, 1], [1, 0], [1, 1], [2, 0]]
# [[0, 0], [1, 0], [2, 0], [3, 0]]
# [[0, 0], [1, 0], [1, 1], [1, 2]]
# [[0, 1], [1, 0], [1, 1], [1, 2]]
# [[0, 1], [1, 0], [1, 1], [2, 1]]
# [[0, 1], [0, 2], [1, 0], [1, 1]]
# [[0, 1], [1, 0], [1, 1], [1, 2]]
# [[0, 1], [1, 0], [1, 1], [2, 0]]
# [[0, 0], [0, 1], [1, 0], [1, 1]]
# [[0, 1], [0, 2], [1, 0], [1, 1]]
# [[0, 0], [1, 0], [1, 1], [2, 0]]
# [[0, 0], [1, 0], [2, 0], [3, 0]]
# [[0, 0], [0, 1], [0, 2], [1, 1]]
# [[0, 2], [1, 0], [1, 1], [1, 2]]
q 16 0 0 0 1 0 2 0 3 1 0 1 1 1 2 1 3 2 0 2 1 2 2 2 3 3 0 3 1 3 2 3 3 
q 16 0 4 0 5 0 6 0 7 1 4 1 5 1 6 1 7 2 4 2 5 2 6 2 7 3 4 3 5 3 6 3 7 
q 4 0 4 0 5 1 4 1 5 
q 4 0 6 0 7 1 6 1 7 
q 1 0 6 
q 1 0 7 
#c 0 7 green
# searchh
q 1 0 8 
q 1 1 7 
#c 1 7 green
# found/all 2 76
q 1 1 6 
#c 1 6 green
# found/all 3 76
q 1 1 8 
#c 1 8 green
# found/all 5 76
q 1 2 7 
q 1 1 5 
q 1 2 6 
#c 2 6 green
# found/all 6 76
q 1 1 9 
#c 1 9 green
# found/all 8 76
q 1 2 8 
q 1 2 5 
q 1 3 6 
#c 3 6 green
# found/all 9 76
q 1 0 9 
#c 0 9 green
# found/all 10 76
q 1 1 10 
q 1 2 9 
q 1 3 5 
q 1 3 7 
q 1 4 6 
#c 4 6 green
# found/all 11 76
q 1 0 10 
#c 0 10 green
# found/all 12 76
q 1 4 5 
q 1 4 7 
#c 4 7 green
# found/all 13 76
q 1 5 6 
#c 5 6 green
# found/all 14 76
q 1 0 11 
q 1 4 8 
q 1 5 7 
#c 5 7 green
# found/all 15 76
q 1 5 5 
#c 5 5 green
# found/all 16 76
q 1 6 6 
q 1 5 8 
#c 5 8 green
# found/all 17 76
q 1 6 7 
q 1 5 4 
#c 5 4 green
# found/all 18 76
q 1 6 5 
q 1 5 9 
q 1 6 8 
q 1 4 4 
#c 4 4 green
# found/all 19 76
q 1 5 3 
#c 5 3 green
# found/all 20 76
q 1 6 4 
#c 6 4 green
# found/all 21 76
q 1 3 4 
q 1 4 3 
q 1 5 2 
#c 5 2 green
# found/all 22 76
q 1 6 3 
#c 6 3 green
# found/all 23 76
q 1 7 4 
q 1 4 2 
q 1 5 1 
q 1 6 2 
#c 6 2 green
# found/all 24 76
q 1 7 3 
q 1 6 1 
q 1 7 2 
q 4 2 4 2 5 3 4 3 5 
# SUM >= 2
q 16 0 8 0 9 0 10 0 11 1 8 1 9 1 10 1 11 2 8 2 9 2 10 2 11 3 8 3 9 3 10 3 11 
# SUM >= 2
q 4 2 8 2 9 3 8 3 9 
q 4 2 10 2 11 3 10 3 11 
q 16 0 12 0 13 0 14 0 15 1 12 1 13 1 14 1 15 2 12 2 13 2 14 2 15 3 12 3 13 3 14 3 15 
q 16 0 16 0 17 0 18 0 19 1 16 1 17 1 18 1 19 2 16 2 17 2 18 2 19 3 16 3 17 3 18 3 19 
q 4 0 16 0 17 1 16 1 17 
q 4 0 18 0 19 1 18 1 19 
q 1 0 18 
q 1 0 19 
#c 0 19 green
# searchh
q 1 1 19 
#c 1 19 green
# found/all 26 76
q 1 1 18 
#c 1 18 green
# found/all 27 76
q 1 2 19 
#c 2 19 green
# found/all 28 76
q 1 1 17 
q 1 2 18 
q 1 3 19 
q 4 2 16 2 17 3 16 3 17 
q 4 2 18 2 19 3 18 3 19 
q 16 4 0 4 1 4 2 4 3 5 0 5 1 5 2 5 3 6 0 6 1 6 2 6 3 7 0 7 1 7 2 7 3 
q 4 4 0 4 1 5 0 5 1 
# SUM >= 2
q 4 6 0 6 1 7 0 7 1 
q 1 6 0 
#c 6 0 green
# searchh
q 1 5 0 
q 1 7 0 
#c 7 0 green
# found/all 30 76
q 1 7 1 
q 1 8 0 
#c 8 0 green
# found/all 31 76
q 1 8 1 
q 1 9 0 
#c 9 0 green
# found/all 32 76
q 1 9 1 
#c 9 1 green
# found/all 33 76
q 1 10 0 
q 1 9 2 
#c 9 2 green
# found/all 34 76
q 1 10 1 
q 1 8 2 
q 1 9 3 
#c 9 3 green
# found/all 35 76
q 1 10 2 
q 1 8 3 
q 1 9 4 
#c 9 4 green
# found/all 36 76
q 1 10 3 
q 1 8 4 
q 1 9 5 
q 1 10 4 
# SUM >= 2
q 16 4 4 4 5 4 6 4 7 5 4 5 5 5 6 5 7 6 4 6 5 6 6 6 7 7 4 7 5 7 6 7 7 
# SUM >= 2
q 4 6 4 6 5 7 4 7 5 
q 4 6 6 6 7 7 6 7 7 
q 16 4 8 4 9 4 10 4 11 5 8 5 9 5 10 5 11 6 8 6 9 6 10 6 11 7 8 7 9 7 10 7 11 
q 4 4 8 4 9 5 8 5 9 
q 4 4 10 4 11 5 10 5 11 
q 4 6 8 6 9 7 8 7 9 
q 4 6 10 6 11 7 10 7 11 
q 16 4 12 4 13 4 14 4 15 5 12 5 13 5 14 5 15 6 12 6 13 6 14 6 15 7 12 7 13 7 14 7 15 
q 4 4 12 4 13 5 12 5 13 
q 4 4 14 4 15 5 14 5 15 
q 4 6 12 6 13 7 12 7 13 
q 4 6 14 6 15 7 14 7 15 
q 16 4 16 4 17 4 18 4 19 5 16 5 17 5 18 5 19 6 16 6 17 6 18 6 19 7 16 7 17 7 18 7 19 
q 16 8 0 8 1 8 2 8 3 9 0 9 1 9 2 9 3 10 0 10 1 10 2 10 3 11 0 11 1 11 2 11 3 
# SUM >= 2
q 4 10 0 10 1 11 0 11 1 
q 4 10 2 10 3 11 2 11 3 
q 1 11 2 
#c 11 2 green
# searchh
q 1 11 1 
#c 11 1 green
# found/all 38 76
q 1 11 3 
#c 11 3 green
# found/all 39 76
q 1 12 2 
#c 12 2 green
# found/all 40 76
q 1 11 0 
q 1 12 1 
q 1 11 4 
#c 11 4 green
# found/all 41 76
q 1 12 3 
q 1 13 2 
q 1 11 5 
#c 11 5 green
# found/all 42 76
q 1 12 4 
#c 12 4 green
# found/all 43 76
q 1 10 5 
#c 10 5 green
# found/all 44 76
q 1 11 6 
q 1 12 5 
q 1 13 4 
q 1 10 6 
q 16 8 4 8 5 8 6 8 7 9 4 9 5 9 6 9 7 10 4 10 5 10 6 10 7 11 4 11 5 11 6 11 7 
q 4 8 4 8 5 9 4 9 5 
q 4 8 6 8 7 9 6 9 7 
# SUM >= 2
q 16 8 8 8 9 8 10 8 11 9 8 9 9 9 10 9 11 10 8 10 9 10 10 10 11 11 8 11 9 11 10 11 11 
q 4 8 8 8 9 9 8 9 9 
q 1 8 8 
#c 8 8 green
# searchh
q 1 7 8 
#c 7 8 green
# found/all 46 76
q 1 8 7 
q 1 8 9 
#c 8 9 green
# found/all 47 76
q 1 9 8 
q 1 7 7 
q 1 7 9 
q 1 8 10 
q 1 9 9 
#c 9 9 green
# found/all 48 76
q 1 9 10 
q 1 10 9 
q 4 8 10 8 11 9 10 9 11 
q 4 10 8 10 9 11 8 11 9 
q 4 10 10 10 11 11 10 11 11 
q 1 10 10 
#c 10 10 green
# searchh
q 1 10 11 
#c 10 11 green
# found/all 50 76
q 1 11 10 
q 1 9 11 
#c 9 11 green
# found/all 51 76
q 1 10 12 
q 1 11 11 
q 1 8 11 
#c 8 11 green
# found/all 52 76
q 1 9 12 
q 1 7 11 
q 1 8 12 
q 16 8 12 8 13 8 14 8 15 9 12 9 13 9 14 9 15 10 12 10 13 10 14 10 15 11 12 11 13 11 14 11 15 
q 4 8 12 8 13 9 12 9 13 
q 4 8 14 8 15 9 14 9 15 
q 4 10 12 10 13 11 12 11 13 
q 4 10 14 10 15 11 14 11 15 
q 16 8 16 8 17 8 18 8 19 9 16 9 17 9 18 9 19 10 16 10 17 10 18 10 19 11 16 11 17 11 18 11 19 
q 16 12 0 12 1 12 2 12 3 13 0 13 1 13 2 13 3 14 0 14 1 14 2 14 3 15 0 15 1 15 2 15 3 
q 4 12 0 12 1 13 0 13 1 
q 4 12 2 12 3 13 2 13 3 
q 1 13 3 
q 4 14 0 14 1 15 0 15 1 
q 4 14 2 14 3 15 2 15 3 
q 16 12 4 12 5 12 6 12 7 13 4 13 5 13 6 13 7 14 4 14 5 14 6 14 7 15 4 15 5 15 6 15 7 
q 4 12 4 12 5 13 4 13 5 
q 1 13 5 
#c 13 5 green
# searchh
q 1 13 6 
#c 13 6 green
# found/all 54 76
q 1 14 5 
#c 14 5 green
# found/all 55 76
q 1 12 6 
#c 12 6 green
# found/all 56 76
q 1 13 7 
q 1 14 6 
q 1 14 4 
q 1 15 5 
q 1 12 7 
# SUM >= 2
q 4 14 4 14 5 15 4 15 5 
q 4 14 6 14 7 15 6 15 7 
q 16 12 8 12 9 12 10 12 11 13 8 13 9 13 10 13 11 14 8 14 9 14 10 14 11 15 8 15 9 15 10 15 11 
q 4 12 8 12 9 13 8 13 9 
q 4 12 10 12 11 13 10 13 11 
q 4 14 8 14 9 15 8 15 9 
q 4 14 10 14 11 15 10 15 11 
q 16 12 12 12 13 12 14 12 15 13 12 13 13 13 14 13 15 14 12 14 13 14 14 14 15 15 12 15 13 15 14 15 15 
q 4 12 12 12 13 13 12 13 13 
q 4 12 14 12 15 13 14 13 15 
q 4 14 12 14 13 15 12 15 13 
q 4 14 14 14 15 15 14 15 15 
q 16 12 16 12 17 12 18 12 19 13 16 13 17 13 18 13 19 14 16 14 17 14 18 14 19 15 16 15 17 15 18 15 19 
q 16 16 0 16 1 16 2 16 3 17 0 17 1 17 2 17 3 18 0 18 1 18 2 18 3 19 0 19 1 19 2 19 3 
q 4 16 0 16 1 17 0 17 1 
q 1 16 0 
#c 16 0 green
# searchh
q 1 15 0 
q 1 16 1 
#c 16 1 green
# found/all 59 76
q 1 17 0 
#c 17 0 green
# found/all 60 76
q 1 15 1 
#c 15 1 green
# found/all 61 76
q 1 16 2 
q 1 17 1 
#c 17 1 green
# found/all 62 76
q 1 18 0 
#c 18 0 green
# found/all 63 76
q 1 14 1 
#c 14 1 green
# found/all 64 76
q 1 15 2 
q 1 17 2 
q 1 18 1 
q 1 19 0 
q 1 13 1 
q 1 14 0 
q 1 14 2 
q 4 16 2 16 3 17 2 17 3 
q 4 18 0 18 1 19 0 19 1 
q 4 18 2 18 3 19 2 19 3 
q 16 16 4 16 5 16 6 16 7 17 4 17 5 17 6 17 7 18 4 18 5 18 6 18 7 19 4 19 5 19 6 19 7 
q 4 16 4 16 5 17 4 17 5 
q 1 16 4 
q 1 16 5 
#c 16 5 green
# searchh
q 1 16 6 
q 1 17 5 
#c 17 5 green
# found/all 67 76
q 1 17 4 
#c 17 4 green
# found/all 68 76
q 1 17 6 
q 1 18 5 
#c 18 5 green
# found/all 69 76
q 1 17 3 
#c 17 3 green
# found/all 70 76
q 1 18 4 
#c 18 4 green
# found/all 71 76
q 1 18 6 
#c 18 6 green
# found/all 72 76
q 1 19 5 
q 1 16 3 
q 1 18 3 
q 1 19 4 
q 1 18 7 
q 1 19 6 
q 4 16 6 16 7 17 6 17 7 
# SUM >= 2
q 16 16 8 16 9 16 10 16 11 17 8 17 9 17 10 17 11 18 8 18 9 18 10 18 11 19 8 19 9 19 10 19 11 
q 4 16 8 16 9 17 8 17 9 
q 4 16 10 16 11 17 10 17 11 
q 4 18 8 18 9 19 8 19 9 
q 4 18 10 18 11 19 10 19 11 
q 16 16 12 16 13 16 14 16 15 17 12 17 13 17 14 17 15 18 12 18 13 18 14 18 15 19 12 19 13 19 14 19 15 
q 16 16 16 16 17 16 18 16 19 17 16 17 17 17 18 17 19 18 16 18 17 18 18 18 19 19 16 19 17 19 18 19 19 
# ==================================
# found/all 72 76
# ==================================
q 16 0 0 0 1 0 2 0 3 1 0 1 1 1 2 1 3 2 0 2 1 2 2 2 3 3 0 3 1 3 2 3 3 
q 16 0 4 0 5 0 6 0 7 1 4 1 5 1 6 1 7 2 4 2 5 2 6 2 7 3 4 3 5 3 6 3 7 
q 4 0 4 0 5 1 4 1 5 
# SUM >= 2
q 4 2 4 2 5 3 4 3 5 
# SUM >= 2
q 16 0 8 0 9 0 10 0 11 1 8 1 9 1 10 1 11 2 8 2 9 2 10 2 11 3 8 3 9 3 10 3 11 
# SUM >= 2
q 4 2 8 2 9 3 8 3 9 
q 4 2 10 2 11 3 10 3 11 
q 1 2 10 
q 1 2 11 
q 1 3 10 
q 1 3 11 
q 16 0 12 0 13 0 14 0 15 1 12 1 13 1 14 1 15 2 12 2 13 2 14 2 15 3 12 3 13 3 14 3 15 
q 4 0 12 0 13 1 12 1 13 
q 1 0 12 
q 1 0 13 
q 1 1 12 
q 1 1 13 
q 4 0 14 0 15 1 14 1 15 
q 4 2 12 2 13 3 12 3 13 
q 4 2 14 2 15 3 14 3 15 
q 16 0 16 0 17 0 18 0 19 1 16 1 17 1 18 1 19 2 16 2 17 2 18 2 19 3 16 3 17 3 18 3 19 
q 4 0 16 0 17 1 16 1 17 
# SUM >= 2
q 4 2 16 2 17 3 16 3 17 
q 4 2 18 2 19 3 18 3 19 
q 1 3 18 
q 16 4 0 4 1 4 2 4 3 5 0 5 1 5 2 5 3 6 0 6 1 6 2 6 3 7 0 7 1 7 2 7 3 
q 4 4 0 4 1 5 0 5 1 
# SUM >= 2
# SUM >= 2
q 16 4 4 4 5 4 6 4 7 5 4 5 5 5 6 5 7 6 4 6 5 6 6 6 7 7 4 7 5 7 6 7 7 
# SUM >= 2
q 4 6 4 6 5 7 4 7 5 
q 1 7 5 
q 4 6 6 6 7 7 6 7 7 
q 16 4 8 4 9 4 10 4 11 5 8 5 9 5 10 5 11 6 8 6 9 6 10 6 11 7 8 7 9 7 10 7 11 
q 4 4 8 4 9 5 8 5 9 
q 1 4 9 
q 4 4 10 4 11 5 10 5 11 
q 1 4 10 
q 1 4 11 
q 1 5 10 
q 1 5 11 
#c 5 11 green
# searchh
q 1 5 12 
#c 5 12 green
# found/all 74 76
q 1 6 11 
#c 6 11 green
# found/all 75 76
q 1 4 12 
q 1 5 13 
q 1 6 12 
q 1 6 10 
#c 6 10 green
# found/all 76 76
a 72 0 7 1 7 1 6 1 8 2 6 1 9 3 6 0 9 4 6 0 10 4 7 5 6 5 7 5 5 5 8 5 4 4 4 5 3 6 4 5 2 6 3 6 2 0 19 1 19 1 18 2 19 6 0 7 0 8 0 9 0 9 1 9 2 9 3 9 4 11 2 11 1 11 3 12 2 11 4 11 5 12 4 10 5 8 8 7 8 8 9 9 9 10 10 10 11 9 11 8 11 13 5 13 6 14 5 12 6 16 0 16 1 17 0 15 1 17 1 18 0 14 1 16 5 17 5 17 4 18 5 17 3 18 4 18 6 5 11 5 12 6 11 6 10 
