# [[0, 1], [1, 0], [1, 1], [1, 2], [2, 1], [2, 2], [2, 3], [3, 1]]
# [[0, 3], [1, 0], [1, 1], [1, 2], [1, 3], [2, 1], [2, 2], [3, 1]]
# [[0, 0], [1, 0], [2, 0], [2, 1], [3, 0], [3, 1]]
# [[0, 1], [0, 3], [1, 0], [1, 1], [1, 2], [1, 3], [2, 0], [2, 1]]
# [[0, 1], [1, 1], [2, 0], [2, 1], [3, 0], [3, 1], [3, 2]]
# [[0, 0], [1, 0], [1, 1], [1, 2], [1, 3], [2, 1], [3, 1]]
# [[0, 0], [0, 1], [1, 0], [1, 1], [1, 2], [2, 1], [2, 2]]
# [[0, 0], [0, 1], [0, 2], [1, 1]]
# [[0, 0], [0, 1], [1, 1], [2, 0], [2, 1]]
# [[0, 0], [0, 1], [0, 2], [1, 1], [1, 2]]
# [[0, 3], [1, 3], [2, 2], [2, 3], [3, 1], [3, 2], [4, 0], [4, 1]]
# [[0, 2], [0, 3], [1, 0], [1, 1], [1, 2], [1, 3], [2, 2], [2, 3]]
q 16 0 0 0 1 0 2 0 3 1 0 1 1 1 2 1 3 2 0 2 1 2 2 2 3 3 0 3 1 3 2 3 3 
q 16 0 4 0 5 0 6 0 7 1 4 1 5 1 6 1 7 2 4 2 5 2 6 2 7 3 4 3 5 3 6 3 7 
q 16 0 8 0 9 0 10 0 11 1 8 1 9 1 10 1 11 2 8 2 9 2 10 2 11 3 8 3 9 3 10 3 11 
q 4 0 8 0 9 1 8 1 9 
q 4 0 10 0 11 1 10 1 11 
q 4 2 8 2 9 3 8 3 9 
q 1 2 8 
q 1 2 9 
q 1 3 8 
q 1 3 9 
#c 3 9 green
# searchh
q 1 3 10 
#c 3 10 green
# found/all 2 81
q 1 4 9 
#c 4 9 green
# found/all 3 81
q 1 2 10 
#c 2 10 green
# found/all 4 81
q 1 3 11 
q 1 4 10 
q 1 4 8 
#c 4 8 green
# found/all 5 81
q 1 5 9 
q 1 1 10 
#c 1 10 green
# found/all 6 81
q 1 2 11 
q 1 4 7 
q 1 5 8 
#c 5 8 green
# found/all 7 81
q 1 0 10 
q 1 1 9 
q 1 1 11 
q 1 5 7 
#c 5 7 green
# found/all 8 81
q 1 6 8 
q 1 5 6 
q 1 6 7 
# SUM >= 2
q 16 0 12 0 13 0 14 0 15 1 12 1 13 1 14 1 15 2 12 2 13 2 14 2 15 3 12 3 13 3 14 3 15 
q 4 0 12 0 13 1 12 1 13 
q 4 0 14 0 15 1 14 1 15 
q 4 2 12 2 13 3 12 3 13 
q 4 2 14 2 15 3 14 3 15 
q 8 0 16 0 17 1 16 1 17 2 16 2 17 3 16 3 17 
q 16 4 0 4 1 4 2 4 3 5 0 5 1 5 2 5 3 6 0 6 1 6 2 6 3 7 0 7 1 7 2 7 3 
q 4 4 0 4 1 5 0 5 1 
q 4 4 2 4 3 5 2 5 3 
q 1 4 2 
#c 4 2 green
# searchh
q 1 3 2 
q 1 4 1 
#c 4 1 green
# found/all 10 81
q 1 4 3 
#c 4 3 green
# found/all 11 81
q 1 5 2 
#c 5 2 green
# found/all 12 81
q 1 3 1 
q 1 4 0 
q 1 5 1 
q 1 3 3 
q 1 4 4 
q 1 5 3 
q 1 6 2 
q 4 6 0 6 1 7 0 7 1 
q 4 6 2 6 3 7 2 7 3 
q 16 4 4 4 5 4 6 4 7 5 4 5 5 5 6 5 7 6 4 6 5 6 6 6 7 7 4 7 5 7 6 7 7 
q 4 4 4 4 5 5 4 5 5 
q 4 4 6 4 7 5 6 5 7 
q 4 6 4 6 5 7 4 7 5 
q 1 6 4 
q 1 6 5 
#c 6 5 green
# searchh
q 1 5 5 
q 1 6 6 
#c 6 6 green
# found/all 14 81
q 1 7 5 
#c 7 5 green
# found/all 15 81
q 1 7 6 
#c 7 6 green
# found/all 16 81
q 1 7 4 
q 1 8 5 
q 1 7 7 
#c 7 7 green
# found/all 17 81
q 1 8 6 
#c 8 6 green
# found/all 18 81
q 1 7 8 
q 1 8 7 
#c 8 7 green
# found/all 19 81
q 1 9 6 
q 1 8 8 
q 1 9 7 
# SUM >= 2
q 16 4 8 4 9 4 10 4 11 5 8 5 9 5 10 5 11 6 8 6 9 6 10 6 11 7 8 7 9 7 10 7 11 
# SUM >= 2
q 4 6 8 6 9 7 8 7 9 
q 4 6 10 6 11 7 10 7 11 
q 16 4 12 4 13 4 14 4 15 5 12 5 13 5 14 5 15 6 12 6 13 6 14 6 15 7 12 7 13 7 14 7 15 
q 4 4 12 4 13 5 12 5 13 
q 1 4 12 
q 1 4 13 
#c 4 13 green
# searchh
q 1 3 13 
#c 3 13 green
# found/all 21 81
q 1 4 14 
#c 4 14 green
# found/all 22 81
q 1 5 13 
#c 5 13 green
# found/all 23 81
q 1 2 13 
q 1 3 12 
q 1 3 14 
q 1 4 15 
#c 4 15 green
# found/all 24 81
q 1 5 14 
#c 5 14 green
# found/all 25 81
q 1 5 12 
q 1 6 13 
#c 6 13 green
# found/all 26 81
q 1 3 15 
q 1 4 16 
#c 4 16 green
# found/all 27 81
q 1 5 15 
q 1 6 14 
#c 6 14 green
# found/all 28 81
q 1 6 12 
q 1 7 13 
#c 7 13 green
# found/all 29 81
q 1 3 16 
q 1 4 17 
q 1 5 16 
q 1 6 15 
q 1 7 14 
#c 7 14 green
# found/all 30 81
q 1 7 12 
q 1 8 13 
#c 8 13 green
# found/all 31 81
q 1 7 15 
q 1 8 14 
#c 8 14 green
# found/all 32 81
q 1 8 12 
q 1 9 13 
q 1 8 15 
q 1 9 14 
# SUM >= 2
# SUM >= 2
q 8 4 16 4 17 5 16 5 17 6 16 6 17 7 16 7 17 
q 4 4 16 4 17 5 16 5 17 
q 4 6 16 6 17 7 16 7 17 
q 16 8 0 8 1 8 2 8 3 9 0 9 1 9 2 9 3 10 0 10 1 10 2 10 3 11 0 11 1 11 2 11 3 
q 4 8 0 8 1 9 0 9 1 
q 4 8 2 8 3 9 2 9 3 
q 4 10 0 10 1 11 0 11 1 
q 1 10 0 
q 1 10 1 
#c 10 1 green
# searchh
q 1 9 1 
q 1 10 2 
#c 10 2 green
# found/all 34 81
q 1 11 1 
#c 11 1 green
# found/all 36 81
q 1 9 2 
q 1 10 3 
#c 10 3 green
# found/all 37 81
q 1 11 2 
#c 11 2 green
# found/all 40 81
q 1 11 0 
#c 11 0 green
# found/all 42 81
q 1 12 1 
#c 12 1 green
# found/all 45 81
q 1 9 3 
q 1 10 4 
q 1 11 3 
#c 11 3 green
# found/all 46 81
q 1 12 2 
#c 12 2 green
# found/all 49 81
q 1 12 0 
q 1 13 1 
#c 13 1 green
# found/all 52 81
q 1 11 4 
q 1 12 3 
#c 12 3 green
# found/all 53 81
q 1 13 2 
#c 13 2 green
# found/all 54 81
q 1 13 0 
q 1 14 1 
#c 14 1 green
# found/all 55 81
q 1 12 4 
#c 12 4 green
# found/all 56 81
q 1 13 3 
#c 13 3 green
# found/all 57 81
q 1 14 2 
q 1 14 0 
#c 14 0 green
# found/all 58 81
q 1 15 1 
#c 15 1 green
# found/all 59 81
q 1 12 5 
#c 12 5 green
# found/all 60 81
q 1 13 4 
q 1 14 3 
q 1 15 0 
q 1 15 2 
q 1 16 1 
#c 16 1 green
# found/all 61 81
q 1 11 5 
q 1 12 6 
#c 12 6 green
# found/all 62 81
q 1 13 5 
q 1 16 0 
#c 16 0 green
# found/all 63 81
q 1 16 2 
q 1 17 1 
q 1 11 6 
#c 11 6 green
# found/all 64 81
q 1 12 7 
#c 12 7 green
# found/all 65 81
q 1 13 6 
#c 13 6 green
# found/all 66 81
q 1 17 0 
q 1 10 6 
q 1 11 7 
#c 11 7 green
# found/all 67 81
q 1 12 8 
q 1 13 7 
#c 13 7 green
# found/all 68 81
q 1 14 6 
q 1 10 7 
q 1 11 8 
q 1 13 8 
q 1 14 7 
# SUM >= 2
q 16 8 4 8 5 8 6 8 7 9 4 9 5 9 6 9 7 10 4 10 5 10 6 10 7 11 4 11 5 11 6 11 7 
q 4 8 4 8 5 9 4 9 5 
# SUM >= 2
q 4 10 4 10 5 11 4 11 5 
# SUM >= 2
q 16 8 8 8 9 8 10 8 11 9 8 9 9 9 10 9 11 10 8 10 9 10 10 10 11 11 8 11 9 11 10 11 11 
q 4 8 8 8 9 9 8 9 9 
q 4 8 10 8 11 9 10 9 11 
q 4 10 8 10 9 11 8 11 9 
q 4 10 10 10 11 11 10 11 11 
q 16 8 12 8 13 8 14 8 15 9 12 9 13 9 14 9 15 10 12 10 13 10 14 10 15 11 12 11 13 11 14 11 15 
q 4 8 12 8 13 9 12 9 13 
q 1 9 12 
q 4 8 14 8 15 9 14 9 15 
q 4 10 12 10 13 11 12 11 13 
q 4 10 14 10 15 11 14 11 15 
q 8 8 16 8 17 9 16 9 17 10 16 10 17 11 16 11 17 
q 16 12 0 12 1 12 2 12 3 13 0 13 1 13 2 13 3 14 0 14 1 14 2 14 3 15 0 15 1 15 2 15 3 
# SUM >= 2
# SUM >= 2
q 16 12 4 12 5 12 6 12 7 13 4 13 5 13 6 13 7 14 4 14 5 14 6 14 7 15 4 15 5 15 6 15 7 
# SUM >= 2
q 4 14 4 14 5 15 4 15 5 
q 4 14 6 14 7 15 6 15 7 
q 1 15 6 
q 1 15 7 
#c 15 7 green
# searchh
q 1 15 8 
q 1 16 7 
#c 16 7 green
# found/all 70 81
q 1 16 6 
#c 16 6 green
# found/all 72 81
q 1 16 8 
#c 16 8 green
# found/all 73 81
q 1 17 7 
#c 17 7 green
# found/all 74 81
q 1 16 5 
#c 16 5 green
# found/all 75 81
q 1 17 6 
#c 17 6 green
# found/all 77 81
q 1 16 9 
#c 16 9 green
# found/all 78 81
q 1 17 8 
q 1 15 5 
q 1 16 4 
#c 16 4 green
# found/all 79 81
q 1 17 5 
#c 17 5 green
# found/all 80 81
q 1 15 9 
#c 15 9 green
# found/all 81 81
a 69 3 9 3 10 4 9 2 10 4 8 1 10 5 8 5 7 4 2 4 1 4 3 5 2 6 5 6 6 7 5 7 6 7 7 8 6 8 7 4 13 3 13 4 14 5 13 4 15 5 14 6 13 4 16 6 14 7 13 7 14 8 13 8 14 10 1 10 2 11 1 10 3 11 2 11 0 12 1 11 3 12 2 13 1 12 3 13 2 14 1 12 4 13 3 14 0 15 1 12 5 16 1 12 6 16 0 11 6 12 7 13 6 11 7 13 7 15 7 16 7 16 6 16 8 17 7 16 5 17 6 16 9 16 4 17 5 15 9 
