# [[0, 1], [0, 2], [1, 0], [1, 1], [2, 0], [2, 1]]
# [[0, 0], [0, 1], [0, 2], [1, 1], [2, 1], [2, 2]]
# [[0, 2], [1, 0], [1, 1], [1, 2], [2, 1], [2, 2]]
# [[0, 0], [0, 1], [0, 2], [0, 3], [1, 2], [2, 2]]
# [[0, 3], [1, 0], [1, 1], [1, 2], [1, 3], [2, 3]]
# [[0, 3], [1, 0], [1, 1], [1, 2], [1, 3], [2, 1]]
# [[0, 0], [0, 1], [0, 2], [0, 3], [1, 0], [1, 1]]
# [[0, 1], [0, 2], [1, 0], [1, 1], [1, 2], [1, 3]]
# [[0, 0], [1, 0], [2, 0], [2, 1], [2, 2], [3, 2]]
q 16 0 0 0 1 0 2 0 3 1 0 1 1 1 2 1 3 2 0 2 1 2 2 2 3 3 0 3 1 3 2 3 3 
q 4 0 0 0 1 1 0 1 1 
q 4 0 2 0 3 1 2 1 3 
q 1 0 2 
#c 0 2 green
# searchh
q 1 0 1 
q 1 0 3 
#c 0 3 green
# found/all 2 54
q 1 1 2 
#c 1 2 green
# found/all 3 54
q 1 0 4 
q 1 1 3 
#c 1 3 green
# found/all 4 54
q 1 1 1 
#c 1 1 green
# found/all 5 54
q 1 2 2 
q 1 1 4 
#c 1 4 green
# found/all 6 54
q 1 2 3 
q 1 1 0 
q 1 2 1 
q 1 1 5 
q 1 2 4 
q 4 2 0 2 1 3 0 3 1 
q 4 2 2 2 3 3 2 3 3 
q 16 0 4 0 5 0 6 0 7 1 4 1 5 1 6 1 7 2 4 2 5 2 6 2 7 3 4 3 5 3 6 3 7 
q 4 0 4 0 5 1 4 1 5 
q 1 0 5 
q 4 0 6 0 7 1 6 1 7 
q 4 2 4 2 5 3 4 3 5 
q 4 2 6 2 7 3 6 3 7 
q 16 0 8 0 9 0 10 0 11 1 8 1 9 1 10 1 11 2 8 2 9 2 10 2 11 3 8 3 9 3 10 3 11 
q 4 0 8 0 9 1 8 1 9 
q 4 0 10 0 11 1 10 1 11 
q 4 2 8 2 9 3 8 3 9 
q 4 2 10 2 11 3 10 3 11 
q 1 2 10 
q 1 2 11 
#c 2 11 green
# searchh
q 1 1 11 
#c 1 11 green
# found/all 8 54
q 1 2 12 
q 1 3 11 
#c 3 11 green
# found/all 9 54
q 1 0 11 
q 1 1 10 
#c 1 10 green
# found/all 10 54
q 1 1 12 
#c 1 12 green
# found/all 11 54
q 1 3 10 
q 1 3 12 
#c 3 12 green
# found/all 12 54
q 1 4 11 
q 1 0 10 
q 1 1 9 
q 1 0 12 
q 1 1 13 
q 1 3 13 
q 1 4 12 
#c 4 12 green
# found/all 13 54
q 1 4 13 
#c 4 13 green
# found/all 14 54
q 1 5 12 
#c 5 12 green
# found/all 15 54
q 1 4 14 
q 1 5 13 
q 1 5 11 
#c 5 11 green
# found/all 16 54
q 1 6 12 
#c 6 12 green
# found/all 17 54
q 1 5 10 
q 1 6 11 
#c 6 11 green
# found/all 18 54
q 1 6 13 
q 1 7 12 
q 1 6 10 
q 1 7 11 
q 12 0 12 0 13 0 14 1 12 1 13 1 14 2 12 2 13 2 14 3 12 3 13 3 14 
q 4 0 12 0 13 1 12 1 13 
q 2 0 14 1 14 
q 4 2 12 2 13 3 12 3 13 
q 2 2 14 3 14 
q 16 4 0 4 1 4 2 4 3 5 0 5 1 5 2 5 3 6 0 6 1 6 2 6 3 7 0 7 1 7 2 7 3 
q 4 4 0 4 1 5 0 5 1 
q 4 4 2 4 3 5 2 5 3 
q 4 6 0 6 1 7 0 7 1 
q 4 6 2 6 3 7 2 7 3 
q 1 6 2 
q 1 6 3 
#c 6 3 green
# searchh
q 1 5 3 
q 1 6 4 
#c 6 4 green
# found/all 20 54
q 1 7 3 
q 1 5 4 
q 1 6 5 
#c 6 5 green
# found/all 21 54
q 1 7 4 
#c 7 4 green
# found/all 22 54
q 1 5 5 
q 1 6 6 
#c 6 6 green
# found/all 23 54
q 1 7 5 
q 1 8 4 
q 1 5 6 
#c 5 6 green
# found/all 25 54
q 1 6 7 
q 1 7 6 
q 1 4 6 
q 1 5 7 
#c 5 7 green
# found/all 26 54
q 1 4 7 
q 1 5 8 
#c 5 8 green
# found/all 27 54
q 1 4 8 
q 1 5 9 
#c 5 9 green
# found/all 28 54
q 1 6 8 
q 1 4 9 
#c 4 9 green
# found/all 29 54
q 1 6 9 
#c 6 9 green
# found/all 30 54
q 1 3 9 
q 1 4 10 
q 1 7 9 
q 1 7 2 
q 16 4 4 4 5 4 6 4 7 5 4 5 5 5 6 5 7 6 4 6 5 6 6 6 7 7 4 7 5 7 6 7 7 
q 4 4 4 4 5 5 4 5 5 
# SUM >= 2
# SUM >= 2
q 16 4 8 4 9 4 10 4 11 5 8 5 9 5 10 5 11 6 8 6 9 6 10 6 11 7 8 7 9 7 10 7 11 
# SUM >= 2
q 4 6 8 6 9 7 8 7 9 
q 4 6 10 6 11 7 10 7 11 
q 12 4 12 4 13 4 14 5 12 5 13 5 14 6 12 6 13 6 14 7 12 7 13 7 14 
# SUM >= 2
q 4 6 12 6 13 7 12 7 13 
q 2 6 14 7 14 
q 16 8 0 8 1 8 2 8 3 9 0 9 1 9 2 9 3 10 0 10 1 10 2 10 3 11 0 11 1 11 2 11 3 
q 4 8 0 8 1 9 0 9 1 
q 4 8 2 8 3 9 2 9 3 
q 4 10 0 10 1 11 0 11 1 
q 4 10 2 10 3 11 2 11 3 
q 16 8 4 8 5 8 6 8 7 9 4 9 5 9 6 9 7 10 4 10 5 10 6 10 7 11 4 11 5 11 6 11 7 
q 4 8 4 8 5 9 4 9 5 
q 4 8 6 8 7 9 6 9 7 
q 1 8 6 
q 1 8 7 
q 1 9 6 
#c 9 6 green
# searchh
q 1 9 5 
#c 9 5 green
# found/all 32 54
q 1 9 7 
#c 9 7 green
# found/all 33 54
q 1 10 6 
q 1 8 5 
q 1 9 4 
q 1 10 5 
q 1 9 8 
#c 9 8 green
# found/all 34 54
q 1 10 7 
#c 10 7 green
# found/all 36 54
q 1 8 8 
q 1 9 9 
#c 9 9 green
# found/all 37 54
q 1 10 8 
#c 10 8 green
# found/all 38 54
q 1 11 7 
#c 11 7 green
# found/all 39 54
q 1 8 9 
q 1 9 10 
q 1 10 9 
#c 10 9 green
# found/all 40 54
q 1 11 8 
#c 11 8 green
# found/all 41 54
q 1 11 6 
q 1 12 7 
#c 12 7 green
# found/all 42 54
q 1 10 10 
#c 10 10 green
# found/all 43 54
q 1 11 9 
#c 11 9 green
# found/all 44 54
q 1 12 8 
#c 12 8 green
# found/all 45 54
q 1 12 6 
#c 12 6 green
# found/all 46 54
q 1 13 7 
#c 13 7 green
# found/all 47 54
q 1 10 11 
q 1 11 10 
#c 11 10 green
# found/all 48 54
q 1 12 9 
#c 12 9 green
# found/all 49 54
q 1 13 8 
q 1 12 5 
q 1 13 6 
#c 13 6 green
# found/all 50 54
q 1 14 7 
q 1 11 11 
q 1 12 10 
#c 12 10 green
# found/all 51 54
q 1 13 9 
q 1 13 5 
q 1 14 6 
q 1 12 11 
#c 12 11 green
# found/all 52 54
q 1 13 10 
q 1 12 12 
#c 12 12 green
# found/all 53 54
q 1 13 11 
q 1 11 12 
q 1 12 13 
q 1 13 12 
#c 13 12 green
# found/all 54 54
a 52 0 2 0 3 1 2 1 3 1 1 1 4 2 11 1 11 3 11 1 10 1 12 3 12 4 12 4 13 5 12 5 11 6 12 6 11 6 3 6 4 6 5 7 4 6 6 5 6 5 7 5 8 5 9 4 9 6 9 9 6 9 5 9 7 9 8 10 7 9 9 10 8 11 7 10 9 11 8 12 7 10 10 11 9 12 8 12 6 13 7 11 10 12 9 13 6 12 10 12 11 12 12 13 12 
