# [[0, 1], [1, 0], [1, 1], [1, 2], [2, 1], [2, 2]]
# [[0, 0], [0, 1], [1, 0], [1, 1], [1, 2], [2, 2]]
# [[0, 1], [0, 2], [1, 0], [1, 1], [1, 2], [1, 3], [2, 0], [2, 3]]
# [[0, 1], [1, 0], [1, 1], [1, 2], [2, 1], [2, 2], [3, 1], [4, 1]]
# [[0, 0], [0, 1], [0, 2], [1, 1], [1, 2], [1, 3], [2, 2], [2, 3], [2, 4]]
# [[0, 0], [1, 0], [1, 1], [2, 0], [2, 1], [2, 2], [3, 0], [4, 0], [5, 0]]
# [[0, 2], [1, 1], [1, 2], [1, 3], [2, 0], [2, 1], [2, 2], [2, 3]]
# [[0, 2], [1, 0], [1, 1], [1, 2], [2, 0], [2, 1]]
# [[0, 0], [0, 1], [0, 2], [0, 3], [1, 1], [1, 2], [1, 3], [2, 2], [2, 3]]
# [[0, 0], [0, 1], [0, 2], [1, 0], [1, 1], [2, 1], [2, 2], [3, 1], [3, 2], [4, 1]]
# [[0, 2], [0, 3], [0, 4], [1, 0], [1, 1], [1, 2], [1, 3], [2, 2]]
# [[0, 0], [1, 0], [1, 1], [2, 0], [2, 1], [2, 2], [3, 0], [3, 1], [3, 2], [4, 0]]
# [[0, 0], [1, 0], [1, 1], [1, 2], [2, 2], [2, 3], [2, 4]]
q 16 0 0 0 1 0 2 0 3 1 0 1 1 1 2 1 3 2 0 2 1 2 2 2 3 3 0 3 1 3 2 3 3 
q 16 0 4 0 5 0 6 0 7 1 4 1 5 1 6 1 7 2 4 2 5 2 6 2 7 3 4 3 5 3 6 3 7 
q 16 0 8 0 9 0 10 0 11 1 8 1 9 1 10 1 11 2 8 2 9 2 10 2 11 3 8 3 9 3 10 3 11 
q 16 0 12 0 13 0 14 0 15 1 12 1 13 1 14 1 15 2 12 2 13 2 14 2 15 3 12 3 13 3 14 3 15 
q 4 0 12 0 13 1 12 1 13 
q 1 0 12 
q 1 0 13 
#c 0 13 green
# searchh
q 1 0 14 
q 1 1 13 
#c 1 13 green
# found/all 2 104
q 1 1 12 
q 1 1 14 
#c 1 14 green
# found/all 3 104
q 1 2 13 
#c 2 13 green
# found/all 4 104
q 1 1 15 
q 1 2 14 
#c 2 14 green
# found/all 5 104
q 1 2 12 
q 1 3 13 
#c 3 13 green
# found/all 6 104
q 1 2 15 
#c 2 15 green
# found/all 7 104
q 1 3 14 
q 1 3 12 
q 1 4 13 
#c 4 13 green
# found/all 9 104
q 1 2 16 
q 1 3 15 
q 1 4 12 
#c 4 12 green
# found/all 10 104
q 1 4 14 
q 1 5 13 
#c 5 13 green
# found/all 11 104
q 1 4 11 
#c 4 11 green
# found/all 12 104
q 1 5 12 
#c 5 12 green
# found/all 13 104
q 1 5 14 
q 1 6 13 
#c 6 13 green
# found/all 14 104
q 1 3 11 
q 1 4 10 
q 1 5 11 
#c 5 11 green
# found/all 15 104
q 1 6 12 
#c 6 12 green
# found/all 16 104
q 1 6 14 
#c 6 14 green
# found/all 17 104
q 1 7 13 
#c 7 13 green
# found/all 19 104
q 1 5 10 
#c 5 10 green
# found/all 20 104
q 1 6 11 
q 1 7 12 
#c 7 12 green
# found/all 21 104
q 1 6 15 
#c 6 15 green
# found/all 22 104
q 1 7 14 
#c 7 14 green
# found/all 23 104
q 1 8 13 
q 1 5 9 
#c 5 9 green
# found/all 24 104
q 1 6 10 
#c 6 10 green
# found/all 25 104
q 1 7 11 
q 1 8 12 
#c 8 12 green
# found/all 26 104
q 1 5 15 
#c 5 15 green
# found/all 27 104
q 1 6 16 
#c 6 16 green
# found/all 28 104
q 1 7 15 
#c 7 15 green
# found/all 30 104
q 1 8 14 
#c 8 14 green
# found/all 31 104
q 1 4 9 
q 1 5 8 
#c 5 8 green
# found/all 32 104
q 1 6 9 
#c 6 9 green
# found/all 33 104
q 1 7 10 
#c 7 10 green
# found/all 34 104
q 1 8 11 
q 1 9 12 
q 1 4 15 
q 1 5 16 
#c 5 16 green
# found/all 35 104
q 1 6 17 
q 1 7 16 
#c 7 16 green
# found/all 36 104
q 1 8 15 
#c 8 15 green
# found/all 38 104
q 1 9 14 
#c 9 14 green
# found/all 39 104
q 1 4 8 
q 1 5 7 
#c 5 7 green
# found/all 40 104
q 1 6 8 
#c 6 8 green
# found/all 41 104
q 1 7 9 
#c 7 9 green
# found/all 42 104
q 1 8 10 
q 1 4 16 
#c 4 16 green
# found/all 43 104
q 1 5 17 
#c 5 17 green
# found/all 44 104
q 1 7 17 
#c 7 17 green
# found/all 45 104
q 1 8 16 
#c 8 16 green
# found/all 46 104
q 1 9 15 
#c 9 15 green
# found/all 47 104
q 1 9 13 
q 1 10 14 
#c 10 14 green
# found/all 48 104
q 1 4 7 
q 1 5 6 
q 1 6 7 
q 1 7 8 
q 1 8 9 
q 1 3 16 
q 1 4 17 
#c 4 17 green
# found/all 49 104
q 1 5 18 
q 1 7 18 
q 1 8 17 
#c 8 17 green
# found/all 50 104
q 1 9 16 
q 1 10 15 
q 1 10 13 
q 1 11 14 
q 1 3 17 
q 1 4 18 
#c 4 18 green
# found/all 51 104
q 1 8 18 
q 1 9 17 
q 1 3 18 
#c 3 18 green
# found/all 52 104
q 1 2 18 
q 4 0 14 0 15 1 14 1 15 
# SUM >= 2
q 12 0 16 0 17 0 18 1 16 1 17 1 18 2 16 2 17 2 18 3 16 3 17 3 18 
q 4 0 16 0 17 1 16 1 17 
q 2 0 18 1 18 
q 4 2 16 2 17 3 16 3 17 
q 2 2 18 3 18 
q 16 4 0 4 1 4 2 4 3 5 0 5 1 5 2 5 3 6 0 6 1 6 2 6 3 7 0 7 1 7 2 7 3 
q 4 4 0 4 1 5 0 5 1 
q 4 4 2 4 3 5 2 5 3 
q 4 6 0 6 1 7 0 7 1 
q 4 6 2 6 3 7 2 7 3 
q 16 4 4 4 5 4 6 4 7 5 4 5 5 5 6 5 7 6 4 6 5 6 6 6 7 7 4 7 5 7 6 7 7 
q 16 4 8 4 9 4 10 4 11 5 8 5 9 5 10 5 11 6 8 6 9 6 10 6 11 7 8 7 9 7 10 7 11 
# SUM >= 2
# SUM >= 2
q 16 4 12 4 13 4 14 4 15 5 12 5 13 5 14 5 15 6 12 6 13 6 14 6 15 7 12 7 13 7 14 7 15 
# SUM >= 2
# SUM >= 2
q 12 4 16 4 17 4 18 5 16 5 17 5 18 6 16 6 17 6 18 7 16 7 17 7 18 
# SUM >= 2
# SUM >= 2
q 16 8 0 8 1 8 2 8 3 9 0 9 1 9 2 9 3 10 0 10 1 10 2 10 3 11 0 11 1 11 2 11 3 
q 16 8 4 8 5 8 6 8 7 9 4 9 5 9 6 9 7 10 4 10 5 10 6 10 7 11 4 11 5 11 6 11 7 
q 4 8 4 8 5 9 4 9 5 
q 1 8 4 
q 1 8 5 
#c 8 5 green
# searchh
q 1 7 5 
q 1 8 6 
#c 8 6 green
# found/all 54 104
q 1 9 5 
#c 9 5 green
# found/all 55 104
q 1 7 6 
#c 7 6 green
# found/all 56 104
q 1 8 7 
#c 8 7 green
# found/all 57 104
q 1 9 6 
#c 9 6 green
# found/all 58 104
q 1 9 4 
#c 9 4 green
# found/all 59 104
q 1 10 5 
q 1 6 6 
q 1 7 7 
q 1 8 8 
q 1 9 7 
#c 9 7 green
# found/all 60 104
q 1 10 6 
#c 10 6 green
# found/all 61 104
q 1 9 3 
q 1 10 4 
q 1 9 8 
q 1 10 7 
#c 10 7 green
# found/all 62 104
q 1 11 6 
#c 11 6 green
# found/all 63 104
q 1 10 8 
#c 10 8 green
# found/all 64 104
q 1 11 7 
#c 11 7 green
# found/all 65 104
q 1 11 5 
#c 11 5 green
# found/all 66 104
q 1 12 6 
#c 12 6 green
# found/all 68 104
q 1 10 9 
q 1 11 8 
q 1 12 7 
#c 12 7 green
# found/all 69 104
q 1 11 4 
#c 11 4 green
# found/all 70 104
q 1 12 5 
#c 12 5 green
# found/all 71 104
q 1 13 6 
#c 13 6 green
# found/all 73 104
q 1 12 8 
q 1 13 7 
#c 13 7 green
# found/all 74 104
q 1 11 3 
q 1 12 4 
q 1 13 5 
#c 13 5 green
# found/all 75 104
q 1 14 6 
#c 14 6 green
# found/all 76 104
q 1 13 8 
#c 13 8 green
# found/all 78 104
q 1 14 7 
#c 14 7 green
# found/all 80 104
q 1 13 4 
q 1 14 5 
#c 14 5 green
# found/all 81 104
q 1 15 6 
q 1 13 9 
q 1 14 8 
#c 14 8 green
# found/all 83 104
q 1 15 7 
#c 15 7 green
# found/all 84 104
q 1 14 4 
#c 14 4 green
# found/all 85 104
q 1 15 5 
q 1 14 9 
#c 14 9 green
# found/all 87 104
q 1 15 8 
q 1 16 7 
q 1 14 3 
q 1 15 4 
#c 15 4 green
# found/all 88 104
q 1 14 10 
#c 14 10 green
# found/all 89 104
q 1 15 9 
q 1 15 3 
q 1 16 4 
q 1 13 10 
q 1 14 11 
q 1 15 10 
#c 15 10 green
# found/all 90 104
q 1 15 11 
#c 15 11 green
# found/all 91 104
q 1 16 10 
q 1 15 12 
#c 15 12 green
# found/all 92 104
q 1 16 11 
q 1 14 12 
q 1 15 13 
q 1 16 12 
# SUM >= 2
# SUM >= 2
q 16 8 8 8 9 8 10 8 11 9 8 9 9 9 10 9 11 10 8 10 9 10 10 10 11 11 8 11 9 11 10 11 11 
q 4 8 8 8 9 9 8 9 9 
q 4 8 10 8 11 9 10 9 11 
q 4 10 8 10 9 11 8 11 9 
q 4 10 10 10 11 11 10 11 11 
q 16 8 12 8 13 8 14 8 15 9 12 9 13 9 14 9 15 10 12 10 13 10 14 10 15 11 12 11 13 11 14 11 15 
q 4 8 12 8 13 9 12 9 13 
# SUM >= 2
q 4 10 12 10 13 11 12 11 13 
q 1 10 12 
q 1 11 12 
q 1 11 13 
q 4 10 14 10 15 11 14 11 15 
q 12 8 16 8 17 8 18 9 16 9 17 9 18 10 16 10 17 10 18 11 16 11 17 11 18 
q 16 12 0 12 1 12 2 12 3 13 0 13 1 13 2 13 3 14 0 14 1 14 2 14 3 15 0 15 1 15 2 15 3 
q 4 12 0 12 1 13 0 13 1 
q 4 12 2 12 3 13 2 13 3 
q 4 14 0 14 1 15 0 15 1 
q 1 14 0 
q 1 14 1 
q 1 15 0 
q 1 15 1 
q 4 14 2 14 3 15 2 15 3 
q 16 12 4 12 5 12 6 12 7 13 4 13 5 13 6 13 7 14 4 14 5 14 6 14 7 15 4 15 5 15 6 15 7 
# SUM >= 2
# SUM >= 2
q 16 12 8 12 9 12 10 12 11 13 8 13 9 13 10 13 11 14 8 14 9 14 10 14 11 15 8 15 9 15 10 15 11 
q 4 12 8 12 9 13 8 13 9 
q 1 12 9 
q 4 12 10 12 11 13 10 13 11 
# SUM >= 2
q 16 12 12 12 13 12 14 12 15 13 12 13 13 13 14 13 15 14 12 14 13 14 14 14 15 15 12 15 13 15 14 15 15 
q 4 12 12 12 13 13 12 13 13 
q 4 12 14 12 15 13 14 13 15 
q 4 14 12 14 13 15 12 15 13 
q 4 14 14 14 15 15 14 15 15 
q 12 12 16 12 17 12 18 13 16 13 17 13 18 14 16 14 17 14 18 15 16 15 17 15 18 
q 4 12 16 12 17 13 16 13 17 
q 2 12 18 13 18 
q 4 14 16 14 17 15 16 15 17 
q 1 14 16 
q 1 14 17 
#c 14 17 green
# searchh
q 1 13 17 
q 1 14 18 
q 1 15 17 
#c 15 17 green
# found/all 94 104
q 1 15 16 
#c 15 16 green
# found/all 95 104
q 1 15 18 
#c 15 18 green
# found/all 96 104
q 1 16 17 
#c 16 17 green
# found/all 97 104
q 1 15 15 
q 1 16 16 
q 1 16 18 
#c 16 18 green
# found/all 98 104
q 1 17 17 
q 1 17 18 
q 2 14 18 15 18 
q 12 16 0 16 1 16 2 16 3 17 0 17 1 17 2 17 3 18 0 18 1 18 2 18 3 
q 4 16 0 16 1 17 0 17 1 
q 4 16 2 16 3 17 2 17 3 
q 2 18 0 18 1 
q 2 18 2 18 3 
q 12 16 4 16 5 16 6 16 7 17 4 17 5 17 6 17 7 18 4 18 5 18 6 18 7 
q 4 16 4 16 5 17 4 17 5 
q 4 16 6 16 7 17 6 17 7 
q 1 16 6 
#c 16 6 green
# searchh
q 1 16 5 
#c 16 5 green
# found/all 100 104
q 1 17 6 
#c 17 6 green
# found/all 101 104
q 1 17 5 
#c 17 5 green
# found/all 102 104
q 1 17 7 
#c 17 7 green
# found/all 103 104
q 1 18 6 
q 1 17 4 
q 1 18 5 
q 1 17 8 
q 1 18 7 
#c 18 7 green
# found/all 104 104
a 94 0 13 1 13 1 14 2 13 2 14 3 13 2 15 4 13 4 12 5 13 4 11 5 12 6 13 5 11 6 12 6 14 7 13 5 10 7 12 6 15 7 14 5 9 6 10 8 12 5 15 6 16 7 15 8 14 5 8 6 9 7 10 5 16 7 16 8 15 9 14 5 7 6 8 7 9 4 16 5 17 7 17 8 16 9 15 10 14 4 17 8 17 4 18 3 18 8 5 8 6 9 5 7 6 8 7 9 6 9 4 9 7 10 6 10 7 11 6 10 8 11 7 11 5 12 6 12 7 11 4 12 5 13 6 13 7 13 5 14 6 13 8 14 7 14 5 14 8 15 7 14 4 14 9 15 4 14 10 15 10 15 11 15 12 14 17 15 17 15 16 15 18 16 17 16 18 16 6 16 5 17 6 17 5 17 7 18 7 
