# [[0, 0], [1, 0], [1, 1], [1, 2], [2, 1], [2, 2], [3, 2], [4, 2]]
# [[0, 1], [1, 1], [2, 0], [2, 1], [3, 0], [3, 1], [4, 1], [4, 2]]
# [[0, 0], [0, 1], [0, 2], [1, 0], [2, 0], [2, 1], [2, 2], [2, 3], [3, 1], [3, 3], [4, 1]]
# [[0, 0], [0, 1], [0, 2], [1, 0], [1, 2]]
# [[0, 0], [1, 0], [1, 2], [2, 0], [2, 1], [2, 2]]
q 16 0 0 0 1 0 2 0 3 1 0 1 1 1 2 1 3 2 0 2 1 2 2 2 3 3 0 3 1 3 2 3 3 
q 4 0 0 0 1 1 0 1 1 
q 4 0 2 0 3 1 2 1 3 
q 4 2 0 2 1 3 0 3 1 
q 4 2 2 2 3 3 2 3 3 
q 16 0 4 0 5 0 6 0 7 1 4 1 5 1 6 1 7 2 4 2 5 2 6 2 7 3 4 3 5 3 6 3 7 
q 4 0 4 0 5 1 4 1 5 
q 4 0 6 0 7 1 6 1 7 
q 4 2 4 2 5 3 4 3 5 
q 4 2 6 2 7 3 6 3 7 
q 16 0 8 0 9 0 10 0 11 1 8 1 9 1 10 1 11 2 8 2 9 2 10 2 11 3 8 3 9 3 10 3 11 
q 4 0 12 1 12 2 12 3 12 
q 16 4 0 4 1 4 2 4 3 5 0 5 1 5 2 5 3 6 0 6 1 6 2 6 3 7 0 7 1 7 2 7 3 
q 4 4 0 4 1 5 0 5 1 
q 1 4 0 
q 1 4 1 
q 1 5 0 
q 1 5 1 
q 4 4 2 4 3 5 2 5 3 
q 1 4 2 
q 1 4 3 
q 1 5 2 
q 1 5 3 
q 4 6 0 6 1 7 0 7 1 
q 4 6 2 6 3 7 2 7 3 
q 16 4 4 4 5 4 6 4 7 5 4 5 5 5 6 5 7 6 4 6 5 6 6 6 7 7 4 7 5 7 6 7 7 
q 4 4 4 4 5 5 4 5 5 
q 4 4 6 4 7 5 6 5 7 
q 1 4 6 
#c 4 6 green
# searchh
q 1 3 6 
q 1 4 5 
q 1 4 7 
q 1 5 6 
#c 5 6 green
# found/all 2 38
q 1 5 5 
q 1 5 7 
q 1 6 6 
#c 6 6 green
# found/all 4 38
q 1 6 5 
#c 6 5 green
# found/all 5 38
q 1 6 7 
#c 6 7 green
# found/all 7 38
q 1 7 6 
q 1 6 4 
q 1 7 5 
#c 7 5 green
# found/all 8 38
q 1 6 8 
#c 6 8 green
# found/all 9 38
q 1 7 7 
#c 7 7 green
# found/all 10 38
q 1 7 4 
q 1 8 5 
#c 8 5 green
# found/all 11 38
q 1 5 8 
#c 5 8 green
# found/all 12 38
q 1 6 9 
q 1 7 8 
q 1 8 7 
q 1 8 4 
q 1 8 6 
#c 8 6 green
# found/all 13 38
q 1 9 5 
#c 9 5 green
# found/all 14 38
q 1 4 8 
q 1 5 9 
q 1 9 6 
#c 9 6 green
# found/all 16 38
q 1 9 4 
q 1 10 5 
#c 10 5 green
# found/all 17 38
q 1 9 7 
#c 9 7 green
# found/all 18 38
q 1 10 6 
#c 10 6 green
# found/all 20 38
q 1 10 4 
q 1 11 5 
#c 11 5 green
# found/all 21 38
q 1 9 8 
q 1 10 7 
#c 10 7 green
# found/all 22 38
q 1 11 6 
#c 11 6 green
# found/all 23 38
q 1 11 4 
q 1 12 5 
q 1 10 8 
q 1 11 7 
#c 11 7 green
# found/all 24 38
q 1 12 6 
#c 12 6 green
# found/all 25 38
q 1 11 8 
q 1 12 7 
#c 12 7 green
# found/all 27 38
q 1 12 8 
# SUM >= 2
q 16 4 8 4 9 4 10 4 11 5 8 5 9 5 10 5 11 6 8 6 9 6 10 6 11 7 8 7 9 7 10 7 11 
q 4 4 8 4 9 5 8 5 9 
q 4 4 10 4 11 5 10 5 11 
q 4 6 8 6 9 7 8 7 9 
q 4 6 10 6 11 7 10 7 11 
q 4 4 12 5 12 6 12 7 12 
q 16 8 0 8 1 8 2 8 3 9 0 9 1 9 2 9 3 10 0 10 1 10 2 10 3 11 0 11 1 11 2 11 3 
q 16 8 4 8 5 8 6 8 7 9 4 9 5 9 6 9 7 10 4 10 5 10 6 10 7 11 4 11 5 11 6 11 7 
# SUM >= 2
# SUM >= 2
q 16 8 8 8 9 8 10 8 11 9 8 9 9 9 10 9 11 10 8 10 9 10 10 10 11 11 8 11 9 11 10 11 11 
q 4 8 8 8 9 9 8 9 9 
q 4 8 10 8 11 9 10 9 11 
q 1 8 10 
#c 8 10 green
# searchh
q 1 7 10 
q 1 8 9 
#c 8 9 green
# found/all 29 38
q 1 8 11 
#c 8 11 green
# found/all 30 38
q 1 9 10 
q 1 7 9 
q 1 8 8 
q 1 9 9 
#c 9 9 green
# found/all 31 38
q 1 7 11 
q 1 8 12 
q 1 9 11 
q 1 10 9 
#c 10 9 green
# found/all 32 38
q 1 10 10 
#c 10 10 green
# found/all 33 38
q 1 11 9 
q 1 10 11 
#c 10 11 green
# found/all 34 38
q 1 11 10 
#c 11 10 green
# found/all 35 38
q 1 10 12 
#c 10 12 green
# found/all 36 38
q 1 11 11 
q 1 12 10 
#c 12 10 green
# found/all 37 38
q 1 9 12 
q 1 11 12 
#c 11 12 green
# found/all 38 38
a 33 4 6 5 6 6 6 6 5 6 7 7 5 6 8 7 7 8 5 5 8 8 6 9 5 9 6 10 5 9 7 10 6 11 5 10 7 11 6 11 7 12 6 12 7 8 10 8 9 8 11 9 9 10 9 10 10 10 11 11 10 10 12 12 10 11 12 
