# [[0, 0], [0, 1], [1, 1], [1, 2], [2, 1], [2, 2], [3, 1], [3, 2]]
# [[0, 2], [0, 3], [1, 0], [1, 1], [1, 2], [2, 1]]
# [[0, 2], [1, 1], [1, 2], [2, 0], [2, 1], [3, 1]]
# [[0, 0], [0, 1], [1, 0], [1, 1], [2, 1]]
# [[0, 1], [0, 2], [1, 1], [1, 2], [2, 1], [3, 0], [3, 1], [3, 2], [4, 0], [4, 2], [5, 0]]
# [[0, 1], [1, 0], [1, 1], [1, 2], [1, 3], [2, 0], [2, 2], [2, 3], [2, 4], [3, 3]]
# [[0, 2], [1, 2], [2, 0], [2, 1], [2, 2], [3, 1], [3, 2], [4, 2]]
# [[0, 0], [0, 1], [0, 2], [0, 3], [1, 0]]
# [[0, 0], [0, 1], [1, 0], [1, 1], [1, 2], [1, 3], [2, 1], [3, 1]]
# [[0, 2], [1, 1], [1, 2], [2, 0], [2, 1], [2, 2], [3, 2], [3, 3], [4, 2]]
# [[0, 0], [0, 2], [1, 0], [1, 1], [1, 2], [2, 0], [2, 1], [2, 2]]
# [[0, 1], [1, 1], [1, 2], [2, 0], [2, 1], [2, 2], [3, 0], [3, 1], [3, 2], [4, 0], [4, 1]]
# [[0, 1], [0, 2], [0, 3], [1, 0], [1, 1], [1, 2], [2, 2]]
q 16 0 0 0 1 0 2 0 3 1 0 1 1 1 2 1 3 2 0 2 1 2 2 2 3 3 0 3 1 3 2 3 3 
q 4 0 0 0 1 1 0 1 1 
q 4 0 2 0 3 1 2 1 3 
q 1 0 2 
#c 0 2 green
# searchh
q 1 0 1 
q 1 0 3 
q 1 1 2 
#c 1 2 green
# found/all 2 102
q 1 1 1 
q 1 1 3 
#c 1 3 green
# found/all 3 102
q 1 2 2 
#c 2 2 green
# found/all 4 102
q 1 1 4 
#c 1 4 green
# found/all 5 102
q 1 2 3 
q 1 2 1 
#c 2 1 green
# found/all 6 102
q 1 3 2 
#c 3 2 green
# found/all 8 102
q 1 0 4 
#c 0 4 green
# found/all 9 102
q 1 1 5 
#c 1 5 green
# found/all 10 102
q 1 2 4 
q 1 2 0 
#c 2 0 green
# found/all 11 102
q 1 3 1 
#c 3 1 green
# found/all 13 102
q 1 3 3 
#c 3 3 green
# found/all 15 102
q 1 4 2 
#c 4 2 green
# found/all 16 102
q 1 0 5 
#c 0 5 green
# found/all 17 102
q 1 1 6 
q 1 2 5 
#c 2 5 green
# found/all 18 102
q 1 1 0 
q 1 3 0 
#c 3 0 green
# found/all 19 102
q 1 4 1 
q 1 3 4 
#c 3 4 green
# found/all 20 102
q 1 4 3 
#c 4 3 green
# found/all 21 102
q 1 5 2 
q 1 0 6 
#c 0 6 green
# found/all 22 102
q 1 2 6 
q 1 3 5 
q 1 4 0 
#c 4 0 green
# found/all 23 102
q 1 4 4 
#c 4 4 green
# found/all 24 102
q 1 5 3 
#c 5 3 green
# found/all 25 102
q 1 0 7 
q 1 5 0 
q 1 4 5 
q 1 5 4 
q 1 6 3 
#c 6 3 green
# found/all 26 102
q 1 6 2 
#c 6 2 green
# found/all 27 102
q 1 6 4 
#c 6 4 green
# found/all 28 102
q 1 7 3 
q 1 6 1 
q 1 7 2 
#c 7 2 green
# found/all 29 102
q 1 6 5 
q 1 7 4 
#c 7 4 green
# found/all 30 102
q 1 7 1 
q 1 8 2 
#c 8 2 green
# found/all 31 102
q 1 7 5 
q 1 8 4 
q 1 8 1 
q 1 8 3 
q 1 9 2 
# SUM >= 2
q 16 0 4 0 5 0 6 0 7 1 4 1 5 1 6 1 7 2 4 2 5 2 6 2 7 3 4 3 5 3 6 3 7 
# SUM >= 2
# SUM >= 2
q 16 0 8 0 9 0 10 0 11 1 8 1 9 1 10 1 11 2 8 2 9 2 10 2 11 3 8 3 9 3 10 3 11 
q 4 0 8 0 9 1 8 1 9 
q 4 0 10 0 11 1 10 1 11 
q 1 0 10 
q 1 0 11 
q 1 1 10 
q 1 1 11 
#c 1 11 green
# searchh
q 1 1 12 
q 1 2 11 
#c 2 11 green
# found/all 33 102
q 1 2 10 
q 1 2 12 
#c 2 12 green
# found/all 34 102
q 1 3 11 
#c 3 11 green
# found/all 35 102
q 1 2 13 
#c 2 13 green
# found/all 36 102
q 1 3 12 
#c 3 12 green
# found/all 37 102
q 1 3 10 
q 1 4 11 
q 1 1 13 
#c 1 13 green
# found/all 38 102
q 1 2 14 
q 1 3 13 
#c 3 13 green
# found/all 39 102
q 1 4 12 
q 1 0 13 
q 1 1 14 
q 1 3 14 
q 1 4 13 
q 4 2 8 2 9 3 8 3 9 
# SUM >= 2
q 16 0 12 0 13 0 14 0 15 1 12 1 13 1 14 1 15 2 12 2 13 2 14 2 15 3 12 3 13 3 14 3 15 
q 4 0 12 0 13 1 12 1 13 
q 1 0 12 
q 4 0 14 0 15 1 14 1 15 
# SUM >= 2
q 16 0 16 0 17 0 18 0 19 1 16 1 17 1 18 1 19 2 16 2 17 2 18 2 19 3 16 3 17 3 18 3 19 
q 16 4 0 4 1 4 2 4 3 5 0 5 1 5 2 5 3 6 0 6 1 6 2 6 3 7 0 7 1 7 2 7 3 
q 4 4 0 4 1 5 0 5 1 
q 1 5 1 
# SUM >= 2
q 4 6 0 6 1 7 0 7 1 
# SUM >= 2
q 16 4 4 4 5 4 6 4 7 5 4 5 5 5 6 5 7 6 4 6 5 6 6 6 7 7 4 7 5 7 6 7 7 
q 4 4 4 4 5 5 4 5 5 
q 4 4 6 4 7 5 6 5 7 
# SUM >= 2
q 16 4 8 4 9 4 10 4 11 5 8 5 9 5 10 5 11 6 8 6 9 6 10 6 11 7 8 7 9 7 10 7 11 
q 4 4 8 4 9 5 8 5 9 
q 1 4 8 
q 1 4 9 
q 1 5 8 
#c 5 8 green
# searchh
q 1 5 7 
q 1 5 9 
q 1 6 8 
#c 6 8 green
# found/all 41 102
q 1 6 7 
#c 6 7 green
# found/all 42 102
q 1 6 9 
q 1 7 8 
q 1 6 6 
q 1 7 7 
#c 7 7 green
# found/all 43 102
q 1 7 6 
#c 7 6 green
# found/all 44 102
q 1 8 7 
#c 8 7 green
# found/all 45 102
q 1 8 6 
q 1 8 8 
q 1 9 7 
q 4 4 10 4 11 5 10 5 11 
q 4 6 8 6 9 7 8 7 9 
q 4 6 10 6 11 7 10 7 11 
q 16 4 12 4 13 4 14 4 15 5 12 5 13 5 14 5 15 6 12 6 13 6 14 6 15 7 12 7 13 7 14 7 15 
q 4 4 12 4 13 5 12 5 13 
q 4 4 14 4 15 5 14 5 15 
q 1 4 14 
q 1 4 15 
q 1 5 14 
#c 5 14 green
# searchh
q 1 5 13 
q 1 5 15 
#c 5 15 green
# found/all 47 102
q 1 6 14 
#c 6 14 green
# found/all 49 102
q 1 5 16 
q 1 6 15 
#c 6 15 green
# found/all 51 102
q 1 6 13 
q 1 7 14 
q 1 6 16 
q 1 7 15 
#c 7 15 green
# found/all 53 102
q 1 7 16 
#c 7 16 green
# found/all 54 102
q 1 8 15 
#c 8 15 green
# found/all 55 102
q 1 7 17 
q 1 8 16 
#c 8 16 green
# found/all 56 102
q 1 8 14 
#c 8 14 green
# found/all 57 102
q 1 9 15 
#c 9 15 green
# found/all 59 102
q 1 8 17 
q 1 9 16 
#c 9 16 green
# found/all 61 102
q 1 8 13 
#c 8 13 green
# found/all 62 102
q 1 9 14 
#c 9 14 green
# found/all 63 102
q 1 10 15 
q 1 9 17 
q 1 10 16 
q 1 7 13 
q 1 8 12 
q 1 9 13 
#c 9 13 green
# found/all 64 102
q 1 10 14 
#c 10 14 green
# found/all 65 102
q 1 9 12 
q 1 10 13 
q 1 11 14 
#c 11 14 green
# found/all 66 102
q 1 11 13 
q 1 11 15 
q 1 12 14 
q 4 6 12 6 13 7 12 7 13 
# SUM >= 2
q 16 4 16 4 17 4 18 4 19 5 16 5 17 5 18 5 19 6 16 6 17 6 18 6 19 7 16 7 17 7 18 7 19 
q 4 4 16 4 17 5 16 5 17 
q 4 4 18 4 19 5 18 5 19 
q 4 6 16 6 17 7 16 7 17 
q 4 6 18 6 19 7 18 7 19 
q 16 8 0 8 1 8 2 8 3 9 0 9 1 9 2 9 3 10 0 10 1 10 2 10 3 11 0 11 1 11 2 11 3 
q 4 8 0 8 1 9 0 9 1 
q 4 8 2 8 3 9 2 9 3 
q 1 9 3 
q 4 10 0 10 1 11 0 11 1 
q 1 10 0 
q 1 10 1 
q 1 11 0 
q 1 11 1 
q 4 10 2 10 3 11 2 11 3 
q 16 8 4 8 5 8 6 8 7 9 4 9 5 9 6 9 7 10 4 10 5 10 6 10 7 11 4 11 5 11 6 11 7 
q 4 8 4 8 5 9 4 9 5 
q 4 8 6 8 7 9 6 9 7 
q 4 10 4 10 5 11 4 11 5 
q 4 10 6 10 7 11 6 11 7 
q 16 8 8 8 9 8 10 8 11 9 8 9 9 9 10 9 11 10 8 10 9 10 10 10 11 11 8 11 9 11 10 11 11 
q 4 8 8 8 9 9 8 9 9 
q 4 8 10 8 11 9 10 9 11 
q 4 10 8 10 9 11 8 11 9 
q 4 10 10 10 11 11 10 11 11 
q 1 10 10 
#c 10 10 green
# searchh
q 1 9 10 
q 1 10 9 
q 1 10 11 
q 1 11 10 
#c 11 10 green
# found/all 68 102
q 1 11 9 
q 1 11 11 
#c 11 11 green
# found/all 69 102
q 1 12 10 
#c 12 10 green
# found/all 70 102
q 1 11 12 
q 1 12 11 
#c 12 11 green
# found/all 71 102
q 1 12 9 
#c 12 9 green
# found/all 72 102
q 1 13 10 
#c 13 10 green
# found/all 73 102
q 1 12 12 
q 1 13 11 
#c 13 11 green
# found/all 74 102
q 1 12 8 
q 1 13 9 
#c 13 9 green
# found/all 75 102
q 1 14 10 
#c 14 10 green
# found/all 76 102
q 1 13 12 
q 1 14 11 
q 1 13 8 
q 1 14 9 
#c 14 9 green
# found/all 78 102
q 1 15 10 
q 1 14 8 
q 1 15 9 
#c 15 9 green
# found/all 79 102
q 1 15 8 
#c 15 8 green
# found/all 80 102
q 1 16 9 
#c 16 9 green
# found/all 81 102
q 1 15 7 
q 1 16 8 
#c 16 8 green
# found/all 82 102
q 1 16 10 
q 1 17 9 
#c 17 9 green
# found/all 83 102
q 1 16 7 
#c 16 7 green
# found/all 84 102
q 1 17 8 
q 1 17 10 
#c 17 10 green
# found/all 85 102
q 1 18 9 
#c 18 9 green
# found/all 86 102
q 1 16 6 
q 1 17 7 
q 1 17 11 
q 1 18 10 
q 1 18 8 
q 1 19 9 
q 16 8 12 8 13 8 14 8 15 9 12 9 13 9 14 9 15 10 12 10 13 10 14 10 15 11 12 11 13 11 14 11 15 
# SUM >= 2
q 4 10 12 10 13 11 12 11 13 
# SUM >= 2
q 16 8 16 8 17 8 18 8 19 9 16 9 17 9 18 9 19 10 16 10 17 10 18 10 19 11 16 11 17 11 18 11 19 
# SUM >= 2
q 4 10 16 10 17 11 16 11 17 
q 4 10 18 10 19 11 18 11 19 
q 16 12 0 12 1 12 2 12 3 13 0 13 1 13 2 13 3 14 0 14 1 14 2 14 3 15 0 15 1 15 2 15 3 
q 16 12 4 12 5 12 6 12 7 13 4 13 5 13 6 13 7 14 4 14 5 14 6 14 7 15 4 15 5 15 6 15 7 
q 4 12 4 12 5 13 4 13 5 
q 4 12 6 12 7 13 6 13 7 
q 4 14 4 14 5 15 4 15 5 
q 4 14 6 14 7 15 6 15 7 
q 16 12 8 12 9 12 10 12 11 13 8 13 9 13 10 13 11 14 8 14 9 14 10 14 11 15 8 15 9 15 10 15 11 
# SUM >= 2
# SUM >= 2
q 16 12 12 12 13 12 14 12 15 13 12 13 13 13 14 13 15 14 12 14 13 14 14 14 15 15 12 15 13 15 14 15 15 
q 4 12 12 12 13 13 12 13 13 
q 4 12 14 12 15 13 14 13 15 
q 4 14 12 14 13 15 12 15 13 
q 4 14 14 14 15 15 14 15 15 
q 1 14 14 
#c 14 14 green
# searchh
q 1 13 14 
q 1 14 13 
q 1 14 15 
#c 14 15 green
# found/all 89 102
q 1 15 14 
#c 15 14 green
# found/all 90 102
q 1 13 15 
q 1 14 16 
#c 14 16 green
# found/all 91 102
q 1 15 15 
#c 15 15 green
# found/all 93 102
q 1 15 13 
#c 15 13 green
# found/all 94 102
q 1 16 14 
q 1 13 16 
#c 13 16 green
# found/all 95 102
q 1 14 17 
q 1 15 16 
#c 15 16 green
# found/all 96 102
q 1 16 15 
#c 16 15 green
# found/all 97 102
q 1 15 12 
q 1 16 13 
#c 16 13 green
# found/all 98 102
q 1 12 16 
q 1 13 17 
#c 13 17 green
# found/all 99 102
q 1 15 17 
q 1 16 16 
#c 16 16 green
# found/all 100 102
q 1 17 15 
q 1 16 12 
q 1 17 13 
q 1 12 17 
q 1 13 18 
q 1 16 17 
#c 16 17 green
# found/all 101 102
q 1 17 16 
#c 17 16 green
# found/all 102 102
a 91 0 2 1 2 1 3 2 2 1 4 2 1 3 2 0 4 1 5 2 0 3 1 3 3 4 2 0 5 2 5 3 0 3 4 4 3 0 6 4 0 4 4 5 3 6 3 6 2 6 4 7 2 7 4 8 2 1 11 2 11 2 12 3 11 2 13 3 12 1 13 3 13 5 8 6 8 6 7 7 7 7 6 8 7 5 14 5 15 6 14 6 15 7 15 7 16 8 15 8 16 8 14 9 15 9 16 8 13 9 14 9 13 10 14 11 14 10 10 11 10 11 11 12 10 12 11 12 9 13 10 13 11 13 9 14 10 14 9 15 9 15 8 16 9 16 8 17 9 16 7 17 10 18 9 14 14 14 15 15 14 14 16 15 15 15 13 13 16 15 16 16 15 16 13 13 17 16 16 16 17 17 16 
