# [[0, 2], [1, 2], [1, 3], [2, 0], [2, 1], [2, 2], [2, 3], [3, 3], [4, 3]]
# [[0, 1], [1, 0], [1, 1], [1, 2], [2, 1]]
# [[0, 0], [0, 1], [0, 2], [1, 0], [1, 2]]
# [[0, 0], [0, 1], [0, 4], [1, 1], [1, 2], [1, 4], [2, 1], [2, 2], [2, 3], [2, 4]]
# [[0, 1], [0, 2], [1, 1], [1, 2], [2, 1], [3, 0], [3, 1], [4, 1]]
# [[0, 0], [0, 1], [1, 0], [1, 1], [1, 2], [2, 1], [3, 0], [3, 1], [4, 1], [5, 0], [5, 1]]
q 16 0 0 0 1 0 2 0 3 1 0 1 1 1 2 1 3 2 0 2 1 2 2 2 3 3 0 3 1 3 2 3 3 
q 4 0 0 0 1 1 0 1 1 
q 4 0 2 0 3 1 2 1 3 
q 4 2 0 2 1 3 0 3 1 
q 1 2 0 
q 1 2 1 
#c 2 1 green
# searchh
q 1 1 1 
q 1 2 2 
#c 2 2 green
# found/all 3 48
q 1 3 1 
#c 3 1 green
# found/all 4 48
q 1 1 2 
q 1 2 3 
#c 2 3 green
# found/all 6 48
q 1 3 2 
#c 3 2 green
# found/all 9 48
q 1 3 0 
q 1 4 1 
q 1 1 3 
q 1 2 4 
q 1 3 3 
#c 3 3 green
# found/all 12 48
q 1 4 2 
#c 4 2 green
# found/all 14 48
q 1 3 4 
#c 3 4 green
# found/all 15 48
q 1 4 3 
#c 4 3 green
# found/all 16 48
q 1 5 2 
#c 5 2 green
# found/all 18 48
q 1 3 5 
q 1 4 4 
q 1 5 3 
q 1 5 1 
#c 5 1 green
# found/all 20 48
q 1 6 2 
#c 6 2 green
# found/all 22 48
q 1 5 0 
q 1 6 1 
q 1 6 3 
q 1 7 2 
#c 7 2 green
# found/all 24 48
q 1 7 1 
#c 7 1 green
# found/all 25 48
q 1 7 3 
#c 7 3 green
# found/all 26 48
q 1 8 2 
q 1 7 0 
q 1 8 1 
q 1 7 4 
#c 7 4 green
# found/all 27 48
q 1 8 3 
q 1 6 4 
#c 6 4 green
# found/all 28 48
q 1 7 5 
#c 7 5 green
# found/all 29 48
q 1 8 4 
q 1 5 4 
#c 5 4 green
# found/all 30 48
q 1 6 5 
#c 6 5 green
# found/all 31 48
q 1 7 6 
q 1 8 5 
#c 8 5 green
# found/all 32 48
q 1 5 5 
q 1 6 6 
q 1 8 6 
q 1 9 5 
#c 9 5 green
# found/all 33 48
q 1 9 4 
q 1 9 6 
q 1 10 5 
# SUM >= 2
q 16 0 4 0 5 0 6 0 7 1 4 1 5 1 6 1 7 2 4 2 5 2 6 2 7 3 4 3 5 3 6 3 7 
q 4 0 4 0 5 1 4 1 5 
q 4 0 6 0 7 1 6 1 7 
q 4 2 4 2 5 3 4 3 5 
q 1 2 5 
q 4 2 6 2 7 3 6 3 7 
q 16 0 8 0 9 0 10 0 11 1 8 1 9 1 10 1 11 2 8 2 9 2 10 2 11 3 8 3 9 3 10 3 11 
q 4 0 8 0 9 1 8 1 9 
q 4 0 10 0 11 1 10 1 11 
q 4 2 8 2 9 3 8 3 9 
q 4 2 10 2 11 3 10 3 11 
q 8 0 12 0 13 1 12 1 13 2 12 2 13 3 12 3 13 
q 16 4 0 4 1 4 2 4 3 5 0 5 1 5 2 5 3 6 0 6 1 6 2 6 3 7 0 7 1 7 2 7 3 
q 4 4 0 4 1 5 0 5 1 
# SUM >= 2
q 4 6 0 6 1 7 0 7 1 
# SUM >= 2
q 16 4 4 4 5 4 6 4 7 5 4 5 5 5 6 5 7 6 4 6 5 6 6 6 7 7 4 7 5 7 6 7 7 
q 4 4 4 4 5 5 4 5 5 
q 4 4 6 4 7 5 6 5 7 
# SUM >= 2
q 16 4 8 4 9 4 10 4 11 5 8 5 9 5 10 5 11 6 8 6 9 6 10 6 11 7 8 7 9 7 10 7 11 
q 4 4 8 4 9 5 8 5 9 
q 4 4 10 4 11 5 10 5 11 
q 4 6 8 6 9 7 8 7 9 
q 4 6 10 6 11 7 10 7 11 
q 8 4 12 4 13 5 12 5 13 6 12 6 13 7 12 7 13 
q 16 8 0 8 1 8 2 8 3 9 0 9 1 9 2 9 3 10 0 10 1 10 2 10 3 11 0 11 1 11 2 11 3 
q 16 8 4 8 5 8 6 8 7 9 4 9 5 9 6 9 7 10 4 10 5 10 6 10 7 11 4 11 5 11 6 11 7 
# SUM >= 2
q 4 10 4 10 5 11 4 11 5 
q 4 10 6 10 7 11 6 11 7 
q 16 8 8 8 9 8 10 8 11 9 8 9 9 9 10 9 11 10 8 10 9 10 10 10 11 11 8 11 9 11 10 11 11 
q 4 8 8 8 9 9 8 9 9 
q 1 8 8 
#c 8 8 green
# searchh
q 1 7 8 
q 1 8 7 
#c 8 7 green
# found/all 35 48
q 1 8 9 
q 1 9 8 
#c 9 8 green
# found/all 36 48
q 1 7 7 
q 1 9 7 
q 1 9 9 
#c 9 9 green
# found/all 38 48
q 1 10 8 
#c 10 8 green
# found/all 39 48
q 1 9 10 
#c 9 10 green
# found/all 40 48
q 1 10 9 
#c 10 9 green
# found/all 42 48
q 1 10 7 
q 1 11 8 
q 1 8 10 
q 1 9 11 
#c 9 11 green
# found/all 44 48
q 1 10 10 
#c 10 10 green
# found/all 45 48
q 1 11 9 
q 1 8 11 
#c 8 11 green
# found/all 46 48
q 1 9 12 
q 1 10 11 
#c 10 11 green
# found/all 48 48
a 33 2 1 2 2 3 1 2 3 3 2 3 3 4 2 3 4 4 3 5 2 5 1 6 2 7 2 7 1 7 3 7 4 6 4 7 5 5 4 6 5 8 5 9 5 8 8 8 7 9 8 9 9 10 8 9 10 10 9 9 11 10 10 8 11 10 11 
