# [[0, 2], [1, 1], [1, 2], [2, 2], [2, 3], [3, 0], [3, 1], [3, 2], [3, 3], [3, 4], [4, 1], [4, 2], [4, 4], [4, 5], [5, 1], [5, 2], [6, 1]]
# [[0, 0], [0, 1], [0, 2], [1, 0], [1, 1], [1, 2], [1, 3], [2, 0], [2, 1], [2, 2], [2, 3], [3, 2], [4, 2]]
# [[0, 2], [1, 2], [2, 2], [3, 0], [3, 1], [3, 2], [3, 3], [3, 4], [4, 1], [4, 2], [4, 3], [4, 4], [5, 0], [5, 1], [5, 4], [6, 0]]
# [[0, 2], [1, 0], [1, 1], [1, 2], [1, 3], [2, 0], [2, 1], [2, 2], [2, 3], [3, 1], [3, 2], [3, 3], [3, 4], [4, 1], [4, 3], [4, 4]]
# [[0, 0], [0, 1], [1, 1], [2, 1], [2, 2], [3, 1]]
# [[0, 1], [1, 0], [1, 1], [1, 2], [1, 3], [2, 1], [2, 2], [2, 3]]
# [[0, 2], [1, 1], [1, 2], [1, 3], [2, 0], [2, 1], [2, 2], [2, 3], [3, 0], [3, 1], [3, 2]]
# [[0, 1], [1, 0], [1, 1], [1, 2], [1, 3], [2, 0], [2, 1], [2, 2], [2, 3], [2, 4], [3, 2], [4, 1], [4, 2]]
# [[0, 1], [1, 1], [1, 2], [2, 2], [2, 3], [3, 2], [4, 0], [4, 1], [4, 2], [5, 0], [5, 1], [5, 2], [6, 1], [6, 2], [6, 3], [7, 3]]
# [[0, 2], [1, 0], [1, 1], [1, 2], [2, 0], [2, 1], [2, 2], [3, 0], [3, 1], [4, 1]]
q 16 0 0 0 1 0 2 0 3 1 0 1 1 1 2 1 3 2 0 2 1 2 2 2 3 3 0 3 1 3 2 3 3 
q 4 0 0 0 1 1 0 1 1 
q 1 0 0 
q 1 0 1 
q 1 1 0 
q 1 1 1 
q 4 0 2 0 3 1 2 1 3 
q 4 2 0 2 1 3 0 3 1 
q 4 2 2 2 3 3 2 3 3 
q 1 2 2 
q 1 2 3 
q 1 3 2 
#c 3 2 green
# searchh
q 1 3 1 
#c 3 1 green
# found/all 2 126
q 1 3 3 
#c 3 3 green
# found/all 3 126
q 1 4 2 
#c 4 2 green
# found/all 4 126
q 1 2 1 
q 1 3 0 
q 1 4 1 
#c 4 1 green
# found/all 5 126
q 1 3 4 
#c 3 4 green
# found/all 6 126
q 1 4 3 
#c 4 3 green
# found/all 7 126
q 1 5 2 
#c 5 2 green
# found/all 8 126
q 1 4 0 
q 1 5 1 
#c 5 1 green
# found/all 9 126
q 1 2 4 
q 1 3 5 
#c 3 5 green
# found/all 10 126
q 1 4 4 
#c 4 4 green
# found/all 11 126
q 1 5 3 
#c 5 3 green
# found/all 12 126
q 1 6 2 
q 1 5 0 
q 1 6 1 
q 1 2 5 
q 1 3 6 
#c 3 6 green
# found/all 13 126
q 1 4 5 
#c 4 5 green
# found/all 14 126
q 1 5 4 
#c 5 4 green
# found/all 16 126
q 1 6 3 
#c 6 3 green
# found/all 18 126
q 1 2 6 
#c 2 6 green
# found/all 19 126
q 1 3 7 
#c 3 7 green
# found/all 20 126
q 1 4 6 
#c 4 6 green
# found/all 21 126
q 1 5 5 
#c 5 5 green
# found/all 22 126
q 1 6 4 
#c 6 4 green
# found/all 23 126
q 1 7 3 
#c 7 3 green
# found/all 25 126
q 1 1 6 
#c 1 6 green
# found/all 26 126
q 1 2 7 
q 1 3 8 
#c 3 8 green
# found/all 27 126
q 1 4 7 
#c 4 7 green
# found/all 28 126
q 1 5 6 
q 1 6 5 
q 1 7 4 
#c 7 4 green
# found/all 29 126
q 1 7 2 
#c 7 2 green
# found/all 30 126
q 1 8 3 
#c 8 3 green
# found/all 31 126
q 1 0 6 
#c 0 6 green
# found/all 32 126
q 1 1 5 
q 1 1 7 
q 1 2 8 
q 1 3 9 
q 1 4 8 
#c 4 8 green
# found/all 33 126
q 1 5 7 
q 1 7 5 
#c 7 5 green
# found/all 34 126
q 1 8 4 
#c 8 4 green
# found/all 35 126
q 1 7 1 
q 1 8 2 
q 1 9 3 
q 1 0 5 
q 1 0 7 
q 1 4 9 
q 1 5 8 
#c 5 8 green
# found/all 36 126
q 1 7 6 
q 1 8 5 
#c 8 5 green
# found/all 37 126
q 1 9 4 
q 1 5 9 
q 1 6 8 
q 1 8 6 
q 1 9 5 
q 16 0 4 0 5 0 6 0 7 1 4 1 5 1 6 1 7 2 4 2 5 2 6 2 7 3 4 3 5 3 6 3 7 
q 4 0 4 0 5 1 4 1 5 
# SUM >= 2
# SUM >= 2
q 16 0 8 0 9 0 10 0 11 1 8 1 9 1 10 1 11 2 8 2 9 2 10 2 11 3 8 3 9 3 10 3 11 
q 4 0 8 0 9 1 8 1 9 
q 4 0 10 0 11 1 10 1 11 
q 4 2 8 2 9 3 8 3 9 
q 1 2 9 
q 4 2 10 2 11 3 10 3 11 
q 16 0 12 0 13 0 14 0 15 1 12 1 13 1 14 1 15 2 12 2 13 2 14 2 15 3 12 3 13 3 14 3 15 
q 4 0 12 0 13 1 12 1 13 
q 4 0 14 0 15 1 14 1 15 
q 4 2 12 2 13 3 12 3 13 
q 4 2 14 2 15 3 14 3 15 
q 4 0 16 1 16 2 16 3 16 
q 16 4 0 4 1 4 2 4 3 5 0 5 1 5 2 5 3 6 0 6 1 6 2 6 3 7 0 7 1 7 2 7 3 
# SUM >= 2
q 4 6 0 6 1 7 0 7 1 
# SUM >= 2
q 16 4 4 4 5 4 6 4 7 5 4 5 5 5 6 5 7 6 4 6 5 6 6 6 7 7 4 7 5 7 6 7 7 
# SUM >= 2
# SUM >= 2
q 16 4 8 4 9 4 10 4 11 5 8 5 9 5 10 5 11 6 8 6 9 6 10 6 11 7 8 7 9 7 10 7 11 
# SUM >= 2
q 4 6 8 6 9 7 8 7 9 
q 1 6 9 
#c 6 9 green
# searchh
q 1 6 10 
#c 6 10 green
# found/all 40 126
q 1 7 9 
#c 7 9 green
# found/all 42 126
q 1 5 10 
#c 5 10 green
# found/all 43 126
q 1 6 11 
#c 6 11 green
# found/all 44 126
q 1 7 10 
#c 7 10 green
# found/all 46 126
q 1 7 8 
#c 7 8 green
# found/all 47 126
q 1 8 9 
#c 8 9 green
# found/all 48 126
q 1 4 10 
q 1 5 11 
q 1 6 12 
#c 6 12 green
# found/all 49 126
q 1 7 11 
#c 7 11 green
# found/all 51 126
q 1 8 10 
#c 8 10 green
# found/all 52 126
q 1 7 7 
q 1 8 8 
#c 8 8 green
# found/all 53 126
q 1 9 9 
#c 9 9 green
# found/all 54 126
q 1 5 12 
#c 5 12 green
# found/all 55 126
q 1 6 13 
#c 6 13 green
# found/all 58 126
q 1 7 12 
#c 7 12 green
# found/all 60 126
q 1 8 11 
#c 8 11 green
# found/all 61 126
q 1 9 10 
#c 9 10 green
# found/all 62 126
q 1 8 7 
#c 8 7 green
# found/all 63 126
q 1 9 8 
#c 9 8 green
# found/all 64 126
q 1 10 9 
q 1 4 12 
q 1 5 13 
#c 5 13 green
# found/all 66 126
q 1 6 14 
#c 6 14 green
# found/all 69 126
q 1 7 13 
#c 7 13 green
# found/all 72 126
q 1 8 12 
#c 8 12 green
# found/all 73 126
q 1 9 11 
#c 9 11 green
# found/all 74 126
q 1 10 10 
q 1 9 7 
#c 9 7 green
# found/all 75 126
q 1 10 8 
q 1 4 13 
#c 4 13 green
# found/all 76 126
q 1 5 14 
q 1 6 15 
#c 6 15 green
# found/all 77 126
q 1 7 14 
#c 7 14 green
# found/all 80 126
q 1 8 13 
#c 8 13 green
# found/all 82 126
q 1 9 12 
#c 9 12 green
# found/all 84 126
q 1 10 11 
q 1 9 6 
q 1 10 7 
q 1 3 13 
q 1 4 14 
q 1 5 15 
#c 5 15 green
# found/all 85 126
q 1 6 16 
q 1 7 15 
#c 7 15 green
# found/all 88 126
q 1 8 14 
#c 8 14 green
# found/all 90 126
q 1 9 13 
#c 9 13 green
# found/all 92 126
q 1 10 12 
#c 10 12 green
# found/all 95 126
q 1 4 15 
q 1 5 16 
q 1 7 16 
q 1 8 15 
#c 8 15 green
# found/all 96 126
q 1 9 14 
#c 9 14 green
# found/all 99 126
q 1 10 13 
#c 10 13 green
# found/all 101 126
q 1 11 12 
#c 11 12 green
# found/all 102 126
q 1 8 16 
#c 8 16 green
# found/all 103 126
q 1 9 15 
q 1 10 14 
#c 10 14 green
# found/all 105 126
q 1 11 13 
#c 11 13 green
# found/all 107 126
q 1 11 11 
q 1 12 12 
q 1 9 16 
q 1 10 15 
#c 10 15 green
# found/all 108 126
q 1 11 14 
#c 11 14 green
# found/all 110 126
q 1 12 13 
#c 12 13 green
# found/all 111 126
q 1 10 16 
q 1 11 15 
#c 11 15 green
# found/all 113 126
q 1 12 14 
#c 12 14 green
# found/all 114 126
q 1 13 13 
#c 13 13 green
# found/all 115 126
q 1 11 16 
q 1 12 15 
#c 12 15 green
# found/all 117 126
q 1 13 14 
q 1 13 12 
q 1 14 13 
q 1 12 16 
#c 12 16 green
# found/all 118 126
q 1 13 15 
#c 13 15 green
# found/all 119 126
q 1 13 16 
#c 13 16 green
# found/all 120 126
q 1 14 15 
q 1 14 16 
# SUM >= 2
q 16 4 12 4 13 4 14 4 15 5 12 5 13 5 14 5 15 6 12 6 13 6 14 6 15 7 12 7 13 7 14 7 15 
# SUM >= 2
# SUM >= 2
q 4 4 16 5 16 6 16 7 16 
q 16 8 0 8 1 8 2 8 3 9 0 9 1 9 2 9 3 10 0 10 1 10 2 10 3 11 0 11 1 11 2 11 3 
q 16 8 4 8 5 8 6 8 7 9 4 9 5 9 6 9 7 10 4 10 5 10 6 10 7 11 4 11 5 11 6 11 7 
# SUM >= 2
q 4 10 4 10 5 11 4 11 5 
q 4 10 6 10 7 11 6 11 7 
q 16 8 8 8 9 8 10 8 11 9 8 9 9 9 10 9 11 10 8 10 9 10 10 10 11 11 8 11 9 11 10 11 11 
# SUM >= 2
q 4 10 8 10 9 11 8 11 9 
q 4 10 10 10 11 11 10 11 11 
q 1 11 10 
q 16 8 12 8 13 8 14 8 15 9 12 9 13 9 14 9 15 10 12 10 13 10 14 10 15 11 12 11 13 11 14 11 15 
# SUM >= 2
# SUM >= 2
q 4 8 16 9 16 10 16 11 16 
q 2 8 16 9 16 
q 2 10 16 11 16 
q 16 12 0 12 1 12 2 12 3 13 0 13 1 13 2 13 3 14 0 14 1 14 2 14 3 15 0 15 1 15 2 15 3 
q 4 12 0 12 1 13 0 13 1 
q 4 12 2 12 3 13 2 13 3 
q 1 12 2 
q 1 12 3 
q 1 13 2 
q 1 13 3 
q 4 14 0 14 1 15 0 15 1 
q 4 14 2 14 3 15 2 15 3 
q 16 12 4 12 5 12 6 12 7 13 4 13 5 13 6 13 7 14 4 14 5 14 6 14 7 15 4 15 5 15 6 15 7 
q 4 12 4 12 5 13 4 13 5 
q 1 12 4 
#c 12 4 green
# searchh
q 1 11 4 
q 1 12 5 
#c 12 5 green
# found/all 122 126
q 1 13 4 
q 1 11 5 
q 1 12 6 
q 1 13 5 
#c 13 5 green
# found/all 123 126
q 1 13 6 
q 1 14 5 
#c 14 5 green
# found/all 124 126
q 1 14 4 
q 1 14 6 
#c 14 6 green
# found/all 125 126
q 1 15 5 
#c 15 5 green
# found/all 126 126
a 93 3 2 3 1 3 3 4 2 4 1 3 4 4 3 5 2 5 1 3 5 4 4 5 3 3 6 4 5 5 4 6 3 2 6 3 7 4 6 5 5 6 4 7 3 1 6 3 8 4 7 7 4 7 2 8 3 0 6 4 8 7 5 8 4 5 8 8 5 6 9 6 10 7 9 5 10 6 11 7 10 7 8 8 9 6 12 7 11 8 10 8 8 9 9 5 12 6 13 7 12 8 11 9 10 8 7 9 8 5 13 6 14 7 13 8 12 9 11 9 7 4 13 6 15 7 14 8 13 9 12 5 15 7 15 8 14 9 13 10 12 8 15 9 14 10 13 11 12 8 16 10 14 11 13 10 15 11 14 12 13 11 15 12 14 13 13 12 15 12 16 13 15 13 16 12 4 12 5 13 5 14 5 14 6 15 5 
