# [[0, 0], [0, 1], [0, 2], [0, 3], [0, 4], [0, 5], [1, 2], [1, 3], [1, 4], [1, 5]]
# [[0, 1], [1, 0], [1, 1], [2, 1], [2, 2], [3, 0], [3, 1], [3, 2], [3, 3], [4, 1]]
# [[0, 3], [1, 2], [1, 3], [2, 0], [2, 1], [2, 2]]
# [[0, 0], [0, 1], [0, 2], [1, 2], [1, 3], [2, 1], [2, 2], [2, 3], [2, 4], [3, 1], [3, 2], [4, 1], [4, 2], [4, 3], [4, 4]]
# [[0, 1], [1, 0], [1, 1], [1, 2], [2, 2], [3, 2]]
# [[0, 2], [0, 4], [1, 1], [1, 2], [1, 3], [1, 4], [1, 5], [2, 0], [2, 1], [2, 2], [3, 1]]
# [[0, 0], [1, 0], [1, 1], [2, 0], [2, 1]]
# [[0, 0], [0, 1], [0, 2], [0, 3], [1, 1]]
# [[0, 1], [0, 2], [1, 1], [1, 2], [2, 0], [2, 1], [2, 2], [2, 3], [3, 1]]
# [[0, 3], [1, 3], [2, 2], [2, 3], [3, 2], [4, 0], [4, 1], [4, 2]]
q 16 0 0 0 1 0 2 0 3 1 0 1 1 1 2 1 3 2 0 2 1 2 2 2 3 3 0 3 1 3 2 3 3 
q 4 0 0 0 1 1 0 1 1 
q 4 0 2 0 3 1 2 1 3 
q 4 2 0 2 1 3 0 3 1 
q 1 2 0 
q 1 2 1 
#c 2 1 green
# searchh
q 1 1 1 
q 1 2 2 
q 1 3 1 
#c 3 1 green
# found/all 2 85
q 1 3 0 
#c 3 0 green
# found/all 3 85
q 1 3 2 
#c 3 2 green
# found/all 4 85
q 1 4 1 
q 1 4 0 
q 1 3 3 
q 1 4 2 
#c 4 2 green
# found/all 5 85
q 1 4 3 
q 1 5 2 
#c 5 2 green
# found/all 6 85
q 1 5 1 
q 1 5 3 
#c 5 3 green
# found/all 7 85
q 1 6 2 
q 1 5 4 
#c 5 4 green
# found/all 8 85
q 1 6 3 
q 1 4 4 
q 1 5 5 
#c 5 5 green
# found/all 9 85
q 1 6 4 
q 1 4 5 
q 1 5 6 
#c 5 6 green
# found/all 10 85
q 1 6 5 
#c 6 5 green
# found/all 11 85
q 1 4 6 
q 1 5 7 
#c 5 7 green
# found/all 12 85
q 1 6 6 
#c 6 6 green
# found/all 13 85
q 1 7 5 
q 1 4 7 
q 1 5 8 
#c 5 8 green
# found/all 14 85
q 1 6 7 
#c 6 7 green
# found/all 15 85
q 1 7 6 
q 1 4 8 
q 1 5 9 
#c 5 9 green
# found/all 16 85
q 1 6 8 
#c 6 8 green
# found/all 17 85
q 1 7 7 
#c 7 7 green
# found/all 18 85
q 1 4 9 
q 1 5 10 
#c 5 10 green
# found/all 19 85
q 1 6 9 
#c 6 9 green
# found/all 20 85
q 1 7 8 
#c 7 8 green
# found/all 21 85
q 1 8 7 
q 1 4 10 
#c 4 10 green
# found/all 22 85
q 1 5 11 
q 1 6 10 
q 1 7 9 
#c 7 9 green
# found/all 23 85
q 1 8 8 
q 1 3 10 
#c 3 10 green
# found/all 24 85
q 1 4 11 
q 1 7 10 
q 1 8 9 
#c 8 9 green
# found/all 25 85
q 1 2 10 
#c 2 10 green
# found/all 26 85
q 1 3 9 
q 1 3 11 
q 1 8 10 
q 1 9 9 
#c 9 9 green
# found/all 27 85
q 1 1 10 
q 1 2 9 
q 1 2 11 
#c 2 11 green
# found/all 28 85
q 1 9 8 
q 1 9 10 
#c 9 10 green
# found/all 29 85
q 1 10 9 
#c 10 9 green
# found/all 30 85
q 1 1 11 
q 1 2 12 
#c 2 12 green
# found/all 31 85
q 1 9 11 
q 1 10 10 
#c 10 10 green
# found/all 32 85
q 1 10 8 
q 1 11 9 
q 1 1 12 
#c 1 12 green
# found/all 33 85
q 1 2 13 
q 1 3 12 
q 1 10 11 
q 1 11 10 
q 1 0 12 
q 1 1 13 
#c 1 13 green
# found/all 34 85
q 1 0 13 
#c 0 13 green
# found/all 35 85
q 1 1 14 
q 1 0 14 
q 4 2 2 2 3 3 2 3 3 
q 16 0 4 0 5 0 6 0 7 1 4 1 5 1 6 1 7 2 4 2 5 2 6 2 7 3 4 3 5 3 6 3 7 
q 16 0 8 0 9 0 10 0 11 1 8 1 9 1 10 1 11 2 8 2 9 2 10 2 11 3 8 3 9 3 10 3 11 
q 4 0 8 0 9 1 8 1 9 
q 4 0 10 0 11 1 10 1 11 
q 4 2 8 2 9 3 8 3 9 
# SUM >= 2
q 16 0 12 0 13 0 14 0 15 1 12 1 13 1 14 1 15 2 12 2 13 2 14 2 15 3 12 3 13 3 14 3 15 
# SUM >= 2
q 4 2 12 2 13 3 12 3 13 
q 4 2 14 2 15 3 14 3 15 
q 16 0 16 0 17 0 18 0 19 1 16 1 17 1 18 1 19 2 16 2 17 2 18 2 19 3 16 3 17 3 18 3 19 
q 16 4 0 4 1 4 2 4 3 5 0 5 1 5 2 5 3 6 0 6 1 6 2 6 3 7 0 7 1 7 2 7 3 
q 4 4 0 4 1 5 0 5 1 
# SUM >= 2
q 4 6 0 6 1 7 0 7 1 
q 4 6 2 6 3 7 2 7 3 
q 16 4 4 4 5 4 6 4 7 5 4 5 5 5 6 5 7 6 4 6 5 6 6 6 7 7 4 7 5 7 6 7 7 
# SUM >= 2
q 4 6 4 6 5 7 4 7 5 
# SUM >= 2
q 16 4 8 4 9 4 10 4 11 5 8 5 9 5 10 5 11 6 8 6 9 6 10 6 11 7 8 7 9 7 10 7 11 
# SUM >= 2
# SUM >= 2
q 16 4 12 4 13 4 14 4 15 5 12 5 13 5 14 5 15 6 12 6 13 6 14 6 15 7 12 7 13 7 14 7 15 
q 16 4 16 4 17 4 18 4 19 5 16 5 17 5 18 5 19 6 16 6 17 6 18 6 19 7 16 7 17 7 18 7 19 
q 16 8 0 8 1 8 2 8 3 9 0 9 1 9 2 9 3 10 0 10 1 10 2 10 3 11 0 11 1 11 2 11 3 
q 4 8 0 8 1 9 0 9 1 
q 4 8 2 8 3 9 2 9 3 
q 4 10 0 10 1 11 0 11 1 
q 4 10 2 10 3 11 2 11 3 
q 16 8 4 8 5 8 6 8 7 9 4 9 5 9 6 9 7 10 4 10 5 10 6 10 7 11 4 11 5 11 6 11 7 
q 16 8 8 8 9 8 10 8 11 9 8 9 9 9 10 9 11 10 8 10 9 10 10 10 11 11 8 11 9 11 10 11 11 
# SUM >= 2
q 4 10 8 10 9 11 8 11 9 
q 1 11 8 
q 4 10 10 10 11 11 10 11 11 
q 16 8 12 8 13 8 14 8 15 9 12 9 13 9 14 9 15 10 12 10 13 10 14 10 15 11 12 11 13 11 14 11 15 
q 4 8 12 8 13 9 12 9 13 
q 4 8 14 8 15 9 14 9 15 
q 4 10 12 10 13 11 12 11 13 
q 1 10 12 
q 1 10 13 
q 1 11 12 
#c 11 12 green
# searchh
q 1 11 11 
q 1 11 13 
#c 11 13 green
# found/all 37 85
q 1 12 12 
q 1 11 14 
#c 11 14 green
# found/all 38 85
q 1 12 13 
#c 12 13 green
# found/all 39 85
q 1 10 14 
q 1 11 15 
#c 11 15 green
# found/all 40 85
q 1 12 14 
q 1 13 13 
q 1 10 15 
q 1 11 16 
q 1 12 15 
# SUM >= 2
q 16 8 16 8 17 8 18 8 19 9 16 9 17 9 18 9 19 10 16 10 17 10 18 10 19 11 16 11 17 11 18 11 19 
q 4 8 16 8 17 9 16 9 17 
q 4 8 18 8 19 9 18 9 19 
q 4 10 16 10 17 11 16 11 17 
q 4 10 18 10 19 11 18 11 19 
q 16 12 0 12 1 12 2 12 3 13 0 13 1 13 2 13 3 14 0 14 1 14 2 14 3 15 0 15 1 15 2 15 3 
q 4 12 0 12 1 13 0 13 1 
q 1 12 0 
#c 12 0 green
# searchh
q 1 11 0 
q 1 12 1 
#c 12 1 green
# found/all 42 85
q 1 13 0 
q 1 11 1 
#c 11 1 green
# found/all 43 85
q 1 12 2 
q 1 13 1 
#c 13 1 green
# found/all 44 85
q 1 10 1 
q 1 11 2 
q 1 13 2 
#c 13 2 green
# found/all 45 85
q 1 14 1 
#c 14 1 green
# found/all 46 85
q 1 13 3 
q 1 14 2 
#c 14 2 green
# found/all 47 85
q 1 14 0 
#c 14 0 green
# found/all 48 85
q 1 15 1 
#c 15 1 green
# found/all 49 85
q 1 14 3 
#c 14 3 green
# found/all 50 85
q 1 15 2 
q 1 15 0 
q 1 16 1 
q 1 14 4 
q 1 15 3 
q 4 12 2 12 3 13 2 13 3 
# SUM >= 2
q 16 12 4 12 5 12 6 12 7 13 4 13 5 13 6 13 7 14 4 14 5 14 6 14 7 15 4 15 5 15 6 15 7 
q 4 12 4 12 5 13 4 13 5 
q 4 12 6 12 7 13 6 13 7 
q 1 12 6 
q 1 12 7 
q 1 13 6 
#c 13 6 green
# searchh
q 1 13 5 
q 1 13 7 
#c 13 7 green
# found/all 53 85
q 1 14 6 
#c 14 6 green
# found/all 54 85
q 1 13 8 
#c 13 8 green
# found/all 55 85
q 1 14 7 
#c 14 7 green
# found/all 56 85
q 1 14 5 
q 1 15 6 
#c 15 6 green
# found/all 58 85
q 1 12 8 
q 1 13 9 
#c 13 9 green
# found/all 59 85
q 1 14 8 
#c 14 8 green
# found/all 61 85
q 1 15 7 
#c 15 7 green
# found/all 64 85
q 1 15 5 
#c 15 5 green
# found/all 65 85
q 1 16 6 
#c 16 6 green
# found/all 67 85
q 1 12 9 
q 1 13 10 
q 1 14 9 
#c 14 9 green
# found/all 69 85
q 1 15 8 
#c 15 8 green
# found/all 70 85
q 1 16 7 
#c 16 7 green
# found/all 72 85
q 1 15 4 
q 1 16 5 
q 1 17 6 
#c 17 6 green
# found/all 73 85
q 1 14 10 
#c 14 10 green
# found/all 74 85
q 1 15 9 
#c 15 9 green
# found/all 75 85
q 1 16 8 
#c 16 8 green
# found/all 76 85
q 1 17 7 
#c 17 7 green
# found/all 78 85
q 1 17 5 
#c 17 5 green
# found/all 79 85
q 1 18 6 
#c 18 6 green
# found/all 80 85
q 1 14 11 
q 1 15 10 
#c 15 10 green
# found/all 81 85
q 1 16 9 
q 1 17 8 
#c 17 8 green
# found/all 83 85
q 1 18 7 
q 1 17 4 
q 1 18 5 
q 1 19 6 
q 1 15 11 
q 1 16 10 
q 1 17 9 
#c 17 9 green
# found/all 84 85
q 1 18 8 
q 1 17 10 
#c 17 10 green
# found/all 85 85
a 75 2 1 3 1 3 0 3 2 4 2 5 2 5 3 5 4 5 5 5 6 6 5 5 7 6 6 5 8 6 7 5 9 6 8 7 7 5 10 6 9 7 8 4 10 7 9 3 10 8 9 2 10 9 9 2 11 9 10 10 9 2 12 10 10 1 12 1 13 0 13 11 12 11 13 11 14 12 13 11 15 12 0 12 1 11 1 13 1 13 2 14 1 14 2 14 0 15 1 14 3 13 6 13 7 14 6 13 8 14 7 15 6 13 9 14 8 15 7 15 5 16 6 14 9 15 8 16 7 17 6 14 10 15 9 16 8 17 7 17 5 18 6 15 10 17 8 17 9 17 10 
