# [[0, 2], [1, 1], [1, 2], [1, 4], [2, 1], [2, 2], [2, 3], [2, 4], [2, 5], [3, 2], [3, 3], [3, 4], [3, 5], [4, 1], [4, 2], [4, 3], [4, 4], [4, 5], [5, 0], [5, 1], [5, 3]]
# [[0, 2], [0, 3], [0, 5], [1, 3], [1, 4], [1, 5], [2, 1], [2, 2], [2, 3], [2, 5], [3, 0], [3, 1], [3, 2], [3, 3], [3, 4], [4, 2], [4, 3], [5, 1], [5, 2], [6, 1]]
# [[0, 3], [0, 4], [1, 1], [1, 2], [1, 3], [2, 0], [2, 1], [2, 2], [2, 3], [3, 0], [3, 1], [3, 2], [4, 2], [4, 3], [4, 4], [5, 1], [5, 2], [5, 3], [6, 3], [6, 4], [6, 5], [7, 4]]
# [[0, 3], [1, 3], [2, 3], [3, 1], [3, 2], [3, 3], [3, 4], [4, 3], [5, 0], [5, 1], [5, 2], [5, 3], [5, 4], [5, 5], [6, 3], [6, 4], [7, 3], [7, 4], [7, 5], [8, 3], [8, 5]]
# [[0, 4], [0, 5], [1, 4], [1, 5], [1, 6], [2, 2], [2, 3], [2, 4], [2, 5], [3, 0], [3, 1], [3, 2], [3, 4], [3, 5], [3, 6], [3, 7], [3, 8], [4, 4], [4, 6], [4, 7], [5, 6], [5, 7]]
# [[0, 1], [1, 1], [1, 3], [2, 1], [2, 2], [2, 3], [3, 1], [3, 2], [3, 3], [3, 4], [3, 5], [3, 6], [4, 0], [4, 1], [4, 2], [4, 3], [4, 4], [4, 5], [5, 0], [5, 1], [5, 4]]
# [[0, 2], [0, 3], [0, 4], [1, 0], [1, 1], [1, 2], [1, 3], [1, 4], [2, 2], [2, 3], [3, 2], [3, 3], [3, 4], [4, 2], [4, 3], [4, 4], [5, 1], [5, 2], [5, 3], [6, 1]]
q 16 0 0 0 1 0 2 0 3 1 0 1 1 1 2 1 3 2 0 2 1 2 2 2 3 3 0 3 1 3 2 3 3 
q 4 0 0 0 1 1 0 1 1 
q 4 0 2 0 3 1 2 1 3 
q 4 2 0 2 1 3 0 3 1 
q 4 2 2 2 3 3 2 3 3 
q 1 2 2 
q 1 2 3 
q 1 3 2 
q 1 3 3 
q 16 0 4 0 5 0 6 0 7 1 4 1 5 1 6 1 7 2 4 2 5 2 6 2 7 3 4 3 5 3 6 3 7 
q 4 0 4 0 5 1 4 1 5 
q 4 0 6 0 7 1 6 1 7 
q 4 2 4 2 5 3 4 3 5 
q 4 2 6 2 7 3 6 3 7 
q 16 0 8 0 9 0 10 0 11 1 8 1 9 1 10 1 11 2 8 2 9 2 10 2 11 3 8 3 9 3 10 3 11 
q 4 0 8 0 9 1 8 1 9 
q 4 0 10 0 11 1 10 1 11 
q 4 2 8 2 9 3 8 3 9 
q 4 2 10 2 11 3 10 3 11 
q 1 2 10 
q 1 2 11 
q 1 3 10 
#c 3 10 green
# searchh
q 1 3 9 
q 1 3 11 
q 1 4 10 
#c 4 10 green
# found/all 4 147
q 1 4 9 
#c 4 9 green
# found/all 5 147
q 1 4 11 
q 1 5 10 
#c 5 10 green
# found/all 7 147
q 1 4 8 
#c 4 8 green
# found/all 8 147
q 1 5 9 
#c 5 9 green
# found/all 9 147
q 1 5 11 
#c 5 11 green
# found/all 11 147
q 1 6 10 
#c 6 10 green
# found/all 13 147
q 1 3 8 
#c 3 8 green
# found/all 14 147
q 1 4 7 
q 1 5 8 
#c 5 8 green
# found/all 15 147
q 1 6 9 
#c 6 9 green
# found/all 16 147
q 1 5 12 
#c 5 12 green
# found/all 18 147
q 1 6 11 
#c 6 11 green
# found/all 20 147
q 1 7 10 
#c 7 10 green
# found/all 22 147
q 1 2 8 
q 1 3 7 
q 1 5 7 
#c 5 7 green
# found/all 23 147
q 1 6 8 
#c 6 8 green
# found/all 25 147
q 1 7 9 
#c 7 9 green
# found/all 27 147
q 1 4 12 
#c 4 12 green
# found/all 29 147
q 1 5 13 
#c 5 13 green
# found/all 30 147
q 1 6 12 
#c 6 12 green
# found/all 32 147
q 1 7 11 
#c 7 11 green
# found/all 34 147
q 1 8 10 
#c 8 10 green
# found/all 36 147
q 1 5 6 
#c 5 6 green
# found/all 37 147
q 1 6 7 
#c 6 7 green
# found/all 39 147
q 1 7 8 
#c 7 8 green
# found/all 41 147
q 1 8 9 
#c 8 9 green
# found/all 44 147
q 1 3 12 
q 1 4 13 
q 1 5 14 
q 1 6 13 
#c 6 13 green
# found/all 46 147
q 1 7 12 
#c 7 12 green
# found/all 48 147
q 1 8 11 
#c 8 11 green
# found/all 49 147
q 1 9 10 
q 1 4 6 
q 1 5 5 
#c 5 5 green
# found/all 50 147
q 1 6 6 
#c 6 6 green
# found/all 53 147
q 1 7 7 
#c 7 7 green
# found/all 54 147
q 1 8 8 
#c 8 8 green
# found/all 57 147
q 1 9 9 
#c 9 9 green
# found/all 58 147
q 1 6 14 
#c 6 14 green
# found/all 59 147
q 1 7 13 
#c 7 13 green
# found/all 61 147
q 1 8 12 
q 1 9 11 
q 1 4 5 
q 1 5 4 
q 1 6 5 
#c 6 5 green
# found/all 63 147
q 1 7 6 
#c 7 6 green
# found/all 65 147
q 1 8 7 
#c 8 7 green
# found/all 67 147
q 1 9 8 
#c 9 8 green
# found/all 68 147
q 1 10 9 
#c 10 9 green
# found/all 69 147
q 1 6 15 
#c 6 15 green
# found/all 70 147
q 1 7 14 
#c 7 14 green
# found/all 71 147
q 1 8 13 
#c 8 13 green
# found/all 72 147
q 1 6 4 
#c 6 4 green
# found/all 73 147
q 1 7 5 
#c 7 5 green
# found/all 74 147
q 1 8 6 
#c 8 6 green
# found/all 77 147
q 1 9 7 
#c 9 7 green
# found/all 79 147
q 1 10 8 
#c 10 8 green
# found/all 80 147
q 1 10 10 
#c 10 10 green
# found/all 81 147
q 1 11 9 
q 1 5 15 
q 1 6 16 
q 1 7 15 
q 1 8 14 
q 1 9 13 
q 1 6 3 
#c 6 3 green
# found/all 82 147
q 1 7 4 
q 1 8 5 
#c 8 5 green
# found/all 85 147
q 1 9 6 
#c 9 6 green
# found/all 87 147
q 1 10 7 
q 1 11 8 
#c 11 8 green
# found/all 88 147
q 1 10 11 
q 1 11 10 
#c 11 10 green
# found/all 89 147
q 1 5 3 
q 1 6 2 
q 1 7 3 
q 1 8 4 
#c 8 4 green
# found/all 90 147
q 1 9 5 
#c 9 5 green
# found/all 92 147
q 1 10 6 
#c 10 6 green
# found/all 94 147
q 1 11 7 
q 1 12 8 
q 1 11 11 
q 1 12 10 
q 1 8 3 
q 1 9 4 
#c 9 4 green
# found/all 95 147
q 1 10 5 
#c 10 5 green
# found/all 97 147
q 1 11 6 
q 1 9 3 
#c 9 3 green
# found/all 98 147
q 1 10 4 
#c 10 4 green
# found/all 99 147
q 1 11 5 
#c 11 5 green
# found/all 100 147
q 1 9 2 
q 1 10 3 
q 1 11 4 
#c 11 4 green
# found/all 102 147
q 1 12 5 
q 1 11 3 
q 1 12 4 
#c 12 4 green
# found/all 103 147
q 1 12 3 
q 1 13 4 
q 16 0 12 0 13 0 14 0 15 1 12 1 13 1 14 1 15 2 12 2 13 2 14 2 15 3 12 3 13 3 14 3 15 
q 4 0 12 0 13 1 12 1 13 
q 4 0 14 0 15 1 14 1 15 
q 4 2 12 2 13 3 12 3 13 
q 4 2 14 2 15 3 14 3 15 
q 12 0 16 0 17 0 18 1 16 1 17 1 18 2 16 2 17 2 18 3 16 3 17 3 18 
q 16 4 0 4 1 4 2 4 3 5 0 5 1 5 2 5 3 6 0 6 1 6 2 6 3 7 0 7 1 7 2 7 3 
q 4 4 0 4 1 5 0 5 1 
q 4 4 2 4 3 5 2 5 3 
q 4 6 0 6 1 7 0 7 1 
q 4 6 2 6 3 7 2 7 3 
q 1 7 2 
q 16 4 4 4 5 4 6 4 7 5 4 5 5 5 6 5 7 6 4 6 5 6 6 6 7 7 4 7 5 7 6 7 7 
q 4 4 4 4 5 5 4 5 5 
# SUM >= 2
# SUM >= 2
q 16 4 8 4 9 4 10 4 11 5 8 5 9 5 10 5 11 6 8 6 9 6 10 6 11 7 8 7 9 7 10 7 11 
# SUM >= 2
# SUM >= 2
q 16 4 12 4 13 4 14 4 15 5 12 5 13 5 14 5 15 6 12 6 13 6 14 6 15 7 12 7 13 7 14 7 15 
# SUM >= 2
# SUM >= 2
q 12 4 16 4 17 4 18 5 16 5 17 5 18 6 16 6 17 6 18 7 16 7 17 7 18 
q 4 4 16 4 17 5 16 5 17 
q 2 4 18 5 18 
q 4 6 16 6 17 7 16 7 17 
q 2 6 18 7 18 
q 16 8 0 8 1 8 2 8 3 9 0 9 1 9 2 9 3 10 0 10 1 10 2 10 3 11 0 11 1 11 2 11 3 
q 4 8 0 8 1 9 0 9 1 
q 4 8 2 8 3 9 2 9 3 
q 1 8 2 
q 4 10 0 10 1 11 0 11 1 
q 4 10 2 10 3 11 2 11 3 
q 16 8 4 8 5 8 6 8 7 9 4 9 5 9 6 9 7 10 4 10 5 10 6 10 7 11 4 11 5 11 6 11 7 
# SUM >= 2
# SUM >= 2
q 16 8 8 8 9 8 10 8 11 9 8 9 9 9 10 9 11 10 8 10 9 10 10 10 11 11 8 11 9 11 10 11 11 
# SUM >= 2
# SUM >= 2
q 16 8 12 8 13 8 14 8 15 9 12 9 13 9 14 9 15 10 12 10 13 10 14 10 15 11 12 11 13 11 14 11 15 
q 4 8 12 8 13 9 12 9 13 
q 4 8 14 8 15 9 14 9 15 
q 4 10 12 10 13 11 12 11 13 
q 1 10 12 
q 1 10 13 
#c 10 13 green
# searchh
q 1 10 14 
#c 10 14 green
# found/all 105 147
q 1 11 13 
#c 11 13 green
# found/all 106 147
q 1 9 14 
q 1 10 15 
q 1 11 14 
#c 11 14 green
# found/all 107 147
q 1 11 12 
q 1 12 13 
#c 12 13 green
# found/all 109 147
q 1 11 15 
#c 11 15 green
# found/all 111 147
q 1 12 14 
#c 12 14 green
# found/all 113 147
q 1 12 12 
#c 12 12 green
# found/all 114 147
q 1 13 13 
#c 13 13 green
# found/all 116 147
q 1 11 16 
#c 11 16 green
# found/all 117 147
q 1 12 15 
#c 12 15 green
# found/all 118 147
q 1 13 14 
#c 13 14 green
# found/all 120 147
q 1 12 11 
#c 12 11 green
# found/all 121 147
q 1 13 12 
#c 13 12 green
# found/all 122 147
q 1 14 13 
#c 14 13 green
# found/all 124 147
q 1 10 16 
q 1 11 17 
q 1 12 16 
q 1 13 15 
#c 13 15 green
# found/all 126 147
q 1 14 14 
#c 14 14 green
# found/all 127 147
q 1 13 11 
#c 13 11 green
# found/all 128 147
q 1 14 12 
#c 14 12 green
# found/all 129 147
q 1 15 13 
q 1 13 16 
#c 13 16 green
# found/all 130 147
q 1 14 15 
#c 14 15 green
# found/all 131 147
q 1 15 14 
#c 15 14 green
# found/all 132 147
q 1 13 10 
#c 13 10 green
# found/all 133 147
q 1 14 11 
q 1 15 12 
q 1 13 17 
#c 13 17 green
# found/all 134 147
q 1 14 16 
#c 14 16 green
# found/all 135 147
q 1 15 15 
#c 15 15 green
# found/all 137 147
q 1 16 14 
#c 16 14 green
# found/all 138 147
q 1 13 9 
#c 13 9 green
# found/all 139 147
q 1 14 10 
q 1 12 17 
q 1 13 18 
q 1 14 17 
q 1 15 16 
#c 15 16 green
# found/all 141 147
q 1 16 15 
#c 16 15 green
# found/all 142 147
q 1 16 13 
#c 16 13 green
# found/all 143 147
q 1 17 14 
q 1 12 9 
q 1 13 8 
q 1 14 9 
q 1 15 17 
q 1 16 16 
q 1 17 15 
#c 17 15 green
# found/all 144 147
q 1 16 12 
q 1 17 13 
q 1 17 16 
#c 17 16 green
# found/all 145 147
q 1 18 15 
q 1 17 17 
#c 17 17 green
# found/all 146 147
q 1 18 16 
#c 18 16 green
# found/all 147 147
a 100 3 10 4 10 4 9 5 10 4 8 5 9 5 11 6 10 3 8 5 8 6 9 5 12 6 11 7 10 5 7 6 8 7 9 4 12 5 13 6 12 7 11 8 10 5 6 6 7 7 8 8 9 6 13 7 12 8 11 5 5 6 6 7 7 8 8 9 9 6 14 7 13 6 5 7 6 8 7 9 8 10 9 6 15 7 14 8 13 6 4 7 5 8 6 9 7 10 8 10 10 6 3 8 5 9 6 11 8 11 10 8 4 9 5 10 6 9 4 10 5 9 3 10 4 11 5 11 4 12 4 10 13 10 14 11 13 11 14 12 13 11 15 12 14 12 12 13 13 11 16 12 15 13 14 12 11 13 12 14 13 13 15 14 14 13 11 14 12 13 16 14 15 15 14 13 10 13 17 14 16 15 15 16 14 13 9 15 16 16 15 16 13 17 15 17 16 17 17 18 16 
