# [[0, 1], [1, 0], [1, 1], [1, 2], [2, 0], [2, 1], [2, 2], [2, 3], [3, 2]]
# [[0, 1], [1, 1], [1, 2], [2, 0], [2, 1], [2, 2], [2, 3], [3, 0], [3, 1], [3, 2], [3, 3], [4, 0]]
# [[0, 3], [1, 1], [1, 3], [2, 0], [2, 1], [2, 2], [2, 3], [2, 4], [3, 1], [3, 2], [3, 3], [3, 4], [3, 5], [4, 3], [4, 4], [5, 2], [5, 3]]
# [[0, 2], [0, 3], [1, 3], [2, 2], [2, 3], [2, 4], [3, 0], [3, 1], [3, 2], [3, 3], [3, 4], [4, 0], [4, 1], [4, 2], [4, 3], [5, 1], [6, 0], [6, 1], [6, 2], [7, 1]]
# [[0, 2], [1, 0], [1, 1], [1, 2], [2, 1], [3, 1], [4, 1]]
# [[0, 0], [0, 1], [0, 2], [0, 3], [1, 1], [1, 2], [1, 3], [2, 2], [2, 3], [2, 4], [3, 1], [3, 2], [3, 3], [4, 1], [4, 2], [4, 3], [4, 4], [5, 0], [5, 1], [5, 2], [5, 3]]
# [[0, 1], [1, 0], [1, 1], [1, 2], [2, 0], [2, 1], [3, 0], [3, 1], [3, 2], [4, 0], [4, 1]]
# [[0, 2], [1, 0], [1, 1], [1, 2], [1, 4], [2, 1], [2, 2], [2, 3], [2, 4], [2, 5], [2, 6], [3, 2], [3, 3], [3, 4], [3, 5], [3, 6], [3, 7], [4, 3], [4, 4]]
# [[0, 0], [0, 2], [1, 0], [1, 1], [1, 2], [2, 0], [2, 1], [2, 2]]
# [[0, 3], [0, 4], [0, 5], [0, 6], [0, 8], [1, 2], [1, 3], [1, 4], [1, 5], [1, 6], [1, 7], [1, 8], [2, 0], [2, 1], [2, 2], [2, 3], [2, 4], [2, 5], [2, 8], [3, 4], [3, 5], [4, 4]]
# [[0, 2], [0, 3], [1, 2], [2, 1], [2, 2], [3, 0], [3, 1], [3, 2], [3, 3], [4, 1], [4, 3]]
# [[0, 0], [0, 1], [1, 0], [1, 1], [1, 2], [1, 3], [2, 0], [2, 1]]
q 16 0 0 0 1 0 2 0 3 1 0 1 1 1 2 1 3 2 0 2 1 2 2 2 3 3 0 3 1 3 2 3 3 
q 4 0 0 0 1 1 0 1 1 
q 4 0 2 0 3 1 2 1 3 
q 4 2 0 2 1 3 0 3 1 
q 4 2 2 2 3 3 2 3 3 
q 1 2 2 
q 1 2 3 
#c 2 3 green
# searchh
q 1 1 3 
q 1 2 4 
q 1 3 3 
#c 3 3 green
# found/all 2 165
q 1 3 2 
#c 3 2 green
# found/all 3 165
q 1 3 4 
#c 3 4 green
# found/all 5 165
q 1 4 3 
#c 4 3 green
# found/all 7 165
q 1 3 1 
q 1 4 2 
#c 4 2 green
# found/all 9 165
q 1 3 5 
q 1 4 4 
#c 4 4 green
# found/all 11 165
q 1 5 3 
#c 5 3 green
# found/all 13 165
q 1 4 1 
#c 4 1 green
# found/all 14 165
q 1 5 2 
#c 5 2 green
# found/all 15 165
q 1 4 5 
#c 4 5 green
# found/all 17 165
q 1 5 4 
#c 5 4 green
# found/all 19 165
q 1 6 3 
#c 6 3 green
# found/all 21 165
q 1 4 0 
#c 4 0 green
# found/all 22 165
q 1 5 1 
#c 5 1 green
# found/all 23 165
q 1 6 2 
#c 6 2 green
# found/all 24 165
q 1 4 6 
q 1 5 5 
#c 5 5 green
# found/all 25 165
q 1 6 4 
#c 6 4 green
# found/all 27 165
q 1 7 3 
#c 7 3 green
# found/all 29 165
q 1 3 0 
q 1 5 0 
q 1 6 1 
q 1 7 2 
#c 7 2 green
# found/all 30 165
q 1 5 6 
#c 5 6 green
# found/all 31 165
q 1 6 5 
#c 6 5 green
# found/all 32 165
q 1 7 4 
q 1 8 3 
#c 8 3 green
# found/all 33 165
q 1 7 1 
#c 7 1 green
# found/all 34 165
q 1 8 2 
#c 8 2 green
# found/all 35 165
q 1 5 7 
q 1 6 6 
#c 6 6 green
# found/all 36 165
q 1 7 5 
q 1 8 4 
#c 8 4 green
# found/all 37 165
q 1 9 3 
#c 9 3 green
# found/all 38 165
q 1 7 0 
q 1 8 1 
#c 8 1 green
# found/all 39 165
q 1 9 2 
#c 9 2 green
# found/all 40 165
q 1 6 7 
q 1 7 6 
q 1 8 5 
q 1 9 4 
q 1 10 3 
q 1 8 0 
q 1 9 1 
#c 9 1 green
# found/all 41 165
q 1 10 2 
q 1 9 0 
#c 9 0 green
# found/all 42 165
q 1 10 1 
q 1 10 0 
q 16 0 4 0 5 0 6 0 7 1 4 1 5 1 6 1 7 2 4 2 5 2 6 2 7 3 4 3 5 3 6 3 7 
q 4 0 4 0 5 1 4 1 5 
q 4 0 6 0 7 1 6 1 7 
q 4 2 4 2 5 3 4 3 5 
q 4 2 6 2 7 3 6 3 7 
q 16 0 8 0 9 0 10 0 11 1 8 1 9 1 10 1 11 2 8 2 9 2 10 2 11 3 8 3 9 3 10 3 11 
q 4 0 8 0 9 1 8 1 9 
q 4 0 10 0 11 1 10 1 11 
q 1 0 10 
q 1 0 11 
q 1 1 10 
#c 1 10 green
# searchh
q 1 1 9 
q 1 1 11 
#c 1 11 green
# found/all 44 165
q 1 2 10 
#c 2 10 green
# found/all 45 165
q 1 1 12 
#c 1 12 green
# found/all 46 165
q 1 2 11 
#c 2 11 green
# found/all 48 165
q 1 2 9 
q 1 3 10 
q 1 0 12 
#c 0 12 green
# found/all 49 165
q 1 1 13 
q 1 2 12 
#c 2 12 green
# found/all 50 165
q 1 3 11 
#c 3 11 green
# found/all 51 165
q 1 0 13 
q 1 2 13 
#c 2 13 green
# found/all 52 165
q 1 3 12 
#c 3 12 green
# found/all 53 165
q 1 4 11 
#c 4 11 green
# found/all 54 165
q 1 2 14 
#c 2 14 green
# found/all 55 165
q 1 3 13 
#c 3 13 green
# found/all 56 165
q 1 4 12 
#c 4 12 green
# found/all 57 165
q 1 4 10 
#c 4 10 green
# found/all 58 165
q 1 5 11 
#c 5 11 green
# found/all 59 165
q 1 1 14 
#c 1 14 green
# found/all 60 165
q 1 2 15 
#c 2 15 green
# found/all 61 165
q 1 3 14 
#c 3 14 green
# found/all 62 165
q 1 4 13 
#c 4 13 green
# found/all 63 165
q 1 5 12 
#c 5 12 green
# found/all 64 165
q 1 4 9 
q 1 5 10 
#c 5 10 green
# found/all 65 165
q 1 6 11 
#c 6 11 green
# found/all 66 165
q 1 0 14 
q 1 1 15 
q 1 2 16 
#c 2 16 green
# found/all 67 165
q 1 3 15 
#c 3 15 green
# found/all 68 165
q 1 4 14 
#c 4 14 green
# found/all 69 165
q 1 5 13 
q 1 6 12 
q 1 5 9 
#c 5 9 green
# found/all 70 165
q 1 6 10 
#c 6 10 green
# found/all 71 165
q 1 7 11 
q 1 1 16 
q 1 2 17 
q 1 3 16 
#c 3 16 green
# found/all 72 165
q 1 4 15 
q 1 5 14 
q 1 5 8 
#c 5 8 green
# found/all 73 165
q 1 6 9 
#c 6 9 green
# found/all 74 165
q 1 7 10 
q 1 3 17 
#c 3 17 green
# found/all 75 165
q 1 4 16 
q 1 4 8 
q 1 6 8 
#c 6 8 green
# found/all 76 165
q 1 7 9 
#c 7 9 green
# found/all 77 165
q 1 3 18 
q 1 4 17 
q 1 7 8 
q 1 8 9 
#c 8 9 green
# found/all 78 165
q 1 8 8 
#c 8 8 green
# found/all 79 165
q 1 8 10 
#c 8 10 green
# found/all 81 165
q 1 9 9 
#c 9 9 green
# found/all 82 165
q 1 8 7 
q 1 9 8 
q 1 8 11 
#c 8 11 green
# found/all 83 165
q 1 9 10 
#c 9 10 green
# found/all 84 165
q 1 10 9 
q 1 8 12 
#c 8 12 green
# found/all 86 165
q 1 9 11 
#c 9 11 green
# found/all 87 165
q 1 10 10 
#c 10 10 green
# found/all 88 165
q 1 7 12 
q 1 8 13 
#c 8 13 green
# found/all 89 165
q 1 9 12 
#c 9 12 green
# found/all 90 165
q 1 10 11 
#c 10 11 green
# found/all 91 165
q 1 11 10 
q 1 7 13 
#c 7 13 green
# found/all 92 165
q 1 8 14 
#c 8 14 green
# found/all 93 165
q 1 9 13 
q 1 10 12 
#c 10 12 green
# found/all 94 165
q 1 11 11 
q 1 6 13 
q 1 7 14 
#c 7 14 green
# found/all 95 165
q 1 8 15 
#c 8 15 green
# found/all 96 165
q 1 9 14 
q 1 10 13 
q 1 11 12 
q 1 6 14 
#c 6 14 green
# found/all 97 165
q 1 7 15 
#c 7 15 green
# found/all 98 165
q 1 8 16 
#c 8 16 green
# found/all 99 165
q 1 9 15 
#c 9 15 green
# found/all 100 165
q 1 6 15 
#c 6 15 green
# found/all 101 165
q 1 7 16 
#c 7 16 green
# found/all 102 165
q 1 8 17 
#c 8 17 green
# found/all 103 165
q 1 9 16 
#c 9 16 green
# found/all 104 165
q 1 10 15 
#c 10 15 green
# found/all 105 165
q 1 5 15 
q 1 6 16 
#c 6 16 green
# found/all 106 165
q 1 7 17 
#c 7 17 green
# found/all 107 165
q 1 8 18 
#c 8 18 green
# found/all 108 165
q 1 9 17 
q 1 10 16 
q 1 10 14 
q 1 11 15 
q 1 5 16 
q 1 6 17 
#c 6 17 green
# found/all 109 165
q 1 7 18 
#c 7 18 green
# found/all 110 165
q 1 8 19 
#c 8 19 green
# found/all 112 165
q 1 9 18 
#c 9 18 green
# found/all 114 165
q 1 5 17 
q 1 6 18 
q 1 7 19 
#c 7 19 green
# found/all 116 165
q 1 9 19 
#c 9 19 green
# found/all 117 165
q 1 10 18 
#c 10 18 green
# found/all 119 165
q 1 6 19 
#c 6 19 green
# found/all 120 165
q 1 10 19 
q 1 10 17 
q 1 11 18 
#c 11 18 green
# found/all 122 165
q 1 5 19 
q 1 11 17 
#c 11 17 green
# found/all 123 165
q 1 11 19 
q 1 12 18 
#c 12 18 green
# found/all 124 165
q 1 11 16 
q 1 12 17 
#c 12 17 green
# found/all 125 165
q 1 12 19 
#c 12 19 green
# found/all 126 165
q 1 13 18 
q 1 12 16 
#c 12 16 green
# found/all 127 165
q 1 13 17 
#c 13 17 green
# found/all 128 165
q 1 13 19 
#c 13 19 green
# found/all 129 165
q 1 12 15 
q 1 13 16 
q 1 14 17 
q 1 14 19 
q 4 2 8 2 9 3 8 3 9 
# SUM >= 2
q 16 0 12 0 13 0 14 0 15 1 12 1 13 1 14 1 15 2 12 2 13 2 14 2 15 3 12 3 13 3 14 3 15 
# SUM >= 2
# SUM >= 2
q 16 0 16 0 17 0 18 0 19 1 16 1 17 1 18 1 19 2 16 2 17 2 18 2 19 3 16 3 17 3 18 3 19 
q 4 0 16 0 17 1 16 1 17 
q 4 0 18 0 19 1 18 1 19 
# SUM >= 2
q 16 4 0 4 1 4 2 4 3 5 0 5 1 5 2 5 3 6 0 6 1 6 2 6 3 7 0 7 1 7 2 7 3 
# SUM >= 2
q 4 6 0 6 1 7 0 7 1 
# SUM >= 2
q 16 4 4 4 5 4 6 4 7 5 4 5 5 5 6 5 7 6 4 6 5 6 6 6 7 7 4 7 5 7 6 7 7 
# SUM >= 2
# SUM >= 2
q 16 4 8 4 9 4 10 4 11 5 8 5 9 5 10 5 11 6 8 6 9 6 10 6 11 7 8 7 9 7 10 7 11 
# SUM >= 2
# SUM >= 2
q 16 4 12 4 13 4 14 4 15 5 12 5 13 5 14 5 15 6 12 6 13 6 14 6 15 7 12 7 13 7 14 7 15 
# SUM >= 2
q 4 6 12 6 13 7 12 7 13 
# SUM >= 2
q 16 4 16 4 17 4 18 4 19 5 16 5 17 5 18 5 19 6 16 6 17 6 18 6 19 7 16 7 17 7 18 7 19 
q 4 4 16 4 17 5 16 5 17 
q 4 4 18 4 19 5 18 5 19 
# SUM >= 2
q 16 8 0 8 1 8 2 8 3 9 0 9 1 9 2 9 3 10 0 10 1 10 2 10 3 11 0 11 1 11 2 11 3 
# SUM >= 2
q 4 10 0 10 1 11 0 11 1 
q 4 10 2 10 3 11 2 11 3 
q 16 8 4 8 5 8 6 8 7 9 4 9 5 9 6 9 7 10 4 10 5 10 6 10 7 11 4 11 5 11 6 11 7 
q 4 8 4 8 5 9 4 9 5 
q 1 9 5 
q 4 8 6 8 7 9 6 9 7 
q 4 10 4 10 5 11 4 11 5 
q 1 10 4 
q 1 10 5 
#c 10 5 green
# searchh
q 1 10 6 
#c 10 6 green
# found/all 131 165
q 1 11 5 
#c 11 5 green
# found/all 132 165
q 1 9 6 
#c 9 6 green
# found/all 133 165
q 1 10 7 
#c 10 7 green
# found/all 134 165
q 1 11 6 
#c 11 6 green
# found/all 135 165
q 1 11 4 
q 1 12 5 
#c 12 5 green
# found/all 136 165
q 1 8 6 
q 1 9 7 
q 1 10 8 
q 1 11 7 
q 1 12 6 
#c 12 6 green
# found/all 137 165
q 1 12 4 
q 1 13 5 
#c 13 5 green
# found/all 138 165
q 1 12 7 
#c 12 7 green
# found/all 139 165
q 1 13 6 
#c 13 6 green
# found/all 140 165
q 1 13 4 
q 1 14 5 
q 1 12 8 
q 1 13 7 
q 1 14 6 
# SUM >= 2
q 16 8 8 8 9 8 10 8 11 9 8 9 9 9 10 9 11 10 8 10 9 10 10 10 11 11 8 11 9 11 10 11 11 
# SUM >= 2
q 4 10 8 10 9 11 8 11 9 
# SUM >= 2
q 16 8 12 8 13 8 14 8 15 9 12 9 13 9 14 9 15 10 12 10 13 10 14 10 15 11 12 11 13 11 14 11 15 
# SUM >= 2
q 4 10 12 10 13 11 12 11 13 
q 4 10 14 10 15 11 14 11 15 
q 1 11 14 
q 16 8 16 8 17 8 18 8 19 9 16 9 17 9 18 9 19 10 16 10 17 10 18 10 19 11 16 11 17 11 18 11 19 
# SUM >= 2
q 4 10 16 10 17 11 16 11 17 
# SUM >= 2
q 16 12 0 12 1 12 2 12 3 13 0 13 1 13 2 13 3 14 0 14 1 14 2 14 3 15 0 15 1 15 2 15 3 
q 16 12 4 12 5 12 6 12 7 13 4 13 5 13 6 13 7 14 4 14 5 14 6 14 7 15 4 15 5 15 6 15 7 
# SUM >= 2
q 4 14 4 14 5 15 4 15 5 
q 4 14 6 14 7 15 6 15 7 
q 16 12 8 12 9 12 10 12 11 13 8 13 9 13 10 13 11 14 8 14 9 14 10 14 11 15 8 15 9 15 10 15 11 
q 4 12 8 12 9 13 8 13 9 
q 4 12 10 12 11 13 10 13 11 
q 4 14 8 14 9 15 8 15 9 
q 4 14 10 14 11 15 10 15 11 
q 1 14 10 
#c 14 10 green
# searchh
q 1 13 10 
q 1 14 9 
q 1 14 11 
#c 14 11 green
# found/all 142 165
q 1 15 10 
q 1 13 11 
#c 13 11 green
# found/all 143 165
q 1 14 12 
#c 14 12 green
# found/all 144 165
q 1 15 11 
#c 15 11 green
# found/all 145 165
q 1 12 11 
q 1 13 12 
q 1 14 13 
#c 14 13 green
# found/all 146 165
q 1 15 12 
#c 15 12 green
# found/all 147 165
q 1 16 11 
q 1 13 13 
#c 13 13 green
# found/all 148 165
q 1 14 14 
#c 14 14 green
# found/all 149 165
q 1 15 13 
#c 15 13 green
# found/all 150 165
q 1 16 12 
q 1 12 13 
#c 12 13 green
# found/all 151 165
q 1 13 14 
q 1 14 15 
q 1 15 14 
#c 15 14 green
# found/all 152 165
q 1 16 13 
#c 16 13 green
# found/all 153 165
q 1 11 13 
q 1 12 12 
q 1 12 14 
q 1 15 15 
#c 15 15 green
# found/all 154 165
q 1 16 14 
#c 16 14 green
# found/all 155 165
q 1 17 13 
#c 17 13 green
# found/all 156 165
q 1 15 16 
q 1 16 15 
q 1 17 14 
q 1 17 12 
#c 17 12 green
# found/all 157 165
q 1 18 13 
q 1 17 11 
q 1 18 12 
q 16 12 12 12 13 12 14 12 15 13 12 13 13 13 14 13 15 14 12 14 13 14 14 14 15 15 12 15 13 15 14 15 15 
# SUM >= 2
# SUM >= 2
q 16 12 16 12 17 12 18 12 19 13 16 13 17 13 18 13 19 14 16 14 17 14 18 14 19 15 16 15 17 15 18 15 19 
# SUM >= 2
q 4 14 16 14 17 15 16 15 17 
q 4 14 18 14 19 15 18 15 19 
q 16 16 0 16 1 16 2 16 3 17 0 17 1 17 2 17 3 18 0 18 1 18 2 18 3 19 0 19 1 19 2 19 3 
q 16 16 4 16 5 16 6 16 7 17 4 17 5 17 6 17 7 18 4 18 5 18 6 18 7 19 4 19 5 19 6 19 7 
q 4 16 4 16 5 17 4 17 5 
q 4 16 6 16 7 17 6 17 7 
q 4 18 4 18 5 19 4 19 5 
q 4 18 6 18 7 19 6 19 7 
q 16 16 8 16 9 16 10 16 11 17 8 17 9 17 10 17 11 18 8 18 9 18 10 18 11 19 8 19 9 19 10 19 11 
q 4 16 8 16 9 17 8 17 9 
q 1 16 8 
q 1 16 9 
q 1 17 8 
q 1 17 9 
q 4 16 10 16 11 17 10 17 11 
q 4 18 8 18 9 19 8 19 9 
q 4 18 10 18 11 19 10 19 11 
q 16 16 12 16 13 16 14 16 15 17 12 17 13 17 14 17 15 18 12 18 13 18 14 18 15 19 12 19 13 19 14 19 15 
# SUM >= 2
q 4 18 12 18 13 19 12 19 13 
q 4 18 14 18 15 19 14 19 15 
q 16 16 16 16 17 16 18 16 19 17 16 17 17 17 18 17 19 18 16 18 17 18 18 18 19 19 16 19 17 19 18 19 19 
q 4 16 16 16 17 17 16 17 17 
q 4 16 18 16 19 17 18 17 19 
q 4 18 16 18 17 19 16 19 17 
q 1 18 16 
#c 18 16 green
# searchh
q 1 17 16 
#c 17 16 green
# found/all 159 165
q 1 18 15 
q 1 18 17 
#c 18 17 green
# found/all 160 165
q 1 19 16 
#c 19 16 green
# found/all 161 165
q 1 16 16 
q 1 17 15 
q 1 17 17 
#c 17 17 green
# found/all 162 165
q 1 18 18 
#c 18 18 green
# found/all 163 165
q 1 19 17 
#c 19 17 green
# found/all 164 165
q 1 19 15 
q 1 16 17 
q 1 17 18 
q 1 18 19 
#c 18 19 green
# found/all 165 165
a 147 2 3 3 3 3 2 3 4 4 3 4 2 4 4 5 3 4 1 5 2 4 5 5 4 6 3 4 0 5 1 6 2 5 5 6 4 7 3 7 2 5 6 6 5 8 3 7 1 8 2 6 6 8 4 9 3 8 1 9 2 9 1 9 0 1 10 1 11 2 10 1 12 2 11 0 12 2 12 3 11 2 13 3 12 4 11 2 14 3 13 4 12 4 10 5 11 1 14 2 15 3 14 4 13 5 12 5 10 6 11 2 16 3 15 4 14 5 9 6 10 3 16 5 8 6 9 3 17 6 8 7 9 8 9 8 8 8 10 9 9 8 11 9 10 8 12 9 11 10 10 8 13 9 12 10 11 7 13 8 14 10 12 7 14 8 15 6 14 7 15 8 16 9 15 6 15 7 16 8 17 9 16 10 15 6 16 7 17 8 18 6 17 7 18 8 19 9 18 7 19 9 19 10 18 6 19 11 18 11 17 12 18 12 17 12 19 12 16 13 17 13 19 10 5 10 6 11 5 9 6 10 7 11 6 12 5 12 6 13 5 12 7 13 6 14 10 14 11 13 11 14 12 15 11 14 13 15 12 13 13 14 14 15 13 12 13 15 14 16 13 15 15 16 14 17 13 17 12 18 16 17 16 18 17 19 16 17 17 18 18 19 17 18 19 
