# [[0, 2], [1, 2], [2, 2], [2, 3], [3, 1], [3, 2], [3, 3], [3, 4], [4, 0], [4, 1]]
# [[0, 0], [0, 1], [1, 1], [2, 1], [2, 2], [2, 3], [2, 4], [3, 2], [4, 2]]
# [[0, 0], [1, 0], [2, 0], [2, 1], [3, 1], [3, 2], [4, 1], [4, 2]]
# [[0, 1], [0, 2], [1, 0], [1, 1], [2, 0], [2, 1], [3, 0], [4, 0], [4, 1]]
# [[0, 0], [0, 1], [0, 2], [0, 3], [1, 0], [1, 1], [2, 0], [2, 1], [2, 2], [3, 0]]
# [[0, 0], [0, 1], [1, 1], [1, 2], [1, 3], [2, 1]]
# [[0, 0], [1, 0], [1, 1], [2, 1], [3, 1]]
# [[0, 1], [1, 1], [1, 2], [1, 3], [2, 0], [2, 1], [2, 2], [2, 3], [3, 2], [3, 3]]
# [[0, 2], [1, 2], [1, 3], [2, 1], [2, 2], [2, 3], [3, 0], [3, 1], [3, 3], [4, 0]]
# [[0, 2], [1, 0], [1, 2], [2, 0], [2, 1], [2, 2], [2, 3], [2, 4], [2, 5], [3, 3]]
# [[0, 1], [1, 0], [1, 1], [2, 1], [3, 1], [4, 0], [4, 1], [4, 2]]
# [[0, 0], [1, 0], [2, 0], [2, 1], [2, 2], [3, 0], [3, 1], [3, 2], [3, 3], [4, 3]]
# [[0, 2], [0, 3], [1, 0], [1, 1], [1, 2], [1, 3]]
# [[0, 3], [1, 3], [2, 2], [2, 3], [3, 0], [3, 1], [3, 2], [4, 2]]
# [[0, 1], [0, 2], [1, 1], [2, 0], [2, 1], [3, 1], [3, 2]]
# [[0, 0], [1, 0], [1, 1], [1, 2], [2, 2]]
# [[0, 0], [1, 0], [1, 1], [2, 0], [2, 1], [2, 2]]
q 16 0 0 0 1 0 2 0 3 1 0 1 1 1 2 1 3 2 0 2 1 2 2 2 3 3 0 3 1 3 2 3 3 
q 4 0 0 0 1 1 0 1 1 
q 1 0 0 
q 1 0 1 
q 1 1 0 
q 1 1 1 
q 4 0 2 0 3 1 2 1 3 
q 1 0 2 
q 1 0 3 
q 1 1 2 
q 1 1 3 
q 4 2 0 2 1 3 0 3 1 
q 4 2 2 2 3 3 2 3 3 
q 16 0 4 0 5 0 6 0 7 1 4 1 5 1 6 1 7 2 4 2 5 2 6 2 7 3 4 3 5 3 6 3 7 
q 4 0 4 0 5 1 4 1 5 
q 4 0 6 0 7 1 6 1 7 
q 4 2 4 2 5 3 4 3 5 
q 4 2 6 2 7 3 6 3 7 
q 16 0 8 0 9 0 10 0 11 1 8 1 9 1 10 1 11 2 8 2 9 2 10 2 11 3 8 3 9 3 10 3 11 
q 16 0 12 0 13 0 14 0 15 1 12 1 13 1 14 1 15 2 12 2 13 2 14 2 15 3 12 3 13 3 14 3 15 
q 4 0 12 0 13 1 12 1 13 
q 4 0 14 0 15 1 14 1 15 
q 4 2 12 2 13 3 12 3 13 
q 4 2 14 2 15 3 14 3 15 
q 16 0 16 0 17 0 18 0 19 1 16 1 17 1 18 1 19 2 16 2 17 2 18 2 19 3 16 3 17 3 18 3 19 
q 4 0 16 0 17 1 16 1 17 
q 4 0 18 0 19 1 18 1 19 
q 1 0 18 
q 1 0 19 
q 1 1 18 
q 1 1 19 
q 4 2 16 2 17 3 16 3 17 
q 4 2 18 2 19 3 18 3 19 
q 1 2 18 
q 1 2 19 
q 1 3 18 
q 1 3 19 
q 16 4 0 4 1 4 2 4 3 5 0 5 1 5 2 5 3 6 0 6 1 6 2 6 3 7 0 7 1 7 2 7 3 
q 4 4 0 4 1 5 0 5 1 
q 4 4 2 4 3 5 2 5 3 
q 4 6 0 6 1 7 0 7 1 
q 1 6 0 
#c 6 0 green
# searchh
q 1 5 0 
q 1 6 1 
#c 6 1 green
# found/all 2 137
q 1 7 0 
#c 7 0 green
# found/all 3 137
q 1 5 1 
#c 5 1 green
# found/all 4 137
q 1 6 2 
#c 6 2 green
# found/all 6 137
q 1 7 1 
#c 7 1 green
# found/all 7 137
q 1 8 0 
#c 8 0 green
# found/all 8 137
q 1 4 1 
q 1 5 2 
#c 5 2 green
# found/all 10 137
q 1 6 3 
#c 6 3 green
# found/all 11 137
q 1 7 2 
#c 7 2 green
# found/all 13 137
q 1 8 1 
#c 8 1 green
# found/all 14 137
q 1 9 0 
#c 9 0 green
# found/all 16 137
q 1 4 2 
q 1 5 3 
#c 5 3 green
# found/all 17 137
q 1 6 4 
#c 6 4 green
# found/all 18 137
q 1 7 3 
#c 7 3 green
# found/all 20 137
q 1 8 2 
#c 8 2 green
# found/all 22 137
q 1 9 1 
#c 9 1 green
# found/all 24 137
q 1 10 0 
#c 10 0 green
# found/all 25 137
q 1 4 3 
q 1 5 4 
#c 5 4 green
# found/all 27 137
q 1 6 5 
#c 6 5 green
# found/all 28 137
q 1 7 4 
#c 7 4 green
# found/all 29 137
q 1 8 3 
#c 8 3 green
# found/all 30 137
q 1 9 2 
q 1 10 1 
q 1 11 0 
q 1 4 4 
#c 4 4 green
# found/all 31 137
q 1 5 5 
#c 5 5 green
# found/all 32 137
q 1 6 6 
q 1 7 5 
#c 7 5 green
# found/all 33 137
q 1 8 4 
q 1 9 3 
#c 9 3 green
# found/all 34 137
q 1 3 4 
q 1 4 5 
q 1 5 6 
q 1 7 6 
#c 7 6 green
# found/all 35 137
q 1 8 5 
#c 8 5 green
# found/all 36 137
q 1 9 4 
q 1 10 3 
q 1 7 7 
q 1 8 6 
#c 8 6 green
# found/all 37 137
q 1 9 5 
q 1 8 7 
q 1 9 6 
# SUM >= 2
q 16 4 4 4 5 4 6 4 7 5 4 5 5 5 6 5 7 6 4 6 5 6 6 6 7 7 4 7 5 7 6 7 7 
# SUM >= 2
# SUM >= 2
q 16 4 8 4 9 4 10 4 11 5 8 5 9 5 10 5 11 6 8 6 9 6 10 6 11 7 8 7 9 7 10 7 11 
q 4 4 8 4 9 5 8 5 9 
q 1 4 8 
q 1 4 9 
q 1 5 8 
q 1 5 9 
q 4 4 10 4 11 5 10 5 11 
q 4 6 8 6 9 7 8 7 9 
q 4 6 10 6 11 7 10 7 11 
q 1 6 10 
q 1 6 11 
q 1 7 10 
#c 7 10 green
# searchh
q 1 7 9 
q 1 7 11 
q 1 8 10 
#c 8 10 green
# found/all 39 137
q 1 8 9 
q 1 8 11 
q 1 9 10 
#c 9 10 green
# found/all 41 137
q 1 9 9 
#c 9 9 green
# found/all 43 137
q 1 9 11 
#c 9 11 green
# found/all 44 137
q 1 10 10 
#c 10 10 green
# found/all 45 137
q 1 9 8 
#c 9 8 green
# found/all 47 137
q 1 10 9 
#c 10 9 green
# found/all 48 137
q 1 9 12 
#c 9 12 green
# found/all 49 137
q 1 10 11 
#c 10 11 green
# found/all 50 137
q 1 11 10 
#c 11 10 green
# found/all 51 137
q 1 8 8 
#c 8 8 green
# found/all 53 137
q 1 9 7 
q 1 10 8 
#c 10 8 green
# found/all 54 137
q 1 11 9 
#c 11 9 green
# found/all 55 137
q 1 8 12 
q 1 9 13 
#c 9 13 green
# found/all 56 137
q 1 10 12 
q 1 11 11 
q 1 12 10 
q 1 7 8 
q 1 10 7 
#c 10 7 green
# found/all 57 137
q 1 11 8 
q 1 12 9 
q 1 8 13 
#c 8 13 green
# found/all 58 137
q 1 9 14 
q 1 10 13 
#c 10 13 green
# found/all 59 137
q 1 10 6 
q 1 11 7 
q 1 7 13 
q 1 8 14 
#c 8 14 green
# found/all 60 137
q 1 10 14 
q 1 11 13 
#c 11 13 green
# found/all 61 137
q 1 7 14 
#c 7 14 green
# found/all 62 137
q 1 8 15 
#c 8 15 green
# found/all 63 137
q 1 11 12 
q 1 11 14 
#c 11 14 green
# found/all 64 137
q 1 12 13 
#c 12 13 green
# found/all 65 137
q 1 6 14 
#c 6 14 green
# found/all 67 137
q 1 7 15 
#c 7 15 green
# found/all 69 137
q 1 8 16 
q 1 9 15 
q 1 11 15 
q 1 12 14 
#c 12 14 green
# found/all 70 137
q 1 12 12 
q 1 13 13 
q 1 5 14 
#c 5 14 green
# found/all 71 137
q 1 6 13 
q 1 6 15 
#c 6 15 green
# found/all 73 137
q 1 7 16 
#c 7 16 green
# found/all 75 137
q 1 12 15 
#c 12 15 green
# found/all 76 137
q 1 13 14 
q 1 4 14 
#c 4 14 green
# found/all 77 137
q 1 5 13 
#c 5 13 green
# found/all 78 137
q 1 5 15 
#c 5 15 green
# found/all 80 137
q 1 6 16 
#c 6 16 green
# found/all 81 137
q 1 7 17 
#c 7 17 green
# found/all 83 137
q 1 12 16 
q 1 13 15 
q 1 3 14 
q 1 4 13 
q 1 4 15 
#c 4 15 green
# found/all 85 137
q 1 5 12 
q 1 5 16 
q 1 6 17 
#c 6 17 green
# found/all 87 137
q 1 7 18 
#c 7 18 green
# found/all 88 137
q 1 8 17 
#c 8 17 green
# found/all 89 137
q 1 3 15 
q 1 4 16 
#c 4 16 green
# found/all 90 137
q 1 5 17 
q 1 6 18 
q 1 7 19 
q 1 8 18 
#c 8 18 green
# found/all 92 137
q 1 9 17 
#c 9 17 green
# found/all 93 137
q 1 3 16 
q 1 4 17 
q 1 8 19 
q 1 9 18 
#c 9 18 green
# found/all 94 137
q 1 9 16 
#c 9 16 green
# found/all 95 137
q 1 10 17 
q 1 9 19 
#c 9 19 green
# found/all 96 137
q 1 10 18 
q 1 10 16 
#c 10 16 green
# found/all 98 137
q 1 10 19 
q 1 10 15 
#c 10 15 green
# found/all 99 137
q 1 11 16 
#c 11 16 green
# found/all 100 137
q 1 11 17 
#c 11 17 green
# found/all 101 137
q 1 11 18 
q 1 12 17 
#c 12 17 green
# found/all 103 137
q 1 12 18 
q 1 13 17 
#c 13 17 green
# found/all 105 137
q 1 13 16 
q 1 13 18 
#c 13 18 green
# found/all 106 137
q 1 14 17 
q 1 13 19 
#c 13 19 green
# found/all 107 137
q 1 14 18 
q 1 12 19 
q 1 14 19 
#c 14 19 green
# found/all 108 137
q 1 15 19 
q 16 4 12 4 13 4 14 4 15 5 12 5 13 5 14 5 15 6 12 6 13 6 14 6 15 7 12 7 13 7 14 7 15 
q 4 4 12 4 13 5 12 5 13 
# SUM >= 2
q 4 6 12 6 13 7 12 7 13 
# SUM >= 2
q 16 4 16 4 17 4 18 4 19 5 16 5 17 5 18 5 19 6 16 6 17 6 18 6 19 7 16 7 17 7 18 7 19 
q 4 4 16 4 17 5 16 5 17 
q 4 4 18 4 19 5 18 5 19 
# SUM >= 2
q 16 8 0 8 1 8 2 8 3 9 0 9 1 9 2 9 3 10 0 10 1 10 2 10 3 11 0 11 1 11 2 11 3 
# SUM >= 2
q 4 10 0 10 1 11 0 11 1 
q 4 10 2 10 3 11 2 11 3 
q 16 8 4 8 5 8 6 8 7 9 4 9 5 9 6 9 7 10 4 10 5 10 6 10 7 11 4 11 5 11 6 11 7 
q 4 8 4 8 5 9 4 9 5 
q 4 8 6 8 7 9 6 9 7 
q 4 10 4 10 5 11 4 11 5 
q 1 10 4 
q 1 10 5 
q 1 11 4 
q 1 11 5 
q 4 10 6 10 7 11 6 11 7 
q 16 8 8 8 9 8 10 8 11 9 8 9 9 9 10 9 11 10 8 10 9 10 10 10 11 11 8 11 9 11 10 11 11 
# SUM >= 2
# SUM >= 2
q 16 8 12 8 13 8 14 8 15 9 12 9 13 9 14 9 15 10 12 10 13 10 14 10 15 11 12 11 13 11 14 11 15 
# SUM >= 2
# SUM >= 2
q 16 8 16 8 17 8 18 8 19 9 16 9 17 9 18 9 19 10 16 10 17 10 18 10 19 11 16 11 17 11 18 11 19 
# SUM >= 2
# SUM >= 2
q 16 12 0 12 1 12 2 12 3 13 0 13 1 13 2 13 3 14 0 14 1 14 2 14 3 15 0 15 1 15 2 15 3 
q 4 12 0 12 1 13 0 13 1 
q 4 12 2 12 3 13 2 13 3 
q 1 12 2 
q 1 12 3 
q 1 13 2 
q 1 13 3 
q 4 14 0 14 1 15 0 15 1 
q 4 14 2 14 3 15 2 15 3 
q 16 12 4 12 5 12 6 12 7 13 4 13 5 13 6 13 7 14 4 14 5 14 6 14 7 15 4 15 5 15 6 15 7 
q 4 12 4 12 5 13 4 13 5 
q 4 12 6 12 7 13 6 13 7 
q 4 14 4 14 5 15 4 15 5 
q 1 14 4 
q 1 14 5 
q 1 15 4 
q 1 15 5 
q 4 14 6 14 7 15 6 15 7 
q 1 14 6 
q 1 14 7 
q 1 15 6 
#c 15 6 green
# searchh
q 1 15 7 
#c 15 7 green
# found/all 111 137
q 1 16 6 
q 1 15 8 
q 1 16 7 
#c 16 7 green
# found/all 113 137
q 1 16 8 
q 1 17 7 
#c 17 7 green
# found/all 115 137
q 1 17 6 
#c 17 6 green
# found/all 116 137
q 1 17 8 
#c 17 8 green
# found/all 117 137
q 1 18 7 
q 1 17 5 
q 1 18 6 
#c 18 6 green
# found/all 118 137
q 1 17 9 
#c 17 9 green
# found/all 119 137
q 1 18 8 
#c 18 8 green
# found/all 120 137
q 1 18 5 
#c 18 5 green
# found/all 121 137
q 1 19 6 
#c 19 6 green
# found/all 122 137
q 1 16 9 
q 1 17 10 
#c 17 10 green
# found/all 123 137
q 1 18 9 
q 1 19 8 
#c 19 8 green
# found/all 124 137
q 1 18 4 
#c 18 4 green
# found/all 125 137
q 1 19 5 
q 1 19 7 
q 1 16 10 
q 1 17 11 
q 1 18 10 
q 1 19 9 
q 1 17 4 
q 1 18 3 
q 1 19 4 
q 16 12 8 12 9 12 10 12 11 13 8 13 9 13 10 13 11 14 8 14 9 14 10 14 11 15 8 15 9 15 10 15 11 
q 4 12 8 12 9 13 8 13 9 
q 4 12 10 12 11 13 10 13 11 
q 1 12 11 
q 1 13 10 
q 1 13 11 
#c 13 11 green
# searchh
q 1 13 12 
#c 13 12 green
# found/all 127 137
q 1 14 11 
q 1 14 12 
#c 14 12 green
# found/all 128 137
q 1 14 13 
#c 14 13 green
# found/all 129 137
q 1 15 12 
#c 15 12 green
# found/all 130 137
q 1 14 14 
#c 14 14 green
# found/all 131 137
q 1 15 13 
q 1 15 11 
q 1 16 12 
q 1 14 15 
q 1 15 14 
q 4 14 8 14 9 15 8 15 9 
q 4 14 10 14 11 15 10 15 11 
q 16 12 12 12 13 12 14 12 15 13 12 13 13 13 14 13 15 14 12 14 13 14 14 14 15 15 12 15 13 15 14 15 15 
# SUM >= 2
# SUM >= 2
q 16 12 16 12 17 12 18 12 19 13 16 13 17 13 18 13 19 14 16 14 17 14 18 14 19 15 16 15 17 15 18 15 19 
# SUM >= 2
q 4 14 16 14 17 15 16 15 17 
q 4 14 18 14 19 15 18 15 19 
q 16 16 0 16 1 16 2 16 3 17 0 17 1 17 2 17 3 18 0 18 1 18 2 18 3 19 0 19 1 19 2 19 3 
q 4 16 0 16 1 17 0 17 1 
q 4 16 2 16 3 17 2 17 3 
q 4 18 0 18 1 19 0 19 1 
q 4 18 2 18 3 19 2 19 3 
q 16 16 4 16 5 16 6 16 7 17 4 17 5 17 6 17 7 18 4 18 5 18 6 18 7 19 4 19 5 19 6 19 7 
q 4 16 4 16 5 17 4 17 5 
# SUM >= 2
# SUM >= 2
q 16 16 8 16 9 16 10 16 11 17 8 17 9 17 10 17 11 18 8 18 9 18 10 18 11 19 8 19 9 19 10 19 11 
# SUM >= 2
# SUM >= 2
q 16 16 12 16 13 16 14 16 15 17 12 17 13 17 14 17 15 18 12 18 13 18 14 18 15 19 12 19 13 19 14 19 15 
q 4 16 12 16 13 17 12 17 13 
q 4 16 14 16 15 17 14 17 15 
q 1 16 14 
q 1 16 15 
q 1 17 14 
q 1 17 15 
#c 17 15 green
# searchh
q 1 17 16 
#c 17 16 green
# found/all 133 137
q 1 18 15 
#c 18 15 green
# found/all 134 137
q 1 16 16 
q 1 17 17 
q 1 18 16 
#c 18 16 green
# found/all 135 137
q 1 18 14 
#c 18 14 green
# found/all 136 137
q 1 19 15 
q 1 18 17 
q 1 19 16 
q 1 18 13 
#c 18 13 green
# found/all 137 137
a 110 6 0 6 1 7 0 5 1 6 2 7 1 8 0 5 2 6 3 7 2 8 1 9 0 5 3 6 4 7 3 8 2 9 1 10 0 5 4 6 5 7 4 8 3 4 4 5 5 7 5 9 3 7 6 8 5 8 6 7 10 8 10 9 10 9 9 9 11 10 10 9 8 10 9 9 12 10 11 11 10 8 8 10 8 11 9 9 13 10 7 8 13 10 13 8 14 11 13 7 14 8 15 11 14 12 13 6 14 7 15 12 14 5 14 6 15 7 16 12 15 4 14 5 13 5 15 6 16 7 17 4 15 6 17 7 18 8 17 4 16 8 18 9 17 9 18 9 16 9 19 10 16 10 15 11 16 11 17 12 17 13 17 13 18 13 19 14 19 15 6 15 7 16 7 17 7 17 6 17 8 18 6 17 9 18 8 18 5 19 6 17 10 19 8 18 4 13 11 13 12 14 12 14 13 15 12 14 14 17 15 17 16 18 15 18 16 18 14 18 13 
