# [[0, 0], [0, 1], [0, 2], [0, 3], [1, 2], [2, 2], [2, 3], [2, 4], [3, 4], [4, 4]]
# [[0, 0], [0, 1], [1, 0], [1, 1], [1, 2], [2, 0], [2, 1], [2, 2], [3, 2], [4, 2], [5, 2]]
# [[0, 0], [0, 2], [0, 3], [1, 0], [1, 1], [1, 2], [2, 2], [2, 3], [3, 3], [4, 3], [4, 4]]
# [[0, 1], [0, 3], [0, 4], [1, 1], [1, 2], [1, 3], [1, 4], [2, 0], [2, 1], [2, 2], [2, 3], [2, 4], [3, 2], [3, 3]]
# [[0, 2], [0, 3], [1, 1], [1, 2], [2, 1], [2, 2], [2, 3], [3, 0], [3, 1], [3, 2], [3, 3], [4, 2]]
q 16 0 0 0 1 0 2 0 3 1 0 1 1 1 2 1 3 2 0 2 1 2 2 2 3 3 0 3 1 3 2 3 3 
q 4 0 0 0 1 1 0 1 1 
q 4 0 2 0 3 1 2 1 3 
q 4 2 0 2 1 3 0 3 1 
q 4 2 2 2 3 3 2 3 3 
q 16 0 4 0 5 0 6 0 7 1 4 1 5 1 6 1 7 2 4 2 5 2 6 2 7 3 4 3 5 3 6 3 7 
q 4 0 4 0 5 1 4 1 5 
q 4 0 6 0 7 1 6 1 7 
q 4 2 4 2 5 3 4 3 5 
q 4 2 6 2 7 3 6 3 7 
q 1 2 6 
#c 2 6 green
# searchh
q 1 1 6 
q 1 2 5 
q 1 2 7 
#c 2 7 green
# found/all 2 58
q 1 3 6 
#c 3 6 green
# found/all 3 58
q 1 1 7 
q 1 2 8 
#c 2 8 green
# found/all 5 58
q 1 3 7 
#c 3 7 green
# found/all 6 58
q 1 3 5 
q 1 4 6 
q 1 1 8 
q 1 2 9 
#c 2 9 green
# found/all 9 58
q 1 3 8 
#c 3 8 green
# found/all 11 58
q 1 4 7 
q 1 1 9 
#c 1 9 green
# found/all 12 58
q 1 2 10 
#c 2 10 green
# found/all 14 58
q 1 3 9 
#c 3 9 green
# found/all 16 58
q 1 4 8 
#c 4 8 green
# found/all 17 58
q 1 0 9 
q 1 1 10 
q 1 2 11 
#c 2 11 green
# found/all 18 58
q 1 3 10 
#c 3 10 green
# found/all 19 58
q 1 4 9 
#c 4 9 green
# found/all 21 58
q 1 5 8 
q 1 1 11 
#c 1 11 green
# found/all 22 58
q 1 2 12 
#c 2 12 green
# found/all 23 58
q 1 3 11 
#c 3 11 green
# found/all 24 58
q 1 4 10 
#c 4 10 green
# found/all 26 58
q 1 5 9 
#c 5 9 green
# found/all 27 58
q 1 0 11 
q 1 1 12 
#c 1 12 green
# found/all 28 58
q 1 2 13 
q 1 3 12 
#c 3 12 green
# found/all 29 58
q 1 4 11 
#c 4 11 green
# found/all 31 58
q 1 5 10 
q 1 6 9 
#c 6 9 green
# found/all 32 58
q 1 0 12 
q 1 1 13 
q 1 3 13 
q 1 4 12 
q 1 5 11 
#c 5 11 green
# found/all 33 58
q 1 6 8 
q 1 6 10 
#c 6 10 green
# found/all 34 58
q 1 7 9 
q 1 5 12 
q 1 6 11 
#c 6 11 green
# found/all 35 58
q 1 7 10 
q 1 6 12 
q 1 7 11 
q 16 0 8 0 9 0 10 0 11 1 8 1 9 1 10 1 11 2 8 2 9 2 10 2 11 3 8 3 9 3 10 3 11 
q 4 0 8 0 9 1 8 1 9 
q 4 0 10 0 11 1 10 1 11 
# SUM >= 2
q 8 0 12 0 13 1 12 1 13 2 12 2 13 3 12 3 13 
q 4 0 12 0 13 1 12 1 13 
# SUM >= 2
q 16 4 0 4 1 4 2 4 3 5 0 5 1 5 2 5 3 6 0 6 1 6 2 6 3 7 0 7 1 7 2 7 3 
q 4 4 0 4 1 5 0 5 1 
q 4 4 2 4 3 5 2 5 3 
q 4 6 0 6 1 7 0 7 1 
q 4 6 2 6 3 7 2 7 3 
q 1 6 2 
#c 6 2 green
# searchh
q 1 5 2 
q 1 6 1 
q 1 6 3 
#c 6 3 green
# found/all 37 58
q 1 7 2 
#c 7 2 green
# found/all 38 58
q 1 5 3 
q 1 6 4 
q 1 7 3 
#c 7 3 green
# found/all 39 58
q 1 7 1 
q 1 8 2 
#c 8 2 green
# found/all 40 58
q 1 7 4 
#c 7 4 green
# found/all 41 58
q 1 8 3 
#c 8 3 green
# found/all 42 58
q 1 8 1 
q 1 9 2 
q 1 7 5 
q 1 8 4 
#c 8 4 green
# found/all 43 58
q 1 9 3 
q 1 8 5 
q 1 9 4 
#c 9 4 green
# found/all 44 58
q 1 9 5 
q 1 10 4 
#c 10 4 green
# found/all 45 58
q 1 10 3 
q 1 10 5 
q 1 11 4 
#c 11 4 green
# found/all 46 58
q 1 11 3 
q 1 11 5 
q 1 12 4 
q 16 4 4 4 5 4 6 4 7 5 4 5 5 5 6 5 7 6 4 6 5 6 6 6 7 7 4 7 5 7 6 7 7 
q 16 4 8 4 9 4 10 4 11 5 8 5 9 5 10 5 11 6 8 6 9 6 10 6 11 7 8 7 9 7 10 7 11 
# SUM >= 2
q 4 6 8 6 9 7 8 7 9 
# SUM >= 2
q 8 4 12 4 13 5 12 5 13 6 12 6 13 7 12 7 13 
q 16 8 0 8 1 8 2 8 3 9 0 9 1 9 2 9 3 10 0 10 1 10 2 10 3 11 0 11 1 11 2 11 3 
q 16 8 4 8 5 8 6 8 7 9 4 9 5 9 6 9 7 10 4 10 5 10 6 10 7 11 4 11 5 11 6 11 7 
# SUM >= 2
# SUM >= 2
q 16 8 8 8 9 8 10 8 11 9 8 9 9 9 10 9 11 10 8 10 9 10 10 10 11 11 8 11 9 11 10 11 11 
q 4 8 8 8 9 9 8 9 9 
q 4 8 10 8 11 9 10 9 11 
q 4 10 8 10 9 11 8 11 9 
q 4 10 10 10 11 11 10 11 11 
q 1 10 10 
#c 10 10 green
# searchh
q 1 9 10 
q 1 10 9 
q 1 10 11 
#c 10 11 green
# found/all 48 58
q 1 11 10 
#c 11 10 green
# found/all 49 58
q 1 9 11 
#c 9 11 green
# found/all 50 58
q 1 10 12 
q 1 11 11 
#c 11 11 green
# found/all 51 58
q 1 11 9 
q 1 12 10 
#c 12 10 green
# found/all 52 58
q 1 8 11 
q 1 9 12 
#c 9 12 green
# found/all 53 58
q 1 11 12 
#c 11 12 green
# found/all 54 58
q 1 12 11 
#c 12 11 green
# found/all 55 58
q 1 12 9 
#c 12 9 green
# found/all 56 58
q 1 13 10 
q 1 8 12 
q 1 9 13 
q 1 11 13 
q 1 12 12 
#c 12 12 green
# found/all 57 58
q 1 13 11 
#c 13 11 green
# found/all 58 58
a 49 2 6 2 7 3 6 2 8 3 7 2 9 3 8 1 9 2 10 3 9 4 8 2 11 3 10 4 9 1 11 2 12 3 11 4 10 5 9 1 12 3 12 4 11 6 9 5 11 6 10 6 11 6 2 6 3 7 2 7 3 8 2 7 4 8 3 8 4 9 4 10 4 11 4 10 10 10 11 11 10 9 11 11 11 12 10 9 12 11 12 12 11 12 9 12 12 13 11 
