# [[0, 1], [1, 1], [2, 0], [2, 1], [2, 2], [2, 3], [3, 2], [3, 3], [3, 4], [3, 5], [4, 0], [4, 1], [4, 2], [4, 3], [5, 2], [5, 3]]
# [[0, 3], [1, 2], [1, 3], [2, 1], [2, 2], [3, 2], [4, 0], [4, 1], [4, 2], [4, 3], [5, 1]]
# [[0, 0], [1, 0], [1, 1], [2, 0], [2, 1], [2, 2], [3, 2]]
# [[0, 2], [1, 2], [2, 1], [2, 2], [2, 3], [3, 0], [3, 1], [3, 2], [3, 3], [3, 4], [4, 0], [4, 1], [4, 2], [4, 3], [4, 4], [5, 1], [5, 2], [5, 4], [5, 5], [5, 6], [6, 5]]
# [[0, 3], [1, 0], [1, 1], [1, 2], [1, 3], [1, 4], [1, 5], [2, 2], [2, 3], [2, 4], [3, 2], [3, 3], [3, 4], [3, 5], [4, 3], [4, 4], [5, 3]]
# [[0, 0], [0, 1], [0, 2], [0, 3], [1, 1], [2, 1]]
# [[0, 3], [0, 5], [0, 6], [0, 7], [1, 3], [1, 5], [1, 6], [2, 1], [2, 2], [2, 3], [2, 4], [2, 6], [2, 7], [3, 2], [3, 3], [3, 4], [3, 5], [3, 6], [3, 7], [4, 1], [4, 2], [4, 3], [4, 6], [5, 2], [5, 6], [6, 0], [6, 1], [6, 2]]
# [[0, 2], [1, 2], [2, 0], [2, 1], [2, 2], [3, 0], [3, 1], [3, 2], [3, 3], [4, 1], [4, 2], [4, 3], [4, 5], [4, 6], [5, 3], [5, 4], [5, 5], [6, 3], [6, 5], [7, 3], [7, 5], [8, 4], [8, 5], [9, 3], [9, 4], [9, 5], [10, 4]]
# [[0, 4], [0, 5], [0, 6], [1, 0], [1, 1], [1, 2], [1, 3], [1, 4], [1, 5], [1, 6], [1, 7], [2, 3], [2, 4], [2, 5], [2, 6], [3, 5], [3, 6], [4, 5]]
q 16 0 0 0 1 0 2 0 3 1 0 1 1 1 2 1 3 2 0 2 1 2 2 2 3 3 0 3 1 3 2 3 3 
q 4 0 0 0 1 1 0 1 1 
q 1 0 0 
q 1 0 1 
q 1 1 0 
q 1 1 1 
q 4 0 2 0 3 1 2 1 3 
q 1 0 2 
q 1 0 3 
q 1 1 2 
q 1 1 3 
q 4 2 0 2 1 3 0 3 1 
q 4 2 2 2 3 3 2 3 3 
q 16 0 4 0 5 0 6 0 7 1 4 1 5 1 6 1 7 2 4 2 5 2 6 2 7 3 4 3 5 3 6 3 7 
q 4 0 4 0 5 1 4 1 5 
q 4 0 6 0 7 1 6 1 7 
q 1 0 6 
q 1 0 7 
q 1 1 6 
#c 1 6 green
# searchh
q 1 1 5 
q 1 1 7 
q 1 2 6 
#c 2 6 green
# found/all 2 151
q 1 2 5 
#c 2 5 green
# found/all 3 151
q 1 2 7 
q 1 3 6 
q 1 2 4 
q 1 3 5 
#c 3 5 green
# found/all 4 151
q 1 3 4 
#c 3 4 green
# found/all 5 151
q 1 4 5 
#c 4 5 green
# found/all 6 151
q 1 3 3 
q 1 4 4 
q 1 4 6 
q 1 5 5 
#c 5 5 green
# found/all 7 151
q 1 5 4 
#c 5 4 green
# found/all 8 151
q 1 5 6 
#c 5 6 green
# found/all 9 151
q 1 6 5 
q 1 5 3 
#c 5 3 green
# found/all 10 151
q 1 6 4 
#c 6 4 green
# found/all 11 151
q 1 5 7 
q 1 6 6 
q 1 4 3 
q 1 5 2 
q 1 6 3 
q 1 7 4 
# SUM >= 2
q 16 0 8 0 9 0 10 0 11 1 8 1 9 1 10 1 11 2 8 2 9 2 10 2 11 3 8 3 9 3 10 3 11 
q 4 0 8 0 9 1 8 1 9 
q 4 0 10 0 11 1 10 1 11 
q 1 0 10 
q 1 0 11 
q 1 1 10 
q 1 1 11 
q 4 2 8 2 9 3 8 3 9 
q 4 2 10 2 11 3 10 3 11 
q 16 0 12 0 13 0 14 0 15 1 12 1 13 1 14 1 15 2 12 2 13 2 14 2 15 3 12 3 13 3 14 3 15 
q 4 0 12 0 13 1 12 1 13 
q 4 0 14 0 15 1 14 1 15 
q 1 0 14 
q 1 0 15 
q 1 1 14 
q 1 1 15 
#c 1 15 green
# searchh
q 1 1 16 
q 1 2 15 
#c 2 15 green
# found/all 13 151
q 1 2 14 
q 1 2 16 
q 1 3 15 
#c 3 15 green
# found/all 14 151
q 1 3 14 
#c 3 14 green
# found/all 15 151
q 1 3 16 
#c 3 16 green
# found/all 16 151
q 1 4 15 
q 1 3 13 
q 1 4 14 
q 1 3 17 
#c 3 17 green
# found/all 17 151
q 1 4 16 
#c 4 16 green
# found/all 18 151
q 1 2 17 
q 1 3 18 
q 1 4 17 
#c 4 17 green
# found/all 19 151
q 1 5 16 
#c 5 16 green
# found/all 20 151
q 1 4 18 
#c 4 18 green
# found/all 21 151
q 1 5 17 
#c 5 17 green
# found/all 22 151
q 1 5 15 
#c 5 15 green
# found/all 23 151
q 1 6 16 
#c 6 16 green
# found/all 24 151
q 1 4 19 
#c 4 19 green
# found/all 25 151
q 1 5 18 
q 1 6 17 
#c 6 17 green
# found/all 26 151
q 1 5 14 
#c 5 14 green
# found/all 27 151
q 1 6 15 
q 1 7 16 
q 1 3 19 
q 1 5 19 
q 1 6 18 
q 1 7 17 
q 1 5 13 
q 1 6 14 
q 4 2 12 2 13 3 12 3 13 
# SUM >= 2
q 16 0 16 0 17 0 18 0 19 1 16 1 17 1 18 1 19 2 16 2 17 2 18 2 19 3 16 3 17 3 18 3 19 
q 4 0 16 0 17 1 16 1 17 
q 4 0 18 0 19 1 18 1 19 
# SUM >= 2
q 16 4 0 4 1 4 2 4 3 5 0 5 1 5 2 5 3 6 0 6 1 6 2 6 3 7 0 7 1 7 2 7 3 
q 4 4 0 4 1 5 0 5 1 
q 4 4 2 4 3 5 2 5 3 
q 1 4 2 
q 4 6 0 6 1 7 0 7 1 
q 4 6 2 6 3 7 2 7 3 
q 16 4 4 4 5 4 6 4 7 5 4 5 5 5 6 5 7 6 4 6 5 6 6 6 7 7 4 7 5 7 6 7 7 
# SUM >= 2
q 4 6 4 6 5 7 4 7 5 
q 1 7 5 
q 4 6 6 6 7 7 6 7 7 
q 16 4 8 4 9 4 10 4 11 5 8 5 9 5 10 5 11 6 8 6 9 6 10 6 11 7 8 7 9 7 10 7 11 
q 4 4 8 4 9 5 8 5 9 
q 4 4 10 4 11 5 10 5 11 
q 1 4 10 
q 1 4 11 
#c 4 11 green
# searchh
q 1 3 11 
q 1 4 12 
q 1 5 11 
#c 5 11 green
# found/all 29 151
q 1 5 10 
q 1 5 12 
q 1 6 11 
#c 6 11 green
# found/all 30 151
q 1 6 10 
#c 6 10 green
# found/all 31 151
q 1 6 12 
q 1 7 11 
#c 7 11 green
# found/all 32 151
q 1 6 9 
#c 6 9 green
# found/all 33 151
q 1 7 10 
#c 7 10 green
# found/all 34 151
q 1 7 12 
#c 7 12 green
# found/all 35 151
q 1 8 11 
#c 8 11 green
# found/all 36 151
q 1 5 9 
q 1 6 8 
q 1 7 9 
#c 7 9 green
# found/all 37 151
q 1 8 10 
#c 8 10 green
# found/all 38 151
q 1 7 13 
q 1 8 12 
#c 8 12 green
# found/all 39 151
q 1 9 11 
q 1 7 8 
q 1 8 9 
q 1 9 10 
q 1 8 13 
q 1 9 12 
#c 9 12 green
# found/all 40 151
q 1 9 13 
#c 9 13 green
# found/all 42 151
q 1 10 12 
#c 10 12 green
# found/all 44 151
q 1 9 14 
#c 9 14 green
# found/all 45 151
q 1 10 13 
#c 10 13 green
# found/all 47 151
q 1 10 11 
#c 10 11 green
# found/all 48 151
q 1 11 12 
#c 11 12 green
# found/all 50 151
q 1 8 14 
#c 8 14 green
# found/all 51 151
q 1 9 15 
q 1 10 14 
#c 10 14 green
# found/all 53 151
q 1 11 13 
#c 11 13 green
# found/all 55 151
q 1 10 10 
#c 10 10 green
# found/all 56 151
q 1 11 11 
q 1 12 12 
#c 12 12 green
# found/all 58 151
q 1 7 14 
q 1 8 15 
#c 8 15 green
# found/all 59 151
q 1 10 15 
#c 10 15 green
# found/all 60 151
q 1 11 14 
#c 11 14 green
# found/all 62 151
q 1 12 13 
#c 12 13 green
# found/all 65 151
q 1 10 9 
q 1 11 10 
q 1 12 11 
q 1 13 12 
#c 13 12 green
# found/all 67 151
q 1 7 15 
q 1 8 16 
q 1 10 16 
q 1 11 15 
#c 11 15 green
# found/all 68 151
q 1 12 14 
#c 12 14 green
# found/all 71 151
q 1 13 13 
#c 13 13 green
# found/all 74 151
q 1 13 11 
#c 13 11 green
# found/all 75 151
q 1 14 12 
#c 14 12 green
# found/all 76 151
q 1 11 16 
q 1 12 15 
#c 12 15 green
# found/all 78 151
q 1 13 14 
#c 13 14 green
# found/all 81 151
q 1 14 13 
#c 14 13 green
# found/all 84 151
q 1 13 10 
q 1 14 11 
#c 14 11 green
# found/all 85 151
q 1 15 12 
#c 15 12 green
# found/all 86 151
q 1 12 16 
#c 12 16 green
# found/all 87 151
q 1 13 15 
#c 13 15 green
# found/all 89 151
q 1 14 14 
#c 14 14 green
# found/all 90 151
q 1 15 13 
#c 15 13 green
# found/all 91 151
q 1 14 10 
q 1 15 11 
q 1 16 12 
q 1 12 17 
q 1 13 16 
#c 13 16 green
# found/all 92 151
q 1 14 15 
#c 14 15 green
# found/all 93 151
q 1 15 14 
q 1 16 13 
q 1 13 17 
#c 13 17 green
# found/all 94 151
q 1 14 16 
q 1 15 15 
#c 15 15 green
# found/all 95 151
q 1 13 18 
q 1 14 17 
#c 14 17 green
# found/all 96 151
q 1 15 16 
#c 15 16 green
# found/all 97 151
q 1 16 15 
#c 16 15 green
# found/all 98 151
q 1 14 18 
q 1 15 17 
#c 15 17 green
# found/all 99 151
q 1 16 16 
#c 16 16 green
# found/all 101 151
q 1 16 14 
#c 16 14 green
# found/all 102 151
q 1 17 15 
#c 17 15 green
# found/all 103 151
q 1 15 18 
q 1 16 17 
#c 16 17 green
# found/all 104 151
q 1 17 16 
q 1 17 14 
q 1 18 15 
#c 18 15 green
# found/all 105 151
q 1 16 18 
q 1 17 17 
q 1 18 14 
q 1 18 16 
q 1 19 15 
# SUM >= 2
q 16 4 12 4 13 4 14 4 15 5 12 5 13 5 14 5 15 6 12 6 13 6 14 6 15 7 12 7 13 7 14 7 15 
q 4 4 12 4 13 5 12 5 13 
# SUM >= 2
q 4 6 12 6 13 7 12 7 13 
q 1 6 13 
q 4 6 14 6 15 7 14 7 15 
q 16 4 16 4 17 4 18 4 19 5 16 5 17 5 18 5 19 6 16 6 17 6 18 6 19 7 16 7 17 7 18 7 19 
# SUM >= 2
# SUM >= 2
q 16 8 0 8 1 8 2 8 3 9 0 9 1 9 2 9 3 10 0 10 1 10 2 10 3 11 0 11 1 11 2 11 3 
q 4 8 0 8 1 9 0 9 1 
q 1 8 0 
q 1 8 1 
q 1 9 0 
q 1 9 1 
q 4 8 2 8 3 9 2 9 3 
q 1 8 2 
q 1 8 3 
q 1 9 2 
q 1 9 3 
#c 9 3 green
# searchh
q 1 9 4 
q 1 10 3 
#c 10 3 green
# found/all 107 151
q 1 10 2 
q 1 10 4 
q 1 11 3 
#c 11 3 green
# found/all 108 151
q 1 11 2 
#c 11 2 green
# found/all 109 151
q 1 11 4 
#c 11 4 green
# found/all 110 151
q 1 12 3 
#c 12 3 green
# found/all 111 151
q 1 11 1 
#c 11 1 green
# found/all 112 151
q 1 12 2 
#c 12 2 green
# found/all 113 151
q 1 11 5 
q 1 12 4 
#c 12 4 green
# found/all 114 151
q 1 13 3 
#c 13 3 green
# found/all 115 151
q 1 10 1 
q 1 11 0 
q 1 12 1 
q 1 13 2 
#c 13 2 green
# found/all 116 151
q 1 12 5 
#c 12 5 green
# found/all 117 151
q 1 13 4 
q 1 14 3 
q 1 13 1 
#c 13 1 green
# found/all 118 151
q 1 14 2 
#c 14 2 green
# found/all 119 151
q 1 12 6 
#c 12 6 green
# found/all 120 151
q 1 13 5 
q 1 13 0 
q 1 14 1 
q 1 15 2 
#c 15 2 green
# found/all 121 151
q 1 11 6 
#c 11 6 green
# found/all 122 151
q 1 12 7 
#c 12 7 green
# found/all 123 151
q 1 13 6 
#c 13 6 green
# found/all 124 151
q 1 15 1 
#c 15 1 green
# found/all 125 151
q 1 15 3 
q 1 16 2 
q 1 10 6 
#c 10 6 green
# found/all 126 151
q 1 11 7 
#c 11 7 green
# found/all 127 151
q 1 12 8 
q 1 13 7 
q 1 14 6 
#c 14 6 green
# found/all 128 151
q 1 15 0 
#c 15 0 green
# found/all 129 151
q 1 16 1 
q 1 9 6 
#c 9 6 green
# found/all 130 151
q 1 10 5 
#c 10 5 green
# found/all 131 151
q 1 10 7 
q 1 11 8 
q 1 14 5 
q 1 14 7 
q 1 15 6 
q 1 14 0 
q 1 16 0 
q 1 8 6 
q 1 9 5 
#c 9 5 green
# found/all 132 151
q 1 9 7 
#c 9 7 green
# found/all 133 151
q 1 8 5 
q 1 8 7 
q 1 9 8 
q 4 10 0 10 1 11 0 11 1 
q 1 10 0 
# SUM >= 2
q 16 8 4 8 5 8 6 8 7 9 4 9 5 9 6 9 7 10 4 10 5 10 6 10 7 11 4 11 5 11 6 11 7 
q 4 8 4 8 5 9 4 9 5 
# SUM >= 2
# SUM >= 2
q 16 8 8 8 9 8 10 8 11 9 8 9 9 9 10 9 11 10 8 10 9 10 10 10 11 11 8 11 9 11 10 11 11 
q 4 8 8 8 9 9 8 9 9 
q 1 8 8 
q 1 9 9 
# SUM >= 2
q 4 10 8 10 9 11 8 11 9 
q 1 10 8 
q 1 11 9 
# SUM >= 2
q 16 8 12 8 13 8 14 8 15 9 12 9 13 9 14 9 15 10 12 10 13 10 14 10 15 11 12 11 13 11 14 11 15 
# SUM >= 2
# SUM >= 2
q 16 8 16 8 17 8 18 8 19 9 16 9 17 9 18 9 19 10 16 10 17 10 18 10 19 11 16 11 17 11 18 11 19 
q 4 8 16 8 17 9 16 9 17 
q 4 8 18 8 19 9 18 9 19 
q 1 8 18 
q 1 8 19 
q 1 9 18 
q 1 9 19 
q 4 10 16 10 17 11 16 11 17 
q 4 10 18 10 19 11 18 11 19 
q 1 10 18 
q 1 10 19 
q 1 11 18 
q 1 11 19 
q 16 12 0 12 1 12 2 12 3 13 0 13 1 13 2 13 3 14 0 14 1 14 2 14 3 15 0 15 1 15 2 15 3 
q 4 12 0 12 1 13 0 13 1 
q 1 12 0 
# SUM >= 2
# SUM >= 2
q 16 12 4 12 5 12 6 12 7 13 4 13 5 13 6 13 7 14 4 14 5 14 6 14 7 15 4 15 5 15 6 15 7 
# SUM >= 2
q 4 14 4 14 5 15 4 15 5 
q 4 14 6 14 7 15 6 15 7 
q 16 12 8 12 9 12 10 12 11 13 8 13 9 13 10 13 11 14 8 14 9 14 10 14 11 15 8 15 9 15 10 15 11 
q 4 12 8 12 9 13 8 13 9 
q 1 12 9 
q 1 13 8 
q 1 13 9 
q 4 12 10 12 11 13 10 13 11 
q 1 12 10 
q 4 14 8 14 9 15 8 15 9 
q 1 14 8 
q 1 14 9 
q 1 15 8 
#c 15 8 green
# searchh
q 1 15 7 
q 1 15 9 
#c 15 9 green
# found/all 135 151
q 1 16 8 
#c 16 8 green
# found/all 136 151
q 1 15 10 
#c 15 10 green
# found/all 137 151
q 1 16 9 
#c 16 9 green
# found/all 138 151
q 1 16 7 
#c 16 7 green
# found/all 139 151
q 1 17 8 
#c 17 8 green
# found/all 140 151
q 1 16 10 
#c 16 10 green
# found/all 141 151
q 1 17 9 
#c 17 9 green
# found/all 142 151
q 1 16 6 
#c 16 6 green
# found/all 143 151
q 1 17 7 
#c 17 7 green
# found/all 144 151
q 1 18 8 
q 1 16 11 
#c 16 11 green
# found/all 145 151
q 1 17 10 
#c 17 10 green
# found/all 146 151
q 1 18 9 
#c 18 9 green
# found/all 147 151
q 1 16 5 
#c 16 5 green
# found/all 148 151
q 1 17 6 
q 1 18 7 
q 1 17 11 
q 1 18 10 
#c 18 10 green
# found/all 149 151
q 1 19 9 
#c 19 9 green
# found/all 150 151
q 1 15 5 
q 1 16 4 
#c 16 4 green
# found/all 151 151
a 129 1 6 2 6 2 5 3 5 3 4 4 5 5 5 5 4 5 6 5 3 6 4 1 15 2 15 3 15 3 14 3 16 3 17 4 16 4 17 5 16 4 18 5 17 5 15 6 16 4 19 6 17 5 14 4 11 5 11 6 11 6 10 7 11 6 9 7 10 7 12 8 11 7 9 8 10 8 12 9 12 9 13 10 12 9 14 10 13 10 11 11 12 8 14 10 14 11 13 10 10 12 12 8 15 10 15 11 14 12 13 13 12 11 15 12 14 13 13 13 11 14 12 12 15 13 14 14 13 14 11 15 12 12 16 13 15 14 14 15 13 13 16 14 15 13 17 15 15 14 17 15 16 16 15 15 17 16 16 16 14 17 15 16 17 18 15 9 3 10 3 11 3 11 2 11 4 12 3 11 1 12 2 12 4 13 3 13 2 12 5 13 1 14 2 12 6 15 2 11 6 12 7 13 6 15 1 10 6 11 7 14 6 15 0 9 6 10 5 9 5 9 7 15 8 15 9 16 8 15 10 16 9 16 7 17 8 16 10 17 9 16 6 17 7 16 11 17 10 18 9 16 5 18 10 19 9 16 4 
