# [[0, 0], [0, 1], [0, 2], [1, 0]]
# [[0, 1], [0, 2], [1, 0], [1, 1], [1, 2]]
# [[0, 1], [0, 2], [0, 3], [1, 0], [1, 1], [1, 3]]
# [[0, 0], [1, 0], [1, 1], [1, 2], [2, 1], [3, 1]]
# [[0, 0], [1, 0], [1, 1], [2, 1]]
# [[0, 0], [0, 1], [0, 2], [0, 3]]
# [[0, 0], [0, 1], [1, 0], [1, 1]]
q 16 0 0 0 1 0 2 0 3 1 0 1 1 1 2 1 3 2 0 2 1 2 2 2 3 3 0 3 1 3 2 3 3 
q 4 0 0 0 1 1 0 1 1 
q 4 0 2 0 3 1 2 1 3 
q 4 2 0 2 1 3 0 3 1 
q 4 2 2 2 3 3 2 3 3 
q 1 2 2 
#c 2 2 green
# searchh
q 1 1 2 
q 1 2 1 
q 1 2 3 
q 1 3 2 
#c 3 2 green
# found/all 2 33
q 1 3 1 
q 1 3 3 
#c 3 3 green
# found/all 3 33
q 1 4 2 
q 1 3 4 
#c 3 4 green
# found/all 4 33
q 1 4 3 
#c 4 3 green
# found/all 5 33
q 1 2 4 
q 1 3 5 
q 1 4 4 
q 1 5 3 
#c 5 3 green
# found/all 7 33
q 1 5 2 
#c 5 2 green
# found/all 8 33
q 1 5 4 
#c 5 4 green
# found/all 9 33
q 1 6 3 
q 1 5 1 
q 1 6 2 
q 1 5 5 
#c 5 5 green
# found/all 10 33
q 1 6 4 
q 1 4 5 
q 1 5 6 
q 1 6 5 
q 16 0 4 0 5 0 6 0 7 1 4 1 5 1 6 1 7 2 4 2 5 2 6 2 7 3 4 3 5 3 6 3 7 
q 4 0 4 0 5 1 4 1 5 
q 4 0 6 0 7 1 6 1 7 
q 1 0 6 
q 1 0 7 
#c 0 7 green
# searchh
q 1 0 8 
#c 0 8 green
# found/all 12 33
q 1 1 7 
#c 1 7 green
# found/all 13 33
q 1 0 9 
q 1 1 8 
#c 1 8 green
# found/all 14 33
q 1 1 6 
#c 1 6 green
# found/all 15 33
q 1 2 7 
q 1 1 9 
q 1 2 8 
q 1 1 5 
q 1 2 6 
q 4 2 4 2 5 3 4 3 5 
q 4 2 6 2 7 3 6 3 7 
q 16 0 8 0 9 0 10 0 11 1 8 1 9 1 10 1 11 2 8 2 9 2 10 2 11 3 8 3 9 3 10 3 11 
# SUM >= 2
q 4 2 8 2 9 3 8 3 9 
q 4 2 10 2 11 3 10 3 11 
q 1 2 10 
#c 2 10 green
# searchh
q 1 1 10 
q 1 2 9 
q 1 2 11 
#c 2 11 green
# found/all 17 33
q 1 3 10 
#c 3 10 green
# found/all 18 33
q 1 1 11 
q 1 2 12 
#c 2 12 green
# found/all 19 33
q 1 3 11 
q 1 3 9 
#c 3 9 green
# found/all 20 33
q 1 4 10 
q 1 1 12 
q 1 3 12 
#c 3 12 green
# found/all 21 33
q 1 3 8 
q 1 4 9 
q 1 4 12 
q 4 0 12 1 12 2 12 3 12 
q 2 0 12 1 12 
# SUM >= 2
q 16 4 0 4 1 4 2 4 3 5 0 5 1 5 2 5 3 6 0 6 1 6 2 6 3 7 0 7 1 7 2 7 3 
q 4 4 0 4 1 5 0 5 1 
# SUM >= 2
q 4 6 0 6 1 7 0 7 1 
q 4 6 2 6 3 7 2 7 3 
q 16 4 4 4 5 4 6 4 7 5 4 5 5 5 6 5 7 6 4 6 5 6 6 6 7 7 4 7 5 7 6 7 7 
# SUM >= 2
q 4 6 4 6 5 7 4 7 5 
q 4 6 6 6 7 7 6 7 7 
q 16 4 8 4 9 4 10 4 11 5 8 5 9 5 10 5 11 6 8 6 9 6 10 6 11 7 8 7 9 7 10 7 11 
q 4 4 12 5 12 6 12 7 12 
q 16 8 0 8 1 8 2 8 3 9 0 9 1 9 2 9 3 10 0 10 1 10 2 10 3 11 0 11 1 11 2 11 3 
q 4 8 0 8 1 9 0 9 1 
q 4 8 2 8 3 9 2 9 3 
q 1 8 2 
#c 8 2 green
# searchh
q 1 7 2 
q 1 8 1 
q 1 8 3 
q 1 9 2 
#c 9 2 green
# found/all 23 33
q 1 9 1 
q 1 9 3 
#c 9 3 green
# found/all 25 33
q 1 10 2 
q 1 9 4 
#c 9 4 green
# found/all 26 33
q 1 10 3 
#c 10 3 green
# found/all 28 33
q 1 8 4 
q 1 9 5 
#c 9 5 green
# found/all 30 33
q 1 10 4 
q 1 11 3 
q 1 8 5 
#c 8 5 green
# found/all 31 33
q 1 9 6 
#c 9 6 green
# found/all 32 33
q 1 10 5 
q 1 7 5 
q 1 8 6 
#c 8 6 green
# found/all 33 33
a 29 2 2 3 2 3 3 3 4 4 3 5 3 5 2 5 4 5 5 0 7 0 8 1 7 1 8 1 6 2 10 2 11 3 10 2 12 3 9 3 12 8 2 9 2 9 3 9 4 10 3 9 5 8 5 9 6 8 6 
