# [[0, 1], [1, 1], [1, 2], [2, 0], [2, 1]]
# [[0, 2], [1, 0], [1, 1], [1, 2], [1, 3], [2, 3]]
# [[0, 1], [1, 0], [1, 1], [2, 1], [2, 2]]
# [[0, 0], [1, 0], [1, 1], [1, 2], [1, 3], [2, 2]]
q 16 0 0 0 1 0 2 0 3 1 0 1 1 1 2 1 3 2 0 2 1 2 2 2 3 3 0 3 1 3 2 3 3 
q 16 0 4 0 5 0 6 0 7 1 4 1 5 1 6 1 7 2 4 2 5 2 6 2 7 3 4 3 5 3 6 3 7 
q 4 0 4 0 5 1 4 1 5 
q 1 0 4 
q 1 0 5 
q 1 1 4 
#c 1 4 green
# searchh
q 1 1 3 
q 1 1 5 
q 1 2 4 
#c 2 4 green
# found/all 2 22
q 1 2 3 
#c 2 3 green
# found/all 3 22
q 1 2 5 
q 1 3 4 
#c 3 4 green
# found/all 5 22
q 1 2 2 
q 1 3 3 
q 1 3 5 
#c 3 5 green
# found/all 6 22
q 1 4 4 
#c 4 4 green
# found/all 7 22
q 1 3 6 
q 1 4 5 
#c 4 5 green
# found/all 8 22
q 1 4 3 
q 1 5 4 
q 1 4 6 
#c 4 6 green
# found/all 9 22
q 1 5 5 
q 1 4 7 
#c 4 7 green
# found/all 10 22
q 1 5 6 
#c 5 6 green
# found/all 11 22
q 1 3 7 
q 1 4 8 
q 1 5 7 
q 1 6 6 
q 4 0 6 0 7 1 6 1 7 
# SUM >= 2
q 12 0 8 0 9 0 10 1 8 1 9 1 10 2 8 2 9 2 10 3 8 3 9 3 10 
q 4 0 8 0 9 1 8 1 9 
q 2 0 10 1 10 
q 4 2 8 2 9 3 8 3 9 
q 1 2 8 
q 1 2 9 
#c 2 9 green
# searchh
q 1 1 9 
#c 1 9 green
# found/all 13 22
q 1 2 10 
#c 2 10 green
# found/all 14 22
q 1 3 9 
#c 3 9 green
# found/all 15 22
q 1 0 9 
q 1 1 8 
q 1 1 10 
q 1 3 10 
q 1 3 8 
#c 3 8 green
# found/all 16 22
q 1 4 9 
q 2 2 10 3 10 
q 16 4 0 4 1 4 2 4 3 5 0 5 1 5 2 5 3 6 0 6 1 6 2 6 3 7 0 7 1 7 2 7 3 
q 4 4 0 4 1 5 0 5 1 
q 4 4 2 4 3 5 2 5 3 
q 4 6 0 6 1 7 0 7 1 
q 4 6 2 6 3 7 2 7 3 
q 1 6 2 
q 1 6 3 
q 1 7 2 
q 1 7 3 
q 16 4 4 4 5 4 6 4 7 5 4 5 5 5 6 5 7 6 4 6 5 6 6 6 7 7 4 7 5 7 6 7 7 
# SUM >= 2
q 4 6 4 6 5 7 4 7 5 
q 4 6 6 6 7 7 6 7 7 
q 12 4 8 4 9 4 10 5 8 5 9 5 10 6 8 6 9 6 10 7 8 7 9 7 10 
q 4 4 8 4 9 5 8 5 9 
q 1 5 8 
q 1 5 9 
q 2 4 10 5 10 
q 4 6 8 6 9 7 8 7 9 
q 2 6 10 7 10 
q 12 8 0 8 1 8 2 8 3 9 0 9 1 9 2 9 3 10 0 10 1 10 2 10 3 
q 4 8 0 8 1 9 0 9 1 
q 4 8 2 8 3 9 2 9 3 
q 1 8 2 
q 1 8 3 
q 1 9 2 
#c 9 2 green
# searchh
q 1 9 1 
q 1 9 3 
#c 9 3 green
# found/all 18 22
q 1 10 2 
q 1 9 4 
#c 9 4 green
# found/all 19 22
q 1 10 3 
q 1 8 4 
#c 8 4 green
# found/all 20 22
q 1 9 5 
#c 9 5 green
# found/all 21 22
q 1 10 4 
q 1 7 4 
q 1 8 5 
q 1 9 6 
q 1 10 5 
#c 10 5 green
# found/all 22 22
a 21 1 4 2 4 2 3 3 4 3 5 4 4 4 5 4 6 4 7 5 6 2 9 1 9 2 10 3 9 3 8 9 2 9 3 9 4 8 4 9 5 10 5 
