# [[0, 2], [1, 0], [1, 1], [1, 2], [2, 2], [2, 3], [3, 2]]
# [[0, 1], [1, 0], [1, 1], [1, 2], [1, 3], [2, 2], [2, 3]]
# [[0, 0], [1, 0], [1, 1], [1, 2], [1, 3], [2, 2], [2, 3]]
# [[0, 0], [0, 1], [0, 2], [0, 3], [1, 2], [1, 3], [1, 4]]
# [[0, 0], [0, 1], [1, 1], [2, 0], [2, 1], [2, 2], [3, 1]]
# [[0, 0], [0, 1], [1, 1], [2, 1], [3, 1], [3, 2], [4, 2]]
# [[0, 0], [0, 2], [1, 0], [1, 2], [2, 0], [2, 1], [2, 2]]
# [[0, 2], [1, 0], [1, 1], [1, 2], [1, 3], [2, 1], [3, 1]]
# [[0, 1], [1, 0], [1, 1], [2, 1], [2, 2], [3, 2], [4, 2]]
# [[0, 1], [0, 2], [0, 3], [1, 0], [1, 1], [1, 2], [1, 3]]
# [[0, 2], [1, 1], [1, 2], [1, 3], [2, 0], [2, 1], [2, 2]]
q 16 0 0 0 1 0 2 0 3 1 0 1 1 1 2 1 3 2 0 2 1 2 2 2 3 3 0 3 1 3 2 3 3 
q 4 0 0 0 1 1 0 1 1 
q 4 0 2 0 3 1 2 1 3 
q 1 0 2 
#c 0 2 green
# searchh
q 1 0 1 
q 1 0 3 
#c 0 3 green
# found/all 2 77
q 1 1 2 
q 1 0 4 
q 1 1 3 
#c 1 3 green
# found/all 3 77
q 1 1 4 
q 1 2 3 
#c 2 3 green
# found/all 4 77
q 1 2 2 
q 1 2 4 
q 1 3 3 
#c 3 3 green
# found/all 5 77
q 1 3 2 
q 1 3 4 
#c 3 4 green
# found/all 6 77
q 1 4 3 
q 1 3 5 
q 1 4 4 
#c 4 4 green
# found/all 7 77
q 1 4 5 
q 1 5 4 
q 4 2 0 2 1 3 0 3 1 
# SUM >= 2
q 16 0 4 0 5 0 6 0 7 1 4 1 5 1 6 1 7 2 4 2 5 2 6 2 7 3 4 3 5 3 6 3 7 
q 4 0 4 0 5 1 4 1 5 
q 4 0 6 0 7 1 6 1 7 
q 1 0 6 
q 1 0 7 
#c 0 7 green
# searchh
q 1 0 8 
q 1 1 7 
#c 1 7 green
# found/all 9 77
q 1 1 6 
q 1 1 8 
#c 1 8 green
# found/all 10 77
q 1 2 7 
q 1 1 9 
#c 1 9 green
# found/all 11 77
q 1 2 8 
q 1 0 9 
q 1 1 10 
#c 1 10 green
# found/all 12 77
q 1 2 9 
#c 2 9 green
# found/all 13 77
q 1 0 10 
q 1 1 11 
q 1 2 10 
#c 2 10 green
# found/all 14 77
q 1 3 9 
q 1 2 11 
q 1 3 10 
q 4 2 4 2 5 3 4 3 5 
q 4 2 6 2 7 3 6 3 7 
q 16 0 8 0 9 0 10 0 11 1 8 1 9 1 10 1 11 2 8 2 9 2 10 2 11 3 8 3 9 3 10 3 11 
# SUM >= 2
q 4 2 8 2 9 3 8 3 9 
q 4 2 10 2 11 3 10 3 11 
q 12 0 12 0 13 0 14 1 12 1 13 1 14 2 12 2 13 2 14 3 12 3 13 3 14 
q 16 4 0 4 1 4 2 4 3 5 0 5 1 5 2 5 3 6 0 6 1 6 2 6 3 7 0 7 1 7 2 7 3 
q 4 4 0 4 1 5 0 5 1 
q 1 4 0 
#c 4 0 green
# searchh
q 1 3 0 
q 1 4 1 
#c 4 1 green
# found/all 16 77
q 1 5 0 
q 1 3 1 
#c 3 1 green
# found/all 17 77
q 1 4 2 
q 1 5 1 
#c 5 1 green
# found/all 18 77
q 1 2 1 
q 1 5 2 
#c 5 2 green
# found/all 19 77
q 1 6 1 
q 1 5 3 
q 1 6 2 
#c 6 2 green
# found/all 20 77
q 1 6 3 
q 1 7 2 
#c 7 2 green
# found/all 21 77
q 1 7 1 
q 1 7 3 
q 1 8 2 
q 4 4 2 4 3 5 2 5 3 
q 4 6 0 6 1 7 0 7 1 
# SUM >= 2
q 16 4 4 4 5 4 6 4 7 5 4 5 5 5 6 5 7 6 4 6 5 6 6 6 7 7 4 7 5 7 6 7 7 
q 4 4 4 4 5 5 4 5 5 
q 4 4 6 4 7 5 6 5 7 
q 4 6 4 6 5 7 4 7 5 
q 4 6 6 6 7 7 6 7 7 
q 1 6 6 
q 1 6 7 
#c 6 7 green
# searchh
q 1 5 7 
q 1 6 8 
#c 6 8 green
# found/all 23 77
q 1 7 7 
#c 7 7 green
# found/all 25 77
q 1 5 8 
q 1 6 9 
#c 6 9 green
# found/all 27 77
q 1 7 8 
#c 7 8 green
# found/all 29 77
q 1 7 6 
#c 7 6 green
# found/all 30 77
q 1 8 7 
#c 8 7 green
# found/all 31 77
q 1 5 9 
q 1 6 10 
#c 6 10 green
# found/all 32 77
q 1 7 9 
#c 7 9 green
# found/all 34 77
q 1 8 8 
q 1 7 5 
q 1 8 6 
q 1 9 7 
#c 9 7 green
# found/all 35 77
q 1 5 10 
q 1 6 11 
#c 6 11 green
# found/all 36 77
q 1 7 10 
q 1 8 9 
#c 8 9 green
# found/all 37 77
q 1 9 6 
#c 9 6 green
# found/all 38 77
q 1 9 8 
#c 9 8 green
# found/all 39 77
q 1 10 7 
q 1 5 11 
q 1 6 12 
#c 6 12 green
# found/all 41 77
q 1 7 11 
#c 7 11 green
# found/all 42 77
q 1 8 10 
#c 8 10 green
# found/all 44 77
q 1 9 9 
#c 9 9 green
# found/all 46 77
q 1 9 5 
#c 9 5 green
# found/all 47 77
q 1 10 6 
#c 10 6 green
# found/all 48 77
q 1 10 8 
q 1 5 12 
q 1 6 13 
#c 6 13 green
# found/all 50 77
q 1 7 12 
#c 7 12 green
# found/all 51 77
q 1 8 11 
#c 8 11 green
# found/all 52 77
q 1 9 10 
#c 9 10 green
# found/all 53 77
q 1 10 9 
q 1 8 5 
q 1 9 4 
q 1 10 5 
q 1 11 6 
#c 11 6 green
# found/all 54 77
q 1 5 13 
#c 5 13 green
# found/all 55 77
q 1 6 14 
#c 6 14 green
# found/all 56 77
q 1 7 13 
#c 7 13 green
# found/all 58 77
q 1 8 12 
#c 8 12 green
# found/all 59 77
q 1 9 11 
#c 9 11 green
# found/all 60 77
q 1 10 10 
q 1 11 5 
q 1 11 7 
q 1 12 6 
q 1 4 13 
#c 4 13 green
# found/all 61 77
q 1 5 14 
q 1 7 14 
#c 7 14 green
# found/all 62 77
q 1 8 13 
q 1 9 12 
q 1 10 11 
q 1 3 13 
q 1 4 12 
#c 4 12 green
# found/all 63 77
q 1 4 14 
q 1 8 14 
q 1 3 12 
q 1 4 11 
q 16 4 8 4 9 4 10 4 11 5 8 5 9 5 10 5 11 6 8 6 9 6 10 6 11 7 8 7 9 7 10 7 11 
q 4 4 8 4 9 5 8 5 9 
q 4 4 10 4 11 5 10 5 11 
# SUM >= 2
q 12 4 12 4 13 4 14 5 12 5 13 5 14 6 12 6 13 6 14 7 12 7 13 7 14 
# SUM >= 2
# SUM >= 2
q 16 8 0 8 1 8 2 8 3 9 0 9 1 9 2 9 3 10 0 10 1 10 2 10 3 11 0 11 1 11 2 11 3 
q 16 8 4 8 5 8 6 8 7 9 4 9 5 9 6 9 7 10 4 10 5 10 6 10 7 11 4 11 5 11 6 11 7 
q 4 8 4 8 5 9 4 9 5 
# SUM >= 2
q 4 10 4 10 5 11 4 11 5 
# SUM >= 2
q 16 8 8 8 9 8 10 8 11 9 8 9 9 9 10 9 11 10 8 10 9 10 10 10 11 11 8 11 9 11 10 11 11 
# SUM >= 2
q 4 10 8 10 9 11 8 11 9 
q 4 10 10 10 11 11 10 11 11 
q 12 8 12 8 13 8 14 9 12 9 13 9 14 10 12 10 13 10 14 11 12 11 13 11 14 
q 4 8 12 8 13 9 12 9 13 
q 2 8 14 9 14 
q 4 10 12 10 13 11 12 11 13 
q 2 10 14 11 14 
q 12 12 0 12 1 12 2 12 3 13 0 13 1 13 2 13 3 14 0 14 1 14 2 14 3 
q 12 12 4 12 5 12 6 12 7 13 4 13 5 13 6 13 7 14 4 14 5 14 6 14 7 
q 12 12 8 12 9 12 10 12 11 13 8 13 9 13 10 13 11 14 8 14 9 14 10 14 11 
q 4 12 8 12 9 13 8 13 9 
q 4 12 10 12 11 13 10 13 11 
q 1 12 10 
#c 12 10 green
# searchh
q 1 11 10 
#c 11 10 green
# found/all 65 77
q 1 12 9 
q 1 12 11 
#c 12 11 green
# found/all 66 77
q 1 13 10 
#c 13 10 green
# found/all 68 77
q 1 11 9 
q 1 11 11 
q 1 12 12 
#c 12 12 green
# found/all 69 77
q 1 13 11 
#c 13 11 green
# found/all 71 77
q 1 13 9 
q 1 14 10 
q 1 11 12 
#c 11 12 green
# found/all 72 77
q 1 12 13 
q 1 13 12 
#c 13 12 green
# found/all 74 77
q 1 14 11 
q 1 10 12 
q 1 11 13 
q 1 13 13 
#c 13 13 green
# found/all 75 77
q 1 14 12 
#c 14 12 green
# found/all 76 77
q 1 13 14 
q 1 14 13 
#c 14 13 green
# found/all 77 77
a 65 0 2 0 3 1 3 2 3 3 3 3 4 4 4 0 7 1 7 1 8 1 9 1 10 2 9 2 10 4 0 4 1 3 1 5 1 5 2 6 2 7 2 6 7 6 8 7 7 6 9 7 8 7 6 8 7 6 10 7 9 9 7 6 11 8 9 9 6 9 8 6 12 7 11 8 10 9 9 9 5 10 6 6 13 7 12 8 11 9 10 11 6 5 13 6 14 7 13 8 12 9 11 4 13 7 14 4 12 12 10 11 10 12 11 13 10 12 12 13 11 11 12 13 12 13 13 14 12 14 13 
