# [[0, 1], [1, 1], [2, 0], [2, 1], [3, 1], [3, 2], [4, 0], [4, 1]]
# [[0, 0], [1, 0], [1, 1], [1, 2], [2, 1], [2, 2]]
# [[0, 1], [1, 0], [1, 1], [2, 0], [2, 1], [2, 2]]
# [[0, 0], [0, 1], [1, 0], [1, 1], [1, 2], [2, 0], [2, 1]]
# [[0, 1], [1, 0], [1, 1], [2, 1], [2, 2], [3, 1], [3, 2]]
# [[0, 2], [1, 0], [1, 1], [1, 2], [1, 3], [2, 0], [2, 1], [3, 1]]
# [[0, 1], [1, 0], [1, 1], [1, 2], [2, 0], [2, 1]]
# [[0, 0], [0, 1], [1, 0], [1, 1], [1, 2], [1, 3], [2, 1]]
# [[0, 0], [0, 1], [1, 0], [1, 1], [2, 0], [2, 1]]
# [[0, 2], [1, 2], [2, 2], [3, 0], [3, 1], [3, 2]]
q 16 0 0 0 1 0 2 0 3 1 0 1 1 1 2 1 3 2 0 2 1 2 2 2 3 3 0 3 1 3 2 3 3 
q 4 0 0 0 1 1 0 1 1 
q 4 0 2 0 3 1 2 1 3 
q 1 0 2 
#c 0 2 green
# searchh
q 1 0 1 
q 1 0 3 
#c 0 3 green
# found/all 2 67
q 1 1 2 
#c 1 2 green
# found/all 3 67
q 1 0 4 
q 1 1 3 
#c 1 3 green
# found/all 4 67
q 1 1 1 
q 1 2 2 
q 1 1 4 
#c 1 4 green
# found/all 5 67
q 1 2 3 
#c 2 3 green
# found/all 6 67
q 1 1 5 
#c 1 5 green
# found/all 7 67
q 1 2 4 
q 1 3 3 
q 1 0 5 
q 1 1 6 
q 1 2 5 
q 4 2 0 2 1 3 0 3 1 
q 4 2 2 2 3 3 2 3 3 
q 16 0 4 0 5 0 6 0 7 1 4 1 5 1 6 1 7 2 4 2 5 2 6 2 7 3 4 3 5 3 6 3 7 
# SUM >= 2
q 4 2 4 2 5 3 4 3 5 
q 4 2 6 2 7 3 6 3 7 
q 16 0 8 0 9 0 10 0 11 1 8 1 9 1 10 1 11 2 8 2 9 2 10 2 11 3 8 3 9 3 10 3 11 
q 12 0 12 0 13 0 14 1 12 1 13 1 14 2 12 2 13 2 14 3 12 3 13 3 14 
q 4 0 12 0 13 1 12 1 13 
q 2 0 14 1 14 
q 4 2 12 2 13 3 12 3 13 
q 2 2 14 3 14 
q 16 4 0 4 1 4 2 4 3 5 0 5 1 5 2 5 3 6 0 6 1 6 2 6 3 7 0 7 1 7 2 7 3 
q 4 4 0 4 1 5 0 5 1 
q 4 4 2 4 3 5 2 5 3 
q 1 4 2 
q 1 4 3 
#c 4 3 green
# searchh
q 1 4 4 
q 1 5 3 
#c 5 3 green
# found/all 9 67
q 1 5 2 
#c 5 2 green
# found/all 10 67
q 1 5 4 
#c 5 4 green
# found/all 11 67
q 1 6 3 
#c 6 3 green
# found/all 12 67
q 1 5 1 
q 1 6 2 
#c 6 2 green
# found/all 13 67
q 1 5 5 
q 1 6 4 
q 1 7 3 
q 1 6 1 
q 1 7 2 
q 4 6 0 6 1 7 0 7 1 
# SUM >= 2
q 16 4 4 4 5 4 6 4 7 5 4 5 5 5 6 5 7 6 4 6 5 6 6 6 7 7 4 7 5 7 6 7 7 
q 4 4 4 4 5 5 4 5 5 
q 1 4 5 
q 4 4 6 4 7 5 6 5 7 
q 4 6 4 6 5 7 4 7 5 
q 1 6 5 
q 1 7 4 
q 1 7 5 
#c 7 5 green
# searchh
q 1 7 6 
#c 7 6 green
# found/all 15 67
q 1 8 5 
#c 8 5 green
# found/all 16 67
q 1 6 6 
q 1 7 7 
#c 7 7 green
# found/all 17 67
q 1 8 6 
#c 8 6 green
# found/all 18 67
q 1 8 4 
q 1 9 5 
q 1 6 7 
#c 6 7 green
# found/all 19 67
q 1 7 8 
q 1 8 7 
#c 8 7 green
# found/all 21 67
q 1 9 6 
#c 9 6 green
# found/all 22 67
q 1 5 7 
q 1 6 8 
q 1 8 8 
#c 8 8 green
# found/all 23 67
q 1 9 7 
#c 9 7 green
# found/all 25 67
q 1 10 6 
q 1 8 9 
q 1 9 8 
#c 9 8 green
# found/all 26 67
q 1 10 7 
q 1 9 9 
q 1 10 8 
#c 10 8 green
# found/all 27 67
q 1 10 9 
#c 10 9 green
# found/all 28 67
q 1 11 8 
q 1 10 10 
#c 10 10 green
# found/all 29 67
q 1 11 9 
q 1 9 10 
#c 9 10 green
# found/all 30 67
q 1 10 11 
#c 10 11 green
# found/all 31 67
q 1 11 10 
q 1 8 10 
#c 8 10 green
# found/all 32 67
q 1 9 11 
#c 9 11 green
# found/all 33 67
q 1 10 12 
#c 10 12 green
# found/all 34 67
q 1 11 11 
q 1 7 10 
#c 7 10 green
# found/all 35 67
q 1 8 11 
q 1 9 12 
#c 9 12 green
# found/all 36 67
q 1 10 13 
q 1 11 12 
#c 11 12 green
# found/all 37 67
q 1 6 10 
q 1 7 9 
q 1 7 11 
q 1 8 12 
q 1 9 13 
#c 9 13 green
# found/all 38 67
q 1 11 13 
q 1 12 12 
q 1 8 13 
#c 8 13 green
# found/all 39 67
q 1 9 14 
#c 9 14 green
# found/all 40 67
q 1 7 13 
q 1 8 14 
q 1 10 14 
# SUM >= 2
q 16 4 8 4 9 4 10 4 11 5 8 5 9 5 10 5 11 6 8 6 9 6 10 6 11 7 8 7 9 7 10 7 11 
q 12 4 12 4 13 4 14 5 12 5 13 5 14 6 12 6 13 6 14 7 12 7 13 7 14 
q 4 4 12 4 13 5 12 5 13 
q 2 4 14 5 14 
q 4 6 12 6 13 7 12 7 13 
q 2 6 14 7 14 
q 16 8 0 8 1 8 2 8 3 9 0 9 1 9 2 9 3 10 0 10 1 10 2 10 3 11 0 11 1 11 2 11 3 
q 4 8 0 8 1 9 0 9 1 
q 4 8 2 8 3 9 2 9 3 
q 4 10 0 10 1 11 0 11 1 
q 1 10 0 
q 1 10 1 
q 1 11 0 
q 1 11 1 
#c 11 1 green
# searchh
q 1 11 2 
#c 11 2 green
# found/all 42 67
q 1 12 1 
#c 12 1 green
# found/all 43 67
q 1 10 2 
#c 10 2 green
# found/all 44 67
q 1 11 3 
#c 11 3 green
# found/all 45 67
q 1 12 2 
#c 12 2 green
# found/all 47 67
q 1 12 0 
q 1 13 1 
#c 13 1 green
# found/all 48 67
q 1 9 2 
q 1 10 3 
#c 10 3 green
# found/all 49 67
q 1 11 4 
#c 11 4 green
# found/all 50 67
q 1 12 3 
#c 12 3 green
# found/all 52 67
q 1 13 2 
#c 13 2 green
# found/all 53 67
q 1 13 0 
q 1 14 1 
q 1 9 3 
#c 9 3 green
# found/all 54 67
q 1 10 4 
q 1 11 5 
q 1 12 4 
q 1 13 3 
q 1 14 2 
q 1 8 3 
#c 8 3 green
# found/all 55 67
q 1 9 4 
q 1 8 2 
# SUM >= 2
q 16 8 4 8 5 8 6 8 7 9 4 9 5 9 6 9 7 10 4 10 5 10 6 10 7 11 4 11 5 11 6 11 7 
q 4 8 4 8 5 9 4 9 5 
# SUM >= 2
q 4 10 4 10 5 11 4 11 5 
q 1 10 5 
q 4 10 6 10 7 11 6 11 7 
q 16 8 8 8 9 8 10 8 11 9 8 9 9 9 10 9 11 10 8 10 9 10 10 10 11 11 8 11 9 11 10 11 11 
# SUM >= 2
# SUM >= 2
q 12 8 12 8 13 8 14 9 12 9 13 9 14 10 12 10 13 10 14 11 12 11 13 11 14 
# SUM >= 2
# SUM >= 2
q 12 12 0 12 1 12 2 12 3 13 0 13 1 13 2 13 3 14 0 14 1 14 2 14 3 
# SUM >= 2
q 2 14 0 14 1 
q 2 14 2 14 3 
q 12 12 4 12 5 12 6 12 7 13 4 13 5 13 6 13 7 14 4 14 5 14 6 14 7 
q 12 12 8 12 9 12 10 12 11 13 8 13 9 13 10 13 11 14 8 14 9 14 10 14 11 
q 4 12 8 12 9 13 8 13 9 
q 1 12 8 
#c 12 8 green
# searchh
q 1 12 7 
q 1 12 9 
q 1 13 8 
#c 13 8 green
# found/all 57 67
q 1 13 7 
#c 13 7 green
# found/all 58 67
q 1 13 9 
q 1 14 8 
#c 14 8 green
# found/all 59 67
q 1 13 6 
q 1 14 7 
#c 14 7 green
# found/all 60 67
q 1 14 9 
#c 14 9 green
# found/all 61 67
q 1 14 6 
q 1 14 10 
#c 14 10 green
# found/all 62 67
q 1 13 10 
#c 13 10 green
# found/all 63 67
q 1 14 11 
#c 14 11 green
# found/all 64 67
q 1 12 10 
#c 12 10 green
# found/all 65 67
q 1 13 11 
#c 13 11 green
# found/all 66 67
q 1 14 12 
q 1 12 11 
#c 12 11 green
# found/all 67 67
a 63 0 2 0 3 1 2 1 3 1 4 2 3 1 5 4 3 5 3 5 2 5 4 6 3 6 2 7 5 7 6 8 5 7 7 8 6 6 7 8 7 9 6 8 8 9 7 9 8 10 8 10 9 10 10 9 10 10 11 8 10 9 11 10 12 7 10 9 12 11 12 9 13 8 13 9 14 11 1 11 2 12 1 10 2 11 3 12 2 13 1 10 3 11 4 12 3 13 2 9 3 8 3 12 8 13 8 13 7 14 8 14 7 14 9 14 10 13 10 14 11 12 10 13 11 12 11 
