# [[0, 0], [1, 0], [2, 0], [3, 0]]
# [[0, 0], [0, 1], [0, 2], [1, 1]]
# [[0, 0], [1, 0], [2, 0], [3, 0]]
# [[0, 0], [0, 1], [1, 0], [2, 0]]
# [[0, 1], [1, 0], [1, 1], [2, 1]]
q 16 0 0 0 1 0 2 0 3 1 0 1 1 1 2 1 3 2 0 2 1 2 2 2 3 3 0 3 1 3 2 3 3 
q 4 0 0 0 1 1 0 1 1 
q 4 0 2 0 3 1 2 1 3 
q 4 2 0 2 1 3 0 3 1 
q 4 2 2 2 3 3 2 3 3 
q 16 0 4 0 5 0 6 0 7 1 4 1 5 1 6 1 7 2 4 2 5 2 6 2 7 3 4 3 5 3 6 3 7 
q 4 0 4 0 5 1 4 1 5 
q 4 0 6 0 7 1 6 1 7 
q 4 2 4 2 5 3 4 3 5 
q 4 2 6 2 7 3 6 3 7 
q 8 0 8 0 9 1 8 1 9 2 8 2 9 3 8 3 9 
q 16 4 0 4 1 4 2 4 3 5 0 5 1 5 2 5 3 6 0 6 1 6 2 6 3 7 0 7 1 7 2 7 3 
q 4 4 0 4 1 5 0 5 1 
q 4 4 2 4 3 5 2 5 3 
q 4 6 0 6 1 7 0 7 1 
q 1 6 0 
q 1 6 1 
#c 6 1 green
# searchh
q 1 5 1 
q 1 6 2 
q 1 7 1 
#c 7 1 green
# found/all 2 20
q 1 7 0 
#c 7 0 green
# found/all 3 20
q 1 7 2 
q 1 8 1 
#c 8 1 green
# found/all 4 20
q 1 8 0 
q 1 8 2 
q 1 9 1 
q 4 6 2 6 3 7 2 7 3 
q 16 4 4 4 5 4 6 4 7 5 4 5 5 5 6 5 7 6 4 6 5 6 6 6 7 7 4 7 5 7 6 7 7 
q 4 4 4 4 5 5 4 5 5 
q 4 4 6 4 7 5 6 5 7 
q 1 4 6 
#c 4 6 green
# searchh
q 1 3 6 
#c 3 6 green
# found/all 6 20
q 1 4 5 
q 1 4 7 
q 1 5 6 
#c 5 6 green
# found/all 8 20
q 1 2 6 
q 1 3 5 
q 1 3 7 
q 1 5 5 
q 1 5 7 
q 1 6 6 
#c 6 6 green
# found/all 10 20
q 1 6 5 
q 1 6 7 
#c 6 7 green
# found/all 11 20
q 1 7 6 
#c 7 6 green
# found/all 12 20
q 1 6 8 
#c 6 8 green
# found/all 13 20
q 1 7 7 
#c 7 7 green
# found/all 14 20
q 1 7 5 
q 1 8 6 
#c 8 6 green
# found/all 16 20
q 1 5 8 
q 1 6 9 
q 1 7 8 
q 1 8 7 
#c 8 7 green
# found/all 18 20
q 1 8 5 
q 1 9 6 
q 1 8 8 
#c 8 8 green
# found/all 19 20
q 1 9 7 
#c 9 7 green
# found/all 20 20
a 16 6 1 7 1 7 0 8 1 4 6 3 6 5 6 6 6 6 7 7 6 6 8 7 7 8 6 8 7 8 8 9 7 
