# [[0, 1], [1, 1], [1, 2], [1, 3], [1, 4], [2, 0], [2, 1], [2, 2], [3, 0], [3, 1]]
# [[0, 2], [0, 3], [1, 2], [2, 0], [2, 1], [2, 2], [2, 3], [3, 3], [4, 3], [4, 4]]
# [[0, 1], [0, 2], [1, 0], [1, 1], [1, 2], [1, 3], [2, 2], [3, 2], [3, 3], [4, 3]]
# [[0, 3], [1, 1], [1, 3], [1, 4], [2, 0], [2, 1], [2, 2], [2, 3], [2, 4], [2, 5]]
# [[0, 3], [0, 4], [1, 3], [2, 2], [2, 3], [3, 2], [3, 3], [3, 4], [4, 0], [4, 1], [4, 2], [4, 3], [4, 4], [5, 3]]
q 16 0 0 0 1 0 2 0 3 1 0 1 1 1 2 1 3 2 0 2 1 2 2 2 3 3 0 3 1 3 2 3 3 
q 16 0 4 0 5 0 6 0 7 1 4 1 5 1 6 1 7 2 4 2 5 2 6 2 7 3 4 3 5 3 6 3 7 
q 16 0 8 0 9 0 10 0 11 1 8 1 9 1 10 1 11 2 8 2 9 2 10 2 11 3 8 3 9 3 10 3 11 
q 4 0 8 0 9 1 8 1 9 
q 4 0 10 0 11 1 10 1 11 
q 4 2 8 2 9 3 8 3 9 
q 4 2 10 2 11 3 10 3 11 
q 16 0 12 0 13 0 14 0 15 1 12 1 13 1 14 1 15 2 12 2 13 2 14 2 15 3 12 3 13 3 14 3 15 
q 4 0 12 0 13 1 12 1 13 
q 4 0 14 0 15 1 14 1 15 
q 4 2 12 2 13 3 12 3 13 
q 1 2 12 
#c 2 12 green
# searchh
q 1 1 12 
q 1 2 11 
q 1 2 13 
q 1 3 12 
#c 3 12 green
# found/all 2 54
q 1 3 11 
#c 3 11 green
# found/all 3 54
q 1 3 13 
#c 3 13 green
# found/all 4 54
q 1 4 12 
q 1 3 10 
q 1 4 11 
q 1 3 14 
#c 3 14 green
# found/all 5 54
q 1 4 13 
q 1 2 14 
#c 2 14 green
# found/all 6 54
q 1 3 15 
#c 3 15 green
# found/all 7 54
q 1 4 14 
q 1 1 14 
#c 1 14 green
# found/all 8 54
q 1 2 15 
#c 2 15 green
# found/all 9 54
q 1 3 16 
#c 3 16 green
# found/all 10 54
q 1 4 15 
q 1 0 14 
q 1 1 13 
q 1 1 15 
q 1 2 16 
q 1 4 16 
# SUM >= 2
q 4 0 16 1 16 2 16 3 16 
q 16 4 0 4 1 4 2 4 3 5 0 5 1 5 2 5 3 6 0 6 1 6 2 6 3 7 0 7 1 7 2 7 3 
q 4 4 0 4 1 5 0 5 1 
q 4 4 2 4 3 5 2 5 3 
q 1 4 2 
#c 4 2 green
# searchh
q 1 3 2 
q 1 4 1 
q 1 4 3 
#c 4 3 green
# found/all 12 54
q 1 5 2 
#c 5 2 green
# found/all 13 54
q 1 3 3 
q 1 4 4 
q 1 5 3 
q 1 5 1 
q 1 6 2 
#c 6 2 green
# found/all 14 54
q 1 6 1 
#c 6 1 green
# found/all 15 54
q 1 6 3 
#c 6 3 green
# found/all 16 54
q 1 7 2 
q 1 6 0 
#c 6 0 green
# found/all 17 54
q 1 7 1 
q 1 6 4 
q 1 7 3 
#c 7 3 green
# found/all 18 54
q 1 5 0 
q 1 7 0 
q 1 7 4 
q 1 8 3 
#c 8 3 green
# found/all 19 54
q 1 8 2 
q 1 8 4 
#c 8 4 green
# found/all 20 54
q 1 9 3 
q 1 8 5 
q 1 9 4 
# SUM >= 2
q 16 4 4 4 5 4 6 4 7 5 4 5 5 5 6 5 7 6 4 6 5 6 6 6 7 7 4 7 5 7 6 7 7 
q 16 4 8 4 9 4 10 4 11 5 8 5 9 5 10 5 11 6 8 6 9 6 10 6 11 7 8 7 9 7 10 7 11 
q 16 4 12 4 13 4 14 4 15 5 12 5 13 5 14 5 15 6 12 6 13 6 14 6 15 7 12 7 13 7 14 7 15 
q 4 4 16 5 16 6 16 7 16 
q 16 8 0 8 1 8 2 8 3 9 0 9 1 9 2 9 3 10 0 10 1 10 2 10 3 11 0 11 1 11 2 11 3 
q 16 8 4 8 5 8 6 8 7 9 4 9 5 9 6 9 7 10 4 10 5 10 6 10 7 11 4 11 5 11 6 11 7 
q 16 8 8 8 9 8 10 8 11 9 8 9 9 9 10 9 11 10 8 10 9 10 10 10 11 11 8 11 9 11 10 11 11 
q 4 8 8 8 9 9 8 9 9 
q 4 8 10 8 11 9 10 9 11 
q 1 8 10 
q 1 8 11 
#c 8 11 green
# searchh
q 1 7 11 
q 1 8 12 
#c 8 12 green
# found/all 22 54
q 1 9 11 
#c 9 11 green
# found/all 23 54
q 1 7 12 
q 1 8 13 
q 1 9 12 
q 1 9 10 
q 1 10 11 
#c 10 11 green
# found/all 24 54
q 1 10 10 
#c 10 10 green
# found/all 26 54
q 1 10 12 
q 1 11 11 
#c 11 11 green
# found/all 28 54
q 1 10 9 
#c 10 9 green
# found/all 29 54
q 1 11 10 
#c 11 10 green
# found/all 31 54
q 1 11 12 
#c 11 12 green
# found/all 32 54
q 1 12 11 
#c 12 11 green
# found/all 34 54
q 1 9 9 
q 1 10 8 
q 1 11 9 
#c 11 9 green
# found/all 35 54
q 1 12 10 
#c 12 10 green
# found/all 37 54
q 1 11 13 
q 1 12 12 
#c 12 12 green
# found/all 38 54
q 1 13 11 
#c 13 11 green
# found/all 41 54
q 1 11 8 
#c 11 8 green
# found/all 42 54
q 1 12 9 
#c 12 9 green
# found/all 43 54
q 1 13 10 
#c 13 10 green
# found/all 44 54
q 1 12 13 
q 1 13 12 
#c 13 12 green
# found/all 45 54
q 1 14 11 
#c 14 11 green
# found/all 47 54
q 1 11 7 
q 1 12 8 
#c 12 8 green
# found/all 48 54
q 1 13 9 
q 1 14 10 
#c 14 10 green
# found/all 49 54
q 1 13 13 
#c 13 13 green
# found/all 50 54
q 1 14 12 
#c 14 12 green
# found/all 51 54
q 1 15 11 
#c 15 11 green
# found/all 52 54
q 1 12 7 
q 1 13 8 
q 1 14 9 
q 1 15 10 
#c 15 10 green
# found/all 53 54
q 1 13 14 
#c 13 14 green
# found/all 54 54
a 46 2 12 3 12 3 11 3 13 3 14 2 14 3 15 1 14 2 15 3 16 4 2 4 3 5 2 6 2 6 1 6 3 6 0 7 3 8 3 8 4 8 11 8 12 9 11 10 11 10 10 11 11 10 9 11 10 11 12 12 11 11 9 12 10 12 12 13 11 11 8 12 9 13 10 13 12 14 11 12 8 14 10 13 13 14 12 15 11 15 10 13 14 
