# [[0, 1], [1, 0], [1, 1], [2, 0]]
# [[0, 3], [1, 2], [1, 3], [1, 4], [1, 5], [2, 0], [2, 1], [2, 2]]
# [[0, 0], [1, 0], [2, 0], [2, 1]]
# [[0, 0], [1, 0], [2, 0], [2, 1], [3, 0]]
# [[0, 0], [1, 0], [1, 1], [2, 0], [2, 1], [3, 1], [3, 2], [4, 2]]
# [[0, 1], [1, 0], [1, 1], [2, 0]]
# [[0, 0], [1, 0], [1, 1], [2, 1], [2, 2], [2, 3]]
# [[0, 2], [1, 2], [1, 3], [2, 0], [2, 1], [2, 2], [3, 1]]
# [[0, 0], [0, 1], [1, 0], [2, 0], [3, 0]]
# [[0, 0], [0, 1], [1, 0], [1, 1], [2, 1]]
# [[0, 0], [1, 0], [1, 1], [1, 2], [2, 1], [2, 2]]
# [[0, 0], [0, 1], [0, 2], [0, 3], [1, 1], [1, 2]]
# [[0, 1], [1, 0], [1, 1], [2, 0], [2, 1]]
# [[0, 1], [0, 2], [0, 3], [1, 0], [1, 1], [1, 2], [2, 1]]
# [[0, 2], [1, 2], [1, 3], [2, 2], [2, 3], [3, 0], [3, 1], [3, 2]]
q 16 0 0 0 1 0 2 0 3 1 0 1 1 1 2 1 3 2 0 2 1 2 2 2 3 3 0 3 1 3 2 3 3 
q 4 0 0 0 1 1 0 1 1 
q 4 0 2 0 3 1 2 1 3 
q 4 2 0 2 1 3 0 3 1 
q 4 2 2 2 3 3 2 3 3 
q 1 2 2 
q 1 2 3 
#c 2 3 green
# searchh
q 1 1 3 
q 1 2 4 
q 1 3 3 
#c 3 3 green
# found/all 2 88
q 1 3 2 
q 1 3 4 
#c 3 4 green
# found/all 3 88
q 1 4 3 
q 1 3 5 
q 1 4 4 
#c 4 4 green
# found/all 5 88
q 1 4 5 
#c 4 5 green
# found/all 7 88
q 1 5 4 
q 1 4 6 
#c 4 6 green
# found/all 10 88
q 1 5 5 
q 1 3 6 
#c 3 6 green
# found/all 12 88
q 1 4 7 
#c 4 7 green
# found/all 13 88
q 1 5 6 
q 1 2 6 
q 1 3 7 
#c 3 7 green
# found/all 17 88
q 1 4 8 
#c 4 8 green
# found/all 19 88
q 1 5 7 
#c 5 7 green
# found/all 21 88
q 1 2 7 
#c 2 7 green
# found/all 25 88
q 1 3 8 
#c 3 8 green
# found/all 28 88
q 1 4 9 
#c 4 9 green
# found/all 29 88
q 1 5 8 
q 1 6 7 
#c 6 7 green
# found/all 31 88
q 1 1 7 
#c 1 7 green
# found/all 32 88
q 1 2 8 
#c 2 8 green
# found/all 35 88
q 1 3 9 
#c 3 9 green
# found/all 36 88
q 1 4 10 
#c 4 10 green
# found/all 37 88
q 1 5 9 
q 1 6 6 
q 1 6 8 
#c 6 8 green
# found/all 38 88
q 1 7 7 
#c 7 7 green
# found/all 40 88
q 1 0 7 
#c 0 7 green
# found/all 41 88
q 1 1 6 
q 1 1 8 
#c 1 8 green
# found/all 42 88
q 1 2 9 
q 1 3 10 
q 1 4 11 
q 1 5 10 
#c 5 10 green
# found/all 43 88
q 1 6 9 
q 1 7 8 
#c 7 8 green
# found/all 44 88
q 1 7 6 
#c 7 6 green
# found/all 45 88
q 1 8 7 
q 1 0 6 
q 1 0 8 
q 1 1 9 
q 1 5 11 
#c 5 11 green
# found/all 46 88
q 1 6 10 
#c 6 10 green
# found/all 47 88
q 1 7 9 
#c 7 9 green
# found/all 48 88
q 1 8 8 
q 1 7 5 
#c 7 5 green
# found/all 49 88
q 1 8 6 
#c 8 6 green
# found/all 50 88
q 1 5 12 
q 1 6 11 
#c 6 11 green
# found/all 51 88
q 1 7 10 
#c 7 10 green
# found/all 52 88
q 1 8 9 
q 1 6 5 
q 1 7 4 
q 1 8 5 
q 1 9 6 
q 1 6 12 
q 1 7 11 
q 1 8 10 
q 16 0 4 0 5 0 6 0 7 1 4 1 5 1 6 1 7 2 4 2 5 2 6 2 7 3 4 3 5 3 6 3 7 
q 4 0 4 0 5 1 4 1 5 
# SUM >= 2
q 4 2 4 2 5 3 4 3 5 
q 1 2 5 
# SUM >= 2
q 16 0 8 0 9 0 10 0 11 1 8 1 9 1 10 1 11 2 8 2 9 2 10 2 11 3 8 3 9 3 10 3 11 
q 4 0 8 0 9 1 8 1 9 
q 4 0 10 0 11 1 10 1 11 
# SUM >= 2
q 16 0 12 0 13 0 14 0 15 1 12 1 13 1 14 1 15 2 12 2 13 2 14 2 15 3 12 3 13 3 14 3 15 
q 8 0 16 0 17 1 16 1 17 2 16 2 17 3 16 3 17 
q 16 4 0 4 1 4 2 4 3 5 0 5 1 5 2 5 3 6 0 6 1 6 2 6 3 7 0 7 1 7 2 7 3 
q 4 4 0 4 1 5 0 5 1 
q 4 4 2 4 3 5 2 5 3 
q 1 4 2 
q 1 5 2 
#c 5 2 green
# searchh
q 1 5 1 
q 1 5 3 
#c 5 3 green
# found/all 54 88
q 1 6 2 
#c 6 2 green
# found/all 55 88
q 1 6 3 
#c 6 3 green
# found/all 56 88
q 1 6 1 
q 1 7 2 
q 1 6 4 
q 1 7 3 
#c 7 3 green
# found/all 57 88
q 1 8 3 
q 4 6 0 6 1 7 0 7 1 
# SUM >= 2
q 16 4 4 4 5 4 6 4 7 5 4 5 5 5 6 5 7 6 4 6 5 6 6 6 7 7 4 7 5 7 6 7 7 
# SUM >= 2
q 4 6 4 6 5 7 4 7 5 
# SUM >= 2
q 16 4 8 4 9 4 10 4 11 5 8 5 9 5 10 5 11 6 8 6 9 6 10 6 11 7 8 7 9 7 10 7 11 
# SUM >= 2
# SUM >= 2
q 16 4 12 4 13 4 14 4 15 5 12 5 13 5 14 5 15 6 12 6 13 6 14 6 15 7 12 7 13 7 14 7 15 
q 8 4 16 4 17 5 16 5 17 6 16 6 17 7 16 7 17 
q 16 8 0 8 1 8 2 8 3 9 0 9 1 9 2 9 3 10 0 10 1 10 2 10 3 11 0 11 1 11 2 11 3 
q 16 8 4 8 5 8 6 8 7 9 4 9 5 9 6 9 7 10 4 10 5 10 6 10 7 11 4 11 5 11 6 11 7 
q 16 8 8 8 9 8 10 8 11 9 8 9 9 9 10 9 11 10 8 10 9 10 10 10 11 11 8 11 9 11 10 11 11 
q 4 8 8 8 9 9 8 9 9 
q 4 8 10 8 11 9 10 9 11 
q 4 10 8 10 9 11 8 11 9 
q 1 10 8 
#c 10 8 green
# searchh
q 1 9 8 
#c 9 8 green
# found/all 59 88
q 1 10 7 
q 1 10 9 
#c 10 9 green
# found/all 60 88
q 1 11 8 
#c 11 8 green
# found/all 61 88
q 1 9 7 
q 1 9 9 
q 1 10 10 
q 1 11 9 
#c 11 9 green
# found/all 62 88
q 1 11 7 
q 1 12 8 
q 1 11 10 
q 1 12 9 
#c 12 9 green
# found/all 63 88
q 1 12 10 
#c 12 10 green
# found/all 64 88
q 1 13 9 
q 1 12 11 
q 1 13 10 
#c 13 10 green
# found/all 66 88
q 1 13 11 
#c 13 11 green
# found/all 67 88
q 1 14 10 
#c 14 10 green
# found/all 68 88
q 1 13 12 
#c 13 12 green
# found/all 69 88
q 1 14 11 
#c 14 11 green
# found/all 70 88
q 1 14 9 
#c 14 9 green
# found/all 71 88
q 1 15 10 
#c 15 10 green
# found/all 72 88
q 1 12 12 
q 1 13 13 
q 1 14 12 
q 1 15 11 
q 1 14 8 
q 1 15 9 
q 1 16 10 
q 4 10 10 10 11 11 10 11 11 
q 16 8 12 8 13 8 14 8 15 9 12 9 13 9 14 9 15 10 12 10 13 10 14 10 15 11 12 11 13 11 14 11 15 
q 8 8 16 8 17 9 16 9 17 10 16 10 17 11 16 11 17 
q 16 12 0 12 1 12 2 12 3 13 0 13 1 13 2 13 3 14 0 14 1 14 2 14 3 15 0 15 1 15 2 15 3 
q 4 12 0 12 1 13 0 13 1 
q 4 12 2 12 3 13 2 13 3 
q 4 14 0 14 1 15 0 15 1 
q 1 14 0 
q 1 14 1 
#c 14 1 green
# searchh
q 1 13 1 
#c 13 1 green
# found/all 75 88
q 1 14 2 
#c 14 2 green
# found/all 77 88
q 1 15 1 
q 1 12 1 
q 1 13 0 
q 1 13 2 
q 1 14 3 
#c 14 3 green
# found/all 79 88
q 1 15 2 
#c 15 2 green
# found/all 81 88
q 1 13 3 
q 1 14 4 
#c 14 4 green
# found/all 82 88
q 1 15 3 
#c 15 3 green
# found/all 84 88
q 1 16 2 
q 1 13 4 
q 1 14 5 
q 1 15 4 
#c 15 4 green
# found/all 85 88
q 1 16 3 
#c 16 3 green
# found/all 86 88
q 1 15 5 
q 1 16 4 
#c 16 4 green
# found/all 87 88
q 1 17 3 
#c 17 3 green
# found/all 88 88
a 63 2 3 3 3 3 4 4 4 4 5 4 6 3 6 4 7 3 7 4 8 5 7 2 7 3 8 4 9 6 7 1 7 2 8 3 9 4 10 6 8 7 7 0 7 1 8 5 10 7 8 7 6 5 11 6 10 7 9 7 5 8 6 6 11 7 10 5 2 5 3 6 2 6 3 7 3 10 8 9 8 10 9 11 8 11 9 12 9 12 10 13 10 13 11 14 10 13 12 14 11 14 9 15 10 14 1 13 1 14 2 14 3 15 2 14 4 15 3 15 4 16 3 16 4 17 3 
