# [[0, 1], [1, 0], [1, 1], [1, 2], [1, 3], [1, 4], [1, 5], [2, 2], [2, 3], [2, 4], [2, 5]]
# [[0, 2], [0, 3], [0, 6], [1, 0], [1, 1], [1, 2], [1, 3], [1, 4], [1, 5], [1, 6], [1, 7], [1, 8], [2, 2], [2, 3], [2, 4], [2, 5], [3, 4]]
# [[0, 2], [0, 4], [0, 5], [1, 2], [1, 3], [1, 4], [2, 0], [2, 1], [2, 2], [3, 2], [3, 3], [3, 4], [4, 3], [4, 4]]
# [[0, 3], [0, 4], [1, 2], [1, 3], [1, 4], [2, 2], [2, 3], [2, 4], [2, 5], [2, 6], [3, 0], [3, 1], [3, 2], [3, 3], [3, 4], [4, 0], [4, 1], [4, 2], [4, 4], [4, 5], [5, 0]]
# [[0, 2], [1, 1], [1, 2], [2, 0], [2, 1], [2, 2], [2, 3], [3, 2], [3, 3], [3, 4], [3, 5], [4, 2]]
q 16 0 0 0 1 0 2 0 3 1 0 1 1 1 2 1 3 2 0 2 1 2 2 2 3 3 0 3 1 3 2 3 3 
q 4 0 0 0 1 1 0 1 1 
q 4 0 2 0 3 1 2 1 3 
q 4 2 0 2 1 3 0 3 1 
q 4 2 2 2 3 3 2 3 3 
q 16 0 4 0 5 0 6 0 7 1 4 1 5 1 6 1 7 2 4 2 5 2 6 2 7 3 4 3 5 3 6 3 7 
q 4 0 4 0 5 1 4 1 5 
q 1 0 4 
q 1 0 5 
#c 0 5 green
# searchh
q 1 0 6 
q 1 1 5 
#c 1 5 green
# found/all 2 75
q 1 1 4 
q 1 1 6 
#c 1 6 green
# found/all 3 75
q 1 2 5 
#c 2 5 green
# found/all 4 75
q 1 1 7 
#c 1 7 green
# found/all 5 75
q 1 2 6 
q 1 2 4 
#c 2 4 green
# found/all 6 75
q 1 3 5 
#c 3 5 green
# found/all 7 75
q 1 0 7 
#c 0 7 green
# found/all 8 75
q 1 1 8 
q 1 2 7 
q 1 2 3 
#c 2 3 green
# found/all 9 75
q 1 3 4 
q 1 3 6 
#c 3 6 green
# found/all 10 75
q 1 4 5 
q 1 0 8 
#c 0 8 green
# found/all 11 75
q 1 1 3 
q 1 2 2 
q 1 3 3 
q 1 3 7 
#c 3 7 green
# found/all 12 75
q 1 4 6 
#c 4 6 green
# found/all 13 75
q 1 0 9 
q 1 3 8 
q 1 4 7 
#c 4 7 green
# found/all 14 75
q 1 5 6 
q 1 4 8 
q 1 5 7 
# SUM >= 2
# SUM >= 2
q 16 0 8 0 9 0 10 0 11 1 8 1 9 1 10 1 11 2 8 2 9 2 10 2 11 3 8 3 9 3 10 3 11 
q 16 0 12 0 13 0 14 0 15 1 12 1 13 1 14 1 15 2 12 2 13 2 14 2 15 3 12 3 13 3 14 3 15 
q 4 0 12 0 13 1 12 1 13 
q 1 0 12 
q 1 0 13 
#c 0 13 green
# searchh
q 1 0 14 
q 1 1 13 
#c 1 13 green
# found/all 16 75
q 1 1 12 
#c 1 12 green
# found/all 17 75
q 1 1 14 
q 1 2 13 
#c 2 13 green
# found/all 18 75
q 1 1 11 
q 1 2 12 
#c 2 12 green
# found/all 19 75
q 1 2 14 
#c 2 14 green
# found/all 20 75
q 1 3 13 
#c 3 13 green
# found/all 21 75
q 1 2 11 
#c 2 11 green
# found/all 22 75
q 1 3 12 
q 1 2 15 
q 1 3 14 
#c 3 14 green
# found/all 23 75
q 1 4 13 
#c 4 13 green
# found/all 24 75
q 1 2 10 
q 1 3 11 
q 1 3 15 
#c 3 15 green
# found/all 25 75
q 1 4 14 
q 1 4 12 
q 1 5 13 
q 1 3 16 
#c 3 16 green
# found/all 26 75
q 1 4 15 
q 1 2 16 
q 1 3 17 
q 1 4 16 
q 4 0 14 0 15 1 14 1 15 
# SUM >= 2
q 12 0 16 0 17 0 18 1 16 1 17 1 18 2 16 2 17 2 18 3 16 3 17 3 18 
q 4 0 16 0 17 1 16 1 17 
q 2 0 18 1 18 
q 4 2 16 2 17 3 16 3 17 
q 2 2 18 3 18 
q 16 4 0 4 1 4 2 4 3 5 0 5 1 5 2 5 3 6 0 6 1 6 2 6 3 7 0 7 1 7 2 7 3 
q 16 4 4 4 5 4 6 4 7 5 4 5 5 5 6 5 7 6 4 6 5 6 6 6 7 7 4 7 5 7 6 7 7 
q 4 4 4 4 5 5 4 5 5 
# SUM >= 2
q 4 6 4 6 5 7 4 7 5 
q 4 6 6 6 7 7 6 7 7 
q 16 4 8 4 9 4 10 4 11 5 8 5 9 5 10 5 11 6 8 6 9 6 10 6 11 7 8 7 9 7 10 7 11 
q 16 4 12 4 13 4 14 4 15 5 12 5 13 5 14 5 15 6 12 6 13 6 14 6 15 7 12 7 13 7 14 7 15 
q 4 4 12 4 13 5 12 5 13 
q 4 4 14 4 15 5 14 5 15 
q 4 6 12 6 13 7 12 7 13 
q 4 6 14 6 15 7 14 7 15 
q 12 4 16 4 17 4 18 5 16 5 17 5 18 6 16 6 17 6 18 7 16 7 17 7 18 
q 16 8 0 8 1 8 2 8 3 9 0 9 1 9 2 9 3 10 0 10 1 10 2 10 3 11 0 11 1 11 2 11 3 
q 16 8 4 8 5 8 6 8 7 9 4 9 5 9 6 9 7 10 4 10 5 10 6 10 7 11 4 11 5 11 6 11 7 
q 16 8 8 8 9 8 10 8 11 9 8 9 9 9 10 9 11 10 8 10 9 10 10 10 11 11 8 11 9 11 10 11 11 
q 4 8 8 8 9 9 8 9 9 
q 4 8 10 8 11 9 10 9 11 
q 4 10 8 10 9 11 8 11 9 
q 4 10 10 10 11 11 10 11 11 
q 16 8 12 8 13 8 14 8 15 9 12 9 13 9 14 9 15 10 12 10 13 10 14 10 15 11 12 11 13 11 14 11 15 
q 12 8 16 8 17 8 18 9 16 9 17 9 18 10 16 10 17 10 18 11 16 11 17 11 18 
q 16 12 0 12 1 12 2 12 3 13 0 13 1 13 2 13 3 14 0 14 1 14 2 14 3 15 0 15 1 15 2 15 3 
q 4 12 0 12 1 13 0 13 1 
q 4 12 2 12 3 13 2 13 3 
q 4 14 0 14 1 15 0 15 1 
q 1 14 0 
q 1 14 1 
q 1 15 0 
#c 15 0 green
# searchh
q 1 15 1 
#c 15 1 green
# found/all 28 75
q 1 16 0 
q 1 15 2 
#c 15 2 green
# found/all 29 75
q 1 16 1 
q 1 14 2 
#c 14 2 green
# found/all 30 75
q 1 15 3 
#c 15 3 green
# found/all 31 75
q 1 16 2 
#c 16 2 green
# found/all 32 75
q 1 13 2 
q 1 14 3 
#c 14 3 green
# found/all 33 75
q 1 15 4 
#c 15 4 green
# found/all 34 75
q 1 16 3 
#c 16 3 green
# found/all 35 75
q 1 17 2 
q 1 13 3 
q 1 14 4 
q 1 15 5 
#c 15 5 green
# found/all 36 75
q 1 16 4 
#c 16 4 green
# found/all 37 75
q 1 17 3 
q 1 14 5 
q 1 15 6 
#c 15 6 green
# found/all 39 75
q 1 16 5 
#c 16 5 green
# found/all 40 75
q 1 17 4 
#c 17 4 green
# found/all 41 75
q 1 14 6 
#c 14 6 green
# found/all 43 75
q 1 15 7 
#c 15 7 green
# found/all 45 75
q 1 16 6 
#c 16 6 green
# found/all 46 75
q 1 17 5 
q 1 18 4 
q 1 13 6 
q 1 14 7 
#c 14 7 green
# found/all 47 75
q 1 15 8 
#c 15 8 green
# found/all 50 75
q 1 16 7 
#c 16 7 green
# found/all 51 75
q 1 17 6 
#c 17 6 green
# found/all 52 75
q 1 13 7 
#c 13 7 green
# found/all 53 75
q 1 14 8 
#c 14 8 green
# found/all 55 75
q 1 15 9 
#c 15 9 green
# found/all 57 75
q 1 16 8 
#c 16 8 green
# found/all 58 75
q 1 17 7 
q 1 18 6 
q 1 12 7 
q 1 13 8 
#c 13 8 green
# found/all 59 75
q 1 14 9 
#c 14 9 green
# found/all 61 75
q 1 15 10 
#c 15 10 green
# found/all 63 75
q 1 16 9 
q 1 17 8 
q 1 12 8 
q 1 13 9 
#c 13 9 green
# found/all 64 75
q 1 14 10 
#c 14 10 green
# found/all 66 75
q 1 15 11 
#c 15 11 green
# found/all 67 75
q 1 16 10 
#c 16 10 green
# found/all 68 75
q 1 12 9 
#c 12 9 green
# found/all 69 75
q 1 13 10 
#c 13 10 green
# found/all 70 75
q 1 14 11 
#c 14 11 green
# found/all 72 75
q 1 15 12 
q 1 16 11 
#c 16 11 green
# found/all 73 75
q 1 17 10 
q 1 11 9 
q 1 12 10 
#c 12 10 green
# found/all 74 75
q 1 13 11 
q 1 14 12 
#c 14 12 green
# found/all 75 75
a 64 0 5 1 5 1 6 2 5 1 7 2 4 3 5 0 7 2 3 3 6 0 8 3 7 4 6 4 7 0 13 1 13 1 12 2 13 2 12 2 14 3 13 2 11 3 14 4 13 3 15 3 16 15 0 15 1 15 2 14 2 15 3 16 2 14 3 15 4 16 3 15 5 16 4 15 6 16 5 17 4 14 6 15 7 16 6 14 7 15 8 16 7 17 6 13 7 14 8 15 9 16 8 13 8 14 9 15 10 13 9 14 10 15 11 16 10 12 9 13 10 14 11 16 11 12 10 14 12 
