# [[0, 2], [1, 2], [2, 0], [2, 1], [2, 2]]
# [[0, 1], [1, 0], [1, 1], [1, 2]]
# [[0, 1], [0, 2], [0, 3], [1, 0], [1, 1], [1, 3], [2, 2], [2, 3]]
# [[0, 0], [0, 2], [1, 0], [1, 1], [1, 2], [2, 1]]
# [[0, 0], [0, 1], [0, 2], [0, 3], [0, 4], [1, 2]]
# [[0, 0], [0, 1], [1, 0], [1, 1], [2, 0], [2, 1]]
# [[0, 1], [1, 0], [1, 1], [2, 1], [2, 2]]
# [[0, 1], [1, 0], [1, 1], [2, 0], [2, 1]]
# [[0, 1], [0, 2], [0, 3], [1, 0], [1, 1], [2, 0], [2, 1], [2, 2]]
# [[0, 0], [0, 3], [1, 0], [1, 1], [1, 2], [1, 3]]
# [[0, 2], [1, 2], [2, 0], [2, 1], [2, 2], [2, 3], [3, 3]]
# [[0, 1], [1, 1], [2, 0], [2, 1], [3, 1], [4, 0], [4, 1], [5, 1]]
# [[0, 2], [1, 0], [1, 1], [1, 2], [2, 0], [2, 1]]
# [[0, 0], [1, 0], [1, 1], [1, 2]]
# [[0, 0], [1, 0], [1, 1], [1, 2]]
# [[0, 1], [0, 2], [0, 3], [1, 0], [1, 1], [1, 2], [1, 3], [2, 2]]
# [[0, 1], [1, 0], [1, 1], [1, 2], [1, 3], [1, 4], [2, 1], [2, 3]]
# [[0, 1], [1, 0], [1, 1], [2, 0], [2, 1], [3, 0], [3, 1], [3, 2]]
q 16 0 0 0 1 0 2 0 3 1 0 1 1 1 2 1 3 2 0 2 1 2 2 2 3 3 0 3 1 3 2 3 3 
q 16 0 4 0 5 0 6 0 7 1 4 1 5 1 6 1 7 2 4 2 5 2 6 2 7 3 4 3 5 3 6 3 7 
q 16 0 8 0 9 0 10 0 11 1 8 1 9 1 10 1 11 2 8 2 9 2 10 2 11 3 8 3 9 3 10 3 11 
q 16 0 12 0 13 0 14 0 15 1 12 1 13 1 14 1 15 2 12 2 13 2 14 2 15 3 12 3 13 3 14 3 15 
q 16 0 16 0 17 0 18 0 19 1 16 1 17 1 18 1 19 2 16 2 17 2 18 2 19 3 16 3 17 3 18 3 19 
q 16 4 0 4 1 4 2 4 3 5 0 5 1 5 2 5 3 6 0 6 1 6 2 6 3 7 0 7 1 7 2 7 3 
q 4 4 0 4 1 5 0 5 1 
q 4 4 2 4 3 5 2 5 3 
q 1 4 2 
#c 4 2 green
# searchh
q 1 3 2 
#c 3 2 green
# found/all 2 112
q 1 4 1 
#c 4 1 green
# found/all 3 112
q 1 4 3 
#c 4 3 green
# found/all 4 112
q 1 5 2 
q 1 2 2 
q 1 3 1 
q 1 3 3 
q 1 4 0 
q 1 5 1 
q 1 4 4 
q 1 5 3 
q 4 6 0 6 1 7 0 7 1 
q 4 6 2 6 3 7 2 7 3 
q 16 4 4 4 5 4 6 4 7 5 4 5 5 5 6 5 7 6 4 6 5 6 6 6 7 7 4 7 5 7 6 7 7 
q 16 4 8 4 9 4 10 4 11 5 8 5 9 5 10 5 11 6 8 6 9 6 10 6 11 7 8 7 9 7 10 7 11 
q 4 4 8 4 9 5 8 5 9 
q 1 4 8 
q 1 4 9 
#c 4 9 green
# searchh
q 1 3 9 
#c 3 9 green
# found/all 6 112
q 1 4 10 
q 1 5 9 
#c 5 9 green
# found/all 7 112
q 1 2 9 
q 1 3 8 
q 1 3 10 
q 1 5 8 
#c 5 8 green
# found/all 8 112
q 1 5 10 
q 1 6 9 
q 1 5 7 
#c 5 7 green
# found/all 9 112
q 1 6 8 
q 1 4 7 
q 1 5 6 
q 1 6 7 
q 4 4 10 4 11 5 10 5 11 
q 4 6 8 6 9 7 8 7 9 
q 4 6 10 6 11 7 10 7 11 
q 16 4 12 4 13 4 14 4 15 5 12 5 13 5 14 5 15 6 12 6 13 6 14 6 15 7 12 7 13 7 14 7 15 
q 4 4 12 4 13 5 12 5 13 
q 4 4 14 4 15 5 14 5 15 
q 1 4 14 
q 1 4 15 
#c 4 15 green
# searchh
q 1 3 15 
q 1 4 16 
#c 4 16 green
# found/all 11 112
q 1 5 15 
#c 5 15 green
# found/all 12 112
q 1 3 16 
q 1 4 17 
#c 4 17 green
# found/all 14 112
q 1 5 16 
#c 5 16 green
# found/all 15 112
q 1 5 14 
#c 5 14 green
# found/all 16 112
q 1 6 15 
q 1 3 17 
q 1 4 18 
#c 4 18 green
# found/all 17 112
q 1 5 17 
#c 5 17 green
# found/all 19 112
q 1 6 16 
#c 6 16 green
# found/all 21 112
q 1 5 13 
q 1 6 14 
q 1 3 18 
q 1 4 19 
#c 4 19 green
# found/all 23 112
q 1 5 18 
#c 5 18 green
# found/all 24 112
q 1 6 17 
#c 6 17 green
# found/all 26 112
q 1 7 16 
q 1 3 19 
#c 3 19 green
# found/all 27 112
q 1 5 19 
#c 5 19 green
# found/all 28 112
q 1 6 18 
#c 6 18 green
# found/all 29 112
q 1 7 17 
q 1 2 19 
q 1 6 19 
#c 6 19 green
# found/all 30 112
q 1 7 18 
#c 7 18 green
# found/all 32 112
q 1 7 19 
#c 7 19 green
# found/all 34 112
q 1 8 18 
#c 8 18 green
# found/all 35 112
q 1 8 19 
#c 8 19 green
# found/all 37 112
q 1 8 17 
#c 8 17 green
# found/all 38 112
q 1 9 18 
#c 9 18 green
# found/all 39 112
q 1 9 19 
#c 9 19 green
# found/all 40 112
q 1 8 16 
q 1 9 17 
#c 9 17 green
# found/all 41 112
q 1 10 18 
q 1 10 19 
q 1 9 16 
#c 9 16 green
# found/all 42 112
q 1 10 17 
#c 10 17 green
# found/all 43 112
q 1 9 15 
q 1 10 16 
#c 10 16 green
# found/all 44 112
q 1 11 17 
#c 11 17 green
# found/all 45 112
q 1 10 15 
q 1 11 16 
#c 11 16 green
# found/all 46 112
q 1 11 18 
#c 11 18 green
# found/all 47 112
q 1 12 17 
#c 12 17 green
# found/all 48 112
q 1 11 15 
q 1 12 16 
q 1 11 19 
q 1 12 18 
#c 12 18 green
# found/all 49 112
q 1 13 17 
#c 13 17 green
# found/all 50 112
q 1 12 19 
#c 12 19 green
# found/all 51 112
q 1 13 18 
#c 13 18 green
# found/all 52 112
q 1 13 16 
#c 13 16 green
# found/all 53 112
q 1 14 17 
q 1 13 19 
#c 13 19 green
# found/all 54 112
q 1 14 18 
#c 14 18 green
# found/all 55 112
q 1 13 15 
#c 13 15 green
# found/all 56 112
q 1 14 16 
q 1 14 19 
q 1 15 18 
q 1 12 15 
#c 12 15 green
# found/all 57 112
q 1 13 14 
#c 13 14 green
# found/all 58 112
q 1 14 15 
q 1 12 14 
q 1 13 13 
#c 13 13 green
# found/all 59 112
q 1 14 14 
#c 14 14 green
# found/all 60 112
q 1 12 13 
#c 12 13 green
# found/all 61 112
q 1 13 12 
q 1 14 13 
q 1 15 14 
q 1 11 13 
q 1 12 12 
q 4 6 12 6 13 7 12 7 13 
q 4 6 14 6 15 7 14 7 15 
q 16 4 16 4 17 4 18 4 19 5 16 5 17 5 18 5 19 6 16 6 17 6 18 6 19 7 16 7 17 7 18 7 19 
# SUM >= 2
# SUM >= 2
q 16 8 0 8 1 8 2 8 3 9 0 9 1 9 2 9 3 10 0 10 1 10 2 10 3 11 0 11 1 11 2 11 3 
q 4 8 0 8 1 9 0 9 1 
q 4 8 2 8 3 9 2 9 3 
q 4 10 0 10 1 11 0 11 1 
q 4 10 2 10 3 11 2 11 3 
q 1 10 2 
#c 10 2 green
# searchh
q 1 9 2 
q 1 10 1 
#c 10 1 green
# found/all 63 112
q 1 10 3 
#c 10 3 green
# found/all 65 112
q 1 11 2 
q 1 9 1 
q 1 10 0 
q 1 11 1 
q 1 9 3 
q 1 10 4 
#c 10 4 green
# found/all 66 112
q 1 11 3 
#c 11 3 green
# found/all 68 112
q 1 9 4 
q 1 10 5 
#c 10 5 green
# found/all 69 112
q 1 11 4 
#c 11 4 green
# found/all 70 112
q 1 12 3 
q 1 9 5 
q 1 10 6 
q 1 11 5 
#c 11 5 green
# found/all 71 112
q 1 12 4 
q 1 11 6 
q 1 12 5 
#c 12 5 green
# found/all 72 112
q 1 12 6 
q 1 13 5 
#c 13 5 green
# found/all 73 112
q 1 13 4 
#c 13 4 green
# found/all 74 112
q 1 13 6 
#c 13 6 green
# found/all 75 112
q 1 14 5 
#c 14 5 green
# found/all 76 112
q 1 13 3 
q 1 14 4 
q 1 13 7 
#c 13 7 green
# found/all 77 112
q 1 14 6 
#c 14 6 green
# found/all 78 112
q 1 15 5 
q 1 12 7 
q 1 13 8 
#c 13 8 green
# found/all 79 112
q 1 14 7 
#c 14 7 green
# found/all 80 112
q 1 15 6 
#c 15 6 green
# found/all 81 112
q 1 12 8 
q 1 13 9 
q 1 14 8 
q 1 15 7 
q 1 16 6 
#c 16 6 green
# found/all 82 112
q 1 16 5 
#c 16 5 green
# found/all 84 112
q 1 16 7 
#c 16 7 green
# found/all 85 112
q 1 17 6 
q 1 16 4 
#c 16 4 green
# found/all 86 112
q 1 17 5 
#c 17 5 green
# found/all 87 112
q 1 16 8 
#c 16 8 green
# found/all 88 112
q 1 17 7 
#c 17 7 green
# found/all 89 112
q 1 15 4 
q 1 16 3 
q 1 17 4 
#c 17 4 green
# found/all 90 112
q 1 18 5 
#c 18 5 green
# found/all 91 112
q 1 15 8 
q 1 16 9 
q 1 17 8 
#c 17 8 green
# found/all 93 112
q 1 18 7 
#c 18 7 green
# found/all 94 112
q 1 17 3 
q 1 18 4 
q 1 18 6 
#c 18 6 green
# found/all 96 112
q 1 19 5 
q 1 17 9 
#c 17 9 green
# found/all 97 112
q 1 18 8 
#c 18 8 green
# found/all 98 112
q 1 19 7 
#c 19 7 green
# found/all 99 112
q 1 19 6 
#c 19 6 green
# found/all 100 112
q 1 17 10 
#c 17 10 green
# found/all 101 112
q 1 18 9 
q 1 19 8 
q 1 16 10 
q 1 17 11 
#c 17 11 green
# found/all 102 112
q 1 18 10 
q 1 16 11 
#c 16 11 green
# found/all 103 112
q 1 17 12 
#c 17 12 green
# found/all 104 112
q 1 18 11 
#c 18 11 green
# found/all 105 112
q 1 15 11 
q 1 16 12 
q 1 17 13 
q 1 18 12 
#c 18 12 green
# found/all 106 112
q 1 19 11 
#c 19 11 green
# found/all 107 112
q 1 18 13 
q 1 19 12 
#c 19 12 green
# found/all 108 112
q 1 19 10 
q 1 19 13 
q 16 8 4 8 5 8 6 8 7 9 4 9 5 9 6 9 7 10 4 10 5 10 6 10 7 11 4 11 5 11 6 11 7 
q 4 8 4 8 5 9 4 9 5 
q 4 8 6 8 7 9 6 9 7 
# SUM >= 2
q 16 8 8 8 9 8 10 8 11 9 8 9 9 9 10 9 11 10 8 10 9 10 10 10 11 11 8 11 9 11 10 11 11 
q 16 8 12 8 13 8 14 8 15 9 12 9 13 9 14 9 15 10 12 10 13 10 14 10 15 11 12 11 13 11 14 11 15 
q 16 8 16 8 17 8 18 8 19 9 16 9 17 9 18 9 19 10 16 10 17 10 18 10 19 11 16 11 17 11 18 11 19 
# SUM >= 2
# SUM >= 2
q 16 12 0 12 1 12 2 12 3 13 0 13 1 13 2 13 3 14 0 14 1 14 2 14 3 15 0 15 1 15 2 15 3 
q 16 12 4 12 5 12 6 12 7 13 4 13 5 13 6 13 7 14 4 14 5 14 6 14 7 15 4 15 5 15 6 15 7 
# SUM >= 2
q 4 14 4 14 5 15 4 15 5 
# SUM >= 2
q 16 12 8 12 9 12 10 12 11 13 8 13 9 13 10 13 11 14 8 14 9 14 10 14 11 15 8 15 9 15 10 15 11 
q 16 12 12 12 13 12 14 12 15 13 12 13 13 13 14 13 15 14 12 14 13 14 14 14 15 15 12 15 13 15 14 15 15 
# SUM >= 2
q 4 14 12 14 13 15 12 15 13 
q 4 14 14 14 15 15 14 15 15 
q 16 12 16 12 17 12 18 12 19 13 16 13 17 13 18 13 19 14 16 14 17 14 18 14 19 15 16 15 17 15 18 15 19 
# SUM >= 2
q 4 14 16 14 17 15 16 15 17 
q 4 14 18 14 19 15 18 15 19 
q 16 16 0 16 1 16 2 16 3 17 0 17 1 17 2 17 3 18 0 18 1 18 2 18 3 19 0 19 1 19 2 19 3 
q 16 16 4 16 5 16 6 16 7 17 4 17 5 17 6 17 7 18 4 18 5 18 6 18 7 19 4 19 5 19 6 19 7 
# SUM >= 2
q 4 18 4 18 5 19 4 19 5 
# SUM >= 2
q 16 16 8 16 9 16 10 16 11 17 8 17 9 17 10 17 11 18 8 18 9 18 10 18 11 19 8 19 9 19 10 19 11 
# SUM >= 2
q 4 18 8 18 9 19 8 19 9 
# SUM >= 2
q 16 16 12 16 13 16 14 16 15 17 12 17 13 17 14 17 15 18 12 18 13 18 14 18 15 19 12 19 13 19 14 19 15 
q 4 16 12 16 13 17 12 17 13 
q 4 16 14 16 15 17 14 17 15 
# SUM >= 2
q 16 16 16 16 17 16 18 16 19 17 16 17 17 17 18 17 19 18 16 18 17 18 18 18 19 19 16 19 17 19 18 19 19 
q 4 16 16 16 17 17 16 17 17 
q 4 16 18 16 19 17 18 17 19 
q 4 18 16 18 17 19 16 19 17 
q 1 18 16 
q 1 18 17 
q 1 19 16 
#c 19 16 green
# searchh
q 1 19 15 
#c 19 15 green
# found/all 110 112
q 1 19 17 
#c 19 17 green
# found/all 111 112
q 1 18 15 
#c 18 15 green
# found/all 112 112
a 99 4 2 3 2 4 1 4 3 4 9 3 9 5 9 5 8 5 7 4 15 4 16 5 15 4 17 5 16 5 14 4 18 5 17 6 16 4 19 5 18 6 17 3 19 5 19 6 18 6 19 7 18 7 19 8 18 8 19 8 17 9 18 9 19 9 17 9 16 10 17 10 16 11 17 11 16 11 18 12 17 12 18 13 17 12 19 13 18 13 16 13 19 14 18 13 15 12 15 13 14 13 13 14 14 12 13 10 2 10 1 10 3 10 4 11 3 10 5 11 4 11 5 12 5 13 5 13 4 13 6 14 5 13 7 14 6 13 8 14 7 15 6 16 6 16 5 16 7 16 4 17 5 16 8 17 7 17 4 18 5 17 8 18 7 18 6 17 9 18 8 19 7 19 6 17 10 17 11 16 11 17 12 18 11 18 12 19 11 19 12 19 16 19 15 19 17 18 15 
