# [[0, 0], [0, 1], [0, 2], [1, 0], [1, 1]]
# [[0, 1], [0, 2], [1, 0], [1, 1], [1, 2]]
# [[0, 0], [0, 1], [0, 2], [0, 3], [1, 2]]
# [[0, 1], [1, 0], [1, 1], [1, 2], [2, 2]]
# [[0, 0], [0, 1], [1, 0], [1, 1], [2, 0]]
# [[0, 1], [0, 2], [1, 0], [1, 1], [1, 2]]
# [[0, 0], [0, 1], [0, 2], [1, 1], [1, 2]]
# [[0, 0], [1, 0], [1, 1], [2, 0], [3, 0]]
# [[0, 0], [0, 1], [0, 2], [1, 1], [2, 1]]
# [[0, 2], [1, 0], [1, 1], [1, 2], [2, 1]]
# [[0, 0], [0, 1], [1, 0], [2, 0], [3, 0]]
# [[0, 0], [1, 0], [1, 1], [1, 2], [2, 1]]
# [[0, 0], [0, 1], [1, 0], [1, 1], [2, 0]]
# [[0, 0], [0, 1], [0, 2], [0, 3], [1, 2]]
# [[0, 2], [1, 0], [1, 1], [1, 2], [2, 2]]
q 16 0 0 0 1 0 2 0 3 1 0 1 1 1 2 1 3 2 0 2 1 2 2 2 3 3 0 3 1 3 2 3 3 
q 4 0 0 0 1 1 0 1 1 
q 4 0 2 0 3 1 2 1 3 
q 4 2 0 2 1 3 0 3 1 
q 4 2 2 2 3 3 2 3 3 
q 1 2 2 
#c 2 2 green
# searchh
q 1 1 2 
q 1 2 1 
q 1 2 3 
#c 2 3 green
# found/all 2 75
q 1 3 2 
#c 3 2 green
# found/all 3 75
q 1 1 3 
q 1 2 4 
q 1 3 3 
#c 3 3 green
# found/all 4 75
q 1 3 1 
q 1 4 2 
#c 4 2 green
# found/all 5 75
q 1 3 4 
q 1 4 3 
q 1 4 1 
q 1 5 2 
q 16 0 4 0 5 0 6 0 7 1 4 1 5 1 6 1 7 2 4 2 5 2 6 2 7 3 4 3 5 3 6 3 7 
q 4 0 4 0 5 1 4 1 5 
q 4 0 6 0 7 1 6 1 7 
q 4 2 4 2 5 3 4 3 5 
q 4 2 6 2 7 3 6 3 7 
q 16 0 8 0 9 0 10 0 11 1 8 1 9 1 10 1 11 2 8 2 9 2 10 2 11 3 8 3 9 3 10 3 11 
q 4 0 8 0 9 1 8 1 9 
q 4 0 10 0 11 1 10 1 11 
q 4 2 8 2 9 3 8 3 9 
q 4 2 10 2 11 3 10 3 11 
q 16 0 12 0 13 0 14 0 15 1 12 1 13 1 14 1 15 2 12 2 13 2 14 2 15 3 12 3 13 3 14 3 15 
q 4 0 12 0 13 1 12 1 13 
q 4 0 14 0 15 1 14 1 15 
q 1 0 14 
q 1 0 15 
q 1 1 14 
q 1 1 15 
q 4 2 12 2 13 3 12 3 13 
q 1 2 12 
#c 2 12 green
# searchh
q 1 1 12 
q 1 2 11 
q 1 2 13 
#c 2 13 green
# found/all 8 75
q 1 3 12 
#c 3 12 green
# found/all 10 75
q 1 1 13 
q 1 2 14 
#c 2 14 green
# found/all 11 75
q 1 3 13 
#c 3 13 green
# found/all 13 75
q 1 3 11 
#c 3 11 green
# found/all 14 75
q 1 4 12 
q 1 2 15 
q 1 3 14 
q 1 4 13 
#c 4 13 green
# found/all 15 75
q 1 3 10 
q 1 4 11 
q 1 4 14 
q 1 5 13 
q 4 2 14 2 15 3 14 3 15 
q 8 0 16 0 17 1 16 1 17 2 16 2 17 3 16 3 17 
q 16 4 0 4 1 4 2 4 3 5 0 5 1 5 2 5 3 6 0 6 1 6 2 6 3 7 0 7 1 7 2 7 3 
q 4 4 0 4 1 5 0 5 1 
q 4 4 2 4 3 5 2 5 3 
q 4 6 0 6 1 7 0 7 1 
q 4 6 2 6 3 7 2 7 3 
q 16 4 4 4 5 4 6 4 7 5 4 5 5 5 6 5 7 6 4 6 5 6 6 6 7 7 4 7 5 7 6 7 7 
q 4 4 4 4 5 5 4 5 5 
q 4 4 6 4 7 5 6 5 7 
q 1 4 6 
q 1 4 7 
q 1 5 6 
#c 5 6 green
# searchh
q 1 5 5 
q 1 5 7 
#c 5 7 green
# found/all 17 75
q 1 6 6 
#c 6 6 green
# found/all 18 75
q 1 5 8 
q 1 6 7 
q 1 6 5 
q 1 7 6 
#c 7 6 green
# found/all 19 75
q 1 7 5 
q 1 7 7 
q 1 8 6 
#c 8 6 green
# found/all 20 75
q 1 8 5 
q 1 8 7 
#c 8 7 green
# found/all 21 75
q 1 9 6 
q 1 8 8 
#c 8 8 green
# found/all 22 75
q 1 9 7 
#c 9 7 green
# found/all 23 75
q 1 7 8 
q 1 8 9 
#c 8 9 green
# found/all 24 75
q 1 9 8 
#c 9 8 green
# found/all 25 75
q 1 10 7 
q 1 7 9 
q 1 8 10 
#c 8 10 green
# found/all 27 75
q 1 9 9 
#c 9 9 green
# found/all 28 75
q 1 10 8 
#c 10 8 green
# found/all 31 75
q 1 7 10 
#c 7 10 green
# found/all 33 75
q 1 8 11 
q 1 9 10 
#c 9 10 green
# found/all 35 75
q 1 10 9 
#c 10 9 green
# found/all 37 75
q 1 11 8 
#c 11 8 green
# found/all 38 75
q 1 6 10 
#c 6 10 green
# found/all 39 75
q 1 7 11 
#c 7 11 green
# found/all 40 75
q 1 9 11 
q 1 10 10 
#c 10 10 green
# found/all 42 75
q 1 11 9 
#c 11 9 green
# found/all 43 75
q 1 11 7 
#c 11 7 green
# found/all 44 75
q 1 12 8 
q 1 5 10 
q 1 6 9 
q 1 6 11 
q 1 7 12 
q 1 10 11 
#c 10 11 green
# found/all 45 75
q 1 11 10 
#c 11 10 green
# found/all 46 75
q 1 12 9 
#c 12 9 green
# found/all 47 75
q 1 11 6 
#c 11 6 green
# found/all 48 75
q 1 12 7 
#c 12 7 green
# found/all 49 75
q 1 10 12 
q 1 11 11 
q 1 12 10 
q 1 13 9 
q 1 10 6 
q 1 11 5 
#c 11 5 green
# found/all 50 75
q 1 12 6 
q 1 13 7 
q 1 10 5 
q 1 11 4 
q 1 12 5 
q 4 6 4 6 5 7 4 7 5 
# SUM >= 2
q 16 4 8 4 9 4 10 4 11 5 8 5 9 5 10 5 11 6 8 6 9 6 10 6 11 7 8 7 9 7 10 7 11 
q 4 4 8 4 9 5 8 5 9 
q 4 4 10 4 11 5 10 5 11 
q 4 6 8 6 9 7 8 7 9 
# SUM >= 2
q 16 4 12 4 13 4 14 4 15 5 12 5 13 5 14 5 15 6 12 6 13 6 14 6 15 7 12 7 13 7 14 7 15 
q 4 4 12 4 13 5 12 5 13 
q 4 4 14 4 15 5 14 5 15 
q 4 6 12 6 13 7 12 7 13 
q 4 6 14 6 15 7 14 7 15 
q 8 4 16 4 17 5 16 5 17 6 16 6 17 7 16 7 17 
q 4 4 16 4 17 5 16 5 17 
q 4 6 16 6 17 7 16 7 17 
q 1 6 16 
#c 6 16 green
# searchh
q 1 5 16 
q 1 6 15 
#c 6 15 green
# found/all 52 75
q 1 6 17 
#c 6 17 green
# found/all 53 75
q 1 7 16 
#c 7 16 green
# found/all 54 75
q 1 5 15 
q 1 6 14 
q 1 7 15 
q 1 5 17 
q 1 7 17 
#c 7 17 green
# found/all 55 75
q 1 8 16 
q 1 8 17 
q 16 8 0 8 1 8 2 8 3 9 0 9 1 9 2 9 3 10 0 10 1 10 2 10 3 11 0 11 1 11 2 11 3 
q 4 8 0 8 1 9 0 9 1 
q 1 8 0 
#c 8 0 green
# searchh
q 1 7 0 
q 1 8 1 
#c 8 1 green
# found/all 57 75
q 1 9 0 
#c 9 0 green
# found/all 58 75
q 1 7 1 
q 1 8 2 
q 1 9 1 
#c 9 1 green
# found/all 59 75
q 1 10 0 
#c 10 0 green
# found/all 60 75
q 1 9 2 
q 1 10 1 
q 1 11 0 
q 4 8 2 8 3 9 2 9 3 
q 4 10 0 10 1 11 0 11 1 
q 4 10 2 10 3 11 2 11 3 
q 16 8 4 8 5 8 6 8 7 9 4 9 5 9 6 9 7 10 4 10 5 10 6 10 7 11 4 11 5 11 6 11 7 
q 4 8 4 8 5 9 4 9 5 
q 1 8 4 
q 1 9 4 
q 1 9 5 
# SUM >= 2
q 4 10 4 10 5 11 4 11 5 
# SUM >= 2
q 16 8 8 8 9 8 10 8 11 9 8 9 9 9 10 9 11 10 8 10 9 10 10 10 11 11 8 11 9 11 10 11 11 
# SUM >= 2
# SUM >= 2
q 16 8 12 8 13 8 14 8 15 9 12 9 13 9 14 9 15 10 12 10 13 10 14 10 15 11 12 11 13 11 14 11 15 
q 8 8 16 8 17 9 16 9 17 10 16 10 17 11 16 11 17 
q 16 12 0 12 1 12 2 12 3 13 0 13 1 13 2 13 3 14 0 14 1 14 2 14 3 15 0 15 1 15 2 15 3 
q 4 12 0 12 1 13 0 13 1 
q 4 12 2 12 3 13 2 13 3 
q 4 14 0 14 1 15 0 15 1 
q 1 14 0 
q 1 14 1 
#c 14 1 green
# searchh
q 1 13 1 
q 1 14 2 
#c 14 2 green
# found/all 62 75
q 1 15 1 
#c 15 1 green
# found/all 63 75
q 1 13 2 
q 1 14 3 
q 1 15 2 
#c 15 2 green
# found/all 64 75
q 1 15 0 
#c 15 0 green
# found/all 65 75
q 1 16 1 
q 1 15 3 
q 1 16 2 
q 1 16 0 
# SUM >= 2
q 16 12 4 12 5 12 6 12 7 13 4 13 5 13 6 13 7 14 4 14 5 14 6 14 7 15 4 15 5 15 6 15 7 
q 4 12 4 12 5 13 4 13 5 
q 4 12 6 12 7 13 6 13 7 
q 1 13 6 
q 4 14 4 14 5 15 4 15 5 
q 4 14 6 14 7 15 6 15 7 
q 16 12 8 12 9 12 10 12 11 13 8 13 9 13 10 13 11 14 8 14 9 14 10 14 11 15 8 15 9 15 10 15 11 
q 4 12 8 12 9 13 8 13 9 
q 1 13 8 
q 4 12 10 12 11 13 10 13 11 
q 4 14 8 14 9 15 8 15 9 
q 4 14 10 14 11 15 10 15 11 
q 16 12 12 12 13 12 14 12 15 13 12 13 13 13 14 13 15 14 12 14 13 14 14 14 15 15 12 15 13 15 14 15 15 
q 4 12 12 12 13 13 12 13 13 
q 1 12 12 
#c 12 12 green
# searchh
q 1 11 12 
q 1 12 11 
q 1 12 13 
#c 12 13 green
# found/all 67 75
q 1 13 12 
#c 13 12 green
# found/all 68 75
q 1 11 13 
q 1 12 14 
q 1 13 13 
#c 13 13 green
# found/all 69 75
q 1 13 11 
#c 13 11 green
# found/all 70 75
q 1 14 12 
q 1 13 14 
q 1 14 13 
q 1 13 10 
q 1 14 11 
q 4 12 14 12 15 13 14 13 15 
q 4 14 12 14 13 15 12 15 13 
q 4 14 14 14 15 15 14 15 15 
q 8 12 16 12 17 13 16 13 17 14 16 14 17 15 16 15 17 
q 4 12 16 12 17 13 16 13 17 
q 4 14 16 14 17 15 16 15 17 
q 8 16 0 16 1 16 2 16 3 17 0 17 1 17 2 17 3 
q 4 16 0 16 1 17 0 17 1 
q 4 16 2 16 3 17 2 17 3 
q 8 16 4 16 5 16 6 16 7 17 4 17 5 17 6 17 7 
q 8 16 8 16 9 16 10 16 11 17 8 17 9 17 10 17 11 
q 8 16 12 16 13 16 14 16 15 17 12 17 13 17 14 17 15 
q 4 16 12 16 13 17 12 17 13 
q 4 16 14 16 15 17 14 17 15 
q 4 16 16 16 17 17 16 17 17 
q 4 16 16 16 17 17 16 17 17 
q 1 16 16 
#c 16 16 green
# searchh
q 1 15 16 
q 1 16 15 
#c 16 15 green
# found/all 72 75
q 1 16 17 
#c 16 17 green
# found/all 73 75
q 1 17 16 
#c 17 16 green
# found/all 74 75
q 1 15 15 
q 1 16 14 
q 1 17 15 
q 1 15 17 
#c 15 17 green
# found/all 75 75
a 65 2 2 2 3 3 2 3 3 4 2 2 12 2 13 3 12 2 14 3 13 3 11 4 13 5 6 5 7 6 6 7 6 8 6 8 7 8 8 9 7 8 9 9 8 8 10 9 9 10 8 7 10 9 10 10 9 11 8 6 10 7 11 10 10 11 9 11 7 10 11 11 10 12 9 11 6 12 7 11 5 6 16 6 15 6 17 7 16 7 17 8 0 8 1 9 0 9 1 10 0 14 1 14 2 15 1 15 2 15 0 12 12 12 13 13 12 13 13 13 11 16 16 16 15 16 17 17 16 15 17 
