# [[0, 0], [0, 1], [0, 3], [1, 1], [1, 3], [2, 1], [2, 2], [2, 3]]
# [[0, 0], [1, 0], [2, 0], [3, 0]]
# [[0, 0], [0, 1], [0, 2], [1, 2], [1, 3]]
# [[0, 1], [1, 1], [2, 0], [2, 1]]
# [[0, 2], [1, 0], [1, 1], [1, 2], [2, 0], [2, 1], [2, 2], [3, 0]]
# [[0, 1], [1, 0], [1, 1], [2, 0], [2, 1], [3, 1]]
# [[0, 1], [1, 1], [2, 1], [3, 0], [3, 1], [3, 2], [4, 1]]
# [[0, 0], [1, 0], [1, 1], [2, 0], [2, 1], [2, 2], [3, 1]]
# [[0, 1], [1, 1], [2, 0], [2, 1], [3, 1]]
# [[0, 0], [1, 0], [1, 1], [1, 2], [2, 0], [2, 1]]
# [[0, 0], [0, 1], [1, 1], [2, 1]]
# [[0, 0], [0, 1], [0, 2], [1, 0], [1, 1], [2, 1], [3, 1], [4, 1]]
# [[0, 2], [1, 0], [1, 1], [1, 2], [1, 3], [2, 3]]
# [[0, 1], [0, 2], [1, 0], [1, 1], [1, 2], [1, 3], [2, 0]]
# [[0, 0], [0, 1], [1, 0], [1, 1], [2, 1]]
# [[0, 0], [1, 0], [2, 0], [3, 0], [3, 1]]
# [[0, 1], [1, 1], [2, 0], [2, 1], [3, 1]]
# [[0, 0], [1, 0], [1, 1], [1, 2], [2, 0], [2, 2]]
q 16 0 0 0 1 0 2 0 3 1 0 1 1 1 2 1 3 2 0 2 1 2 2 2 3 3 0 3 1 3 2 3 3 
q 4 0 0 0 1 1 0 1 1 
q 4 0 2 0 3 1 2 1 3 
q 4 2 0 2 1 3 0 3 1 
q 1 2 0 
q 1 2 1 
q 1 3 0 
q 1 3 1 
q 4 2 2 2 3 3 2 3 3 
q 1 2 2 
q 1 2 3 
q 1 3 2 
q 1 3 3 
#c 3 3 green
# searchh
q 1 3 4 
#c 3 4 green
# found/all 2 106
q 1 4 3 
#c 4 3 green
# found/all 3 106
q 1 2 4 
q 1 3 5 
q 1 4 4 
#c 4 4 green
# found/all 4 106
q 1 4 2 
#c 4 2 green
# found/all 5 106
q 1 5 3 
q 1 4 5 
#c 4 5 green
# found/all 7 106
q 1 5 4 
q 1 4 1 
q 1 5 2 
#c 5 2 green
# found/all 9 106
q 1 4 6 
q 1 5 5 
#c 5 5 green
# found/all 10 106
q 1 5 1 
#c 5 1 green
# found/all 11 106
q 1 6 2 
#c 6 2 green
# found/all 12 106
q 1 5 6 
q 1 6 5 
#c 6 5 green
# found/all 13 106
q 1 5 0 
#c 5 0 green
# found/all 14 106
q 1 6 1 
q 1 6 3 
q 1 7 2 
#c 7 2 green
# found/all 15 106
q 1 6 4 
#c 6 4 green
# found/all 16 106
q 1 6 6 
q 1 7 5 
#c 7 5 green
# found/all 17 106
q 1 4 0 
#c 4 0 green
# found/all 18 106
q 1 6 0 
#c 6 0 green
# found/all 20 106
q 1 7 1 
#c 7 1 green
# found/all 21 106
q 1 7 3 
q 1 8 2 
q 1 7 4 
q 1 7 6 
q 1 8 5 
q 1 7 0 
#c 7 0 green
# found/all 22 106
q 1 8 1 
#c 8 1 green
# found/all 23 106
q 1 8 0 
#c 8 0 green
# found/all 24 106
q 1 9 1 
q 1 9 0 
q 16 0 4 0 5 0 6 0 7 1 4 1 5 1 6 1 7 2 4 2 5 2 6 2 7 3 4 3 5 3 6 3 7 
q 4 0 4 0 5 1 4 1 5 
q 4 0 6 0 7 1 6 1 7 
q 4 2 4 2 5 3 4 3 5 
q 1 2 5 
q 4 2 6 2 7 3 6 3 7 
q 16 0 8 0 9 0 10 0 11 1 8 1 9 1 10 1 11 2 8 2 9 2 10 2 11 3 8 3 9 3 10 3 11 
q 4 0 8 0 9 1 8 1 9 
q 4 0 10 0 11 1 10 1 11 
q 4 2 8 2 9 3 8 3 9 
q 4 2 10 2 11 3 10 3 11 
q 1 2 10 
q 1 2 11 
q 1 3 10 
q 1 3 11 
q 16 0 12 0 13 0 14 0 15 1 12 1 13 1 14 1 15 2 12 2 13 2 14 2 15 3 12 3 13 3 14 3 15 
q 4 0 12 0 13 1 12 1 13 
q 4 0 14 0 15 1 14 1 15 
q 4 2 12 2 13 3 12 3 13 
q 4 2 14 2 15 3 14 3 15 
q 12 0 16 0 17 0 18 1 16 1 17 1 18 2 16 2 17 2 18 3 16 3 17 3 18 
q 16 4 0 4 1 4 2 4 3 5 0 5 1 5 2 5 3 6 0 6 1 6 2 6 3 7 0 7 1 7 2 7 3 
# SUM >= 2
# SUM >= 2
q 16 4 4 4 5 4 6 4 7 5 4 5 5 5 6 5 7 6 4 6 5 6 6 6 7 7 4 7 5 7 6 7 7 
# SUM >= 2
# SUM >= 2
q 16 4 8 4 9 4 10 4 11 5 8 5 9 5 10 5 11 6 8 6 9 6 10 6 11 7 8 7 9 7 10 7 11 
q 4 4 8 4 9 5 8 5 9 
q 1 4 8 
q 1 4 9 
q 1 5 8 
q 1 5 9 
q 4 4 10 4 11 5 10 5 11 
q 4 6 8 6 9 7 8 7 9 
q 4 6 10 6 11 7 10 7 11 
q 16 4 12 4 13 4 14 4 15 5 12 5 13 5 14 5 15 6 12 6 13 6 14 6 15 7 12 7 13 7 14 7 15 
q 4 4 12 4 13 5 12 5 13 
q 1 4 12 
q 1 4 13 
q 1 5 12 
q 1 5 13 
q 4 4 14 4 15 5 14 5 15 
q 4 6 12 6 13 7 12 7 13 
q 4 6 14 6 15 7 14 7 15 
q 1 6 14 
q 1 6 15 
#c 6 15 green
# searchh
q 1 5 15 
#c 5 15 green
# found/all 26 106
q 1 6 16 
#c 6 16 green
# found/all 27 106
q 1 7 15 
q 1 4 15 
q 1 5 14 
q 1 5 16 
#c 5 16 green
# found/all 28 106
q 1 6 17 
q 1 7 16 
#c 7 16 green
# found/all 29 106
q 1 4 16 
q 1 5 17 
#c 5 17 green
# found/all 30 106
q 1 7 17 
#c 7 17 green
# found/all 31 106
q 1 8 16 
#c 8 16 green
# found/all 34 106
q 1 4 17 
q 1 5 18 
q 1 7 18 
q 1 8 17 
#c 8 17 green
# found/all 35 106
q 1 8 15 
q 1 9 16 
#c 9 16 green
# found/all 39 106
q 1 8 18 
q 1 9 17 
#c 9 17 green
# found/all 40 106
q 1 9 15 
q 1 10 16 
#c 10 16 green
# found/all 42 106
q 1 9 18 
q 1 10 17 
q 1 10 15 
#c 10 15 green
# found/all 44 106
q 1 11 16 
#c 11 16 green
# found/all 45 106
q 1 10 14 
#c 10 14 green
# found/all 47 106
q 1 11 15 
q 1 11 17 
q 1 12 16 
q 1 9 14 
#c 9 14 green
# found/all 48 106
q 1 10 13 
#c 10 13 green
# found/all 49 106
q 1 11 14 
#c 11 14 green
# found/all 50 106
q 1 8 14 
#c 8 14 green
# found/all 51 106
q 1 9 13 
#c 9 13 green
# found/all 52 106
q 1 10 12 
q 1 11 13 
#c 11 13 green
# found/all 53 106
q 1 12 14 
#c 12 14 green
# found/all 54 106
q 1 7 14 
q 1 8 13 
#c 8 13 green
# found/all 56 106
q 1 9 12 
q 1 11 12 
#c 11 12 green
# found/all 57 106
q 1 12 13 
#c 12 13 green
# found/all 58 106
q 1 12 15 
q 1 13 14 
#c 13 14 green
# found/all 60 106
q 1 7 13 
#c 7 13 green
# found/all 61 106
q 1 8 12 
q 1 11 11 
q 1 12 12 
#c 12 12 green
# found/all 62 106
q 1 13 13 
#c 13 13 green
# found/all 64 106
q 1 13 15 
#c 13 15 green
# found/all 65 106
q 1 14 14 
#c 14 14 green
# found/all 68 106
q 1 6 13 
q 1 7 12 
q 1 12 11 
q 1 13 12 
#c 13 12 green
# found/all 69 106
q 1 14 13 
q 1 13 16 
#c 13 16 green
# found/all 71 106
q 1 14 15 
#c 14 15 green
# found/all 74 106
q 1 15 14 
#c 15 14 green
# found/all 75 106
q 1 13 11 
#c 13 11 green
# found/all 76 106
q 1 14 12 
q 1 13 17 
q 1 14 16 
#c 14 16 green
# found/all 78 106
q 1 15 15 
#c 15 15 green
# found/all 79 106
q 1 15 13 
q 1 16 14 
#c 16 14 green
# found/all 80 106
q 1 13 10 
q 1 14 11 
#c 14 11 green
# found/all 81 106
q 1 14 17 
#c 14 17 green
# found/all 82 106
q 1 15 16 
#c 15 16 green
# found/all 83 106
q 1 16 15 
q 1 16 13 
q 1 17 14 
q 1 14 10 
#c 14 10 green
# found/all 84 106
q 1 15 11 
#c 15 11 green
# found/all 85 106
q 1 14 18 
q 1 15 17 
#c 15 17 green
# found/all 86 106
q 1 16 16 
q 1 14 9 
q 1 15 10 
#c 15 10 green
# found/all 87 106
q 1 15 12 
q 1 16 11 
#c 16 11 green
# found/all 88 106
q 1 15 18 
q 1 16 17 
q 1 15 9 
q 1 16 10 
q 1 16 12 
q 1 17 11 
q 12 4 16 4 17 4 18 5 16 5 17 5 18 6 16 6 17 6 18 7 16 7 17 7 18 
# SUM >= 2
# SUM >= 2
q 16 8 0 8 1 8 2 8 3 9 0 9 1 9 2 9 3 10 0 10 1 10 2 10 3 11 0 11 1 11 2 11 3 
# SUM >= 2
q 4 10 0 10 1 11 0 11 1 
q 4 10 2 10 3 11 2 11 3 
q 16 8 4 8 5 8 6 8 7 9 4 9 5 9 6 9 7 10 4 10 5 10 6 10 7 11 4 11 5 11 6 11 7 
q 4 8 4 8 5 9 4 9 5 
q 1 8 4 
q 1 9 4 
q 1 9 5 
q 4 8 6 8 7 9 6 9 7 
q 1 8 6 
q 1 8 7 
#c 8 7 green
# searchh
q 1 7 7 
#c 7 7 green
# found/all 90 106
q 1 8 8 
#c 8 8 green
# found/all 91 106
q 1 9 7 
#c 9 7 green
# found/all 92 106
q 1 6 7 
q 1 7 8 
q 1 8 9 
q 1 9 8 
#c 9 8 green
# found/all 93 106
q 1 9 6 
q 1 10 7 
q 1 9 9 
#c 9 9 green
# found/all 94 106
q 1 10 8 
#c 10 8 green
# found/all 95 106
q 1 9 10 
q 1 10 9 
q 1 11 8 
q 4 10 4 10 5 11 4 11 5 
q 4 10 6 10 7 11 6 11 7 
q 16 8 8 8 9 8 10 8 11 9 8 9 9 9 10 9 11 10 8 10 9 10 10 10 11 11 8 11 9 11 10 11 11 
# SUM >= 2
q 4 10 8 10 9 11 8 11 9 
q 1 11 9 
q 4 10 10 10 11 11 10 11 11 
q 16 8 12 8 13 8 14 8 15 9 12 9 13 9 14 9 15 10 12 10 13 10 14 10 15 11 12 11 13 11 14 11 15 
# SUM >= 2
# SUM >= 2
q 12 8 16 8 17 8 18 9 16 9 17 9 18 10 16 10 17 10 18 11 16 11 17 11 18 
# SUM >= 2
# SUM >= 2
q 16 12 0 12 1 12 2 12 3 13 0 13 1 13 2 13 3 14 0 14 1 14 2 14 3 15 0 15 1 15 2 15 3 
q 4 12 0 12 1 13 0 13 1 
q 4 12 2 12 3 13 2 13 3 
q 1 12 2 
#c 12 2 green
# searchh
q 1 11 2 
q 1 12 1 
q 1 12 3 
#c 12 3 green
# found/all 97 106
q 1 13 2 
q 1 11 3 
#c 11 3 green
# found/all 98 106
q 1 12 4 
#c 12 4 green
# found/all 99 106
q 1 13 3 
#c 13 3 green
# found/all 100 106
q 1 10 3 
#c 10 3 green
# found/all 101 106
q 1 11 4 
q 1 12 5 
q 1 13 4 
q 1 14 3 
#c 14 3 green
# found/all 102 106
q 1 9 3 
#c 9 3 green
# found/all 103 106
q 1 10 2 
q 1 10 4 
q 1 14 2 
#c 14 2 green
# found/all 104 106
q 1 14 4 
q 1 15 3 
#c 15 3 green
# found/all 105 106
q 1 8 3 
q 1 9 2 
q 1 14 1 
q 1 15 2 
q 1 15 4 
q 1 16 3 
#c 16 3 green
# found/all 106 106
a 86 3 3 3 4 4 3 4 4 4 2 4 5 5 2 5 5 5 1 6 2 6 5 5 0 7 2 6 4 7 5 4 0 6 0 7 1 7 0 8 1 8 0 6 15 5 15 6 16 5 16 7 16 5 17 7 17 8 16 8 17 9 16 9 17 10 16 10 15 11 16 10 14 9 14 10 13 11 14 8 14 9 13 11 13 12 14 8 13 11 12 12 13 13 14 7 13 12 12 13 13 13 15 14 14 13 12 13 16 14 15 15 14 13 11 14 16 15 15 16 14 14 11 14 17 15 16 14 10 15 11 15 17 15 10 16 11 8 7 7 7 8 8 9 7 9 8 9 9 10 8 12 2 12 3 11 3 12 4 13 3 10 3 14 3 9 3 14 2 15 3 16 3 
