# [[0, 0], [0, 1], [0, 2], [1, 1], [1, 3], [2, 0], [2, 1], [2, 2], [2, 3], [3, 0], [3, 1]]
# [[0, 1], [0, 2], [1, 2], [1, 3], [1, 4], [1, 5], [2, 0], [2, 1], [2, 2], [2, 4], [2, 5], [3, 1], [3, 2]]
# [[0, 2], [1, 0], [1, 1], [1, 2], [2, 2], [2, 3], [3, 2], [3, 3], [4, 2], [4, 3], [4, 4], [5, 3]]
# [[0, 2], [0, 3], [1, 2], [1, 3], [1, 4], [1, 5], [2, 1], [2, 2], [2, 4], [2, 5], [3, 0], [3, 1], [3, 5]]
# [[0, 0], [0, 1], [0, 2], [0, 3], [0, 4], [1, 0], [1, 1], [1, 2], [1, 3], [1, 4], [2, 1], [2, 2]]
# [[0, 1], [1, 0], [1, 1], [1, 2], [1, 4], [2, 2], [2, 3], [2, 4], [2, 5], [3, 2], [3, 3]]
# [[0, 2], [1, 1], [1, 2], [2, 0], [2, 1], [2, 2], [2, 3], [2, 4], [3, 1], [3, 2], [3, 3], [3, 4], [4, 3]]
# [[0, 2], [0, 3], [1, 1], [1, 3], [2, 0], [2, 1], [2, 2], [2, 3], [3, 0], [3, 1], [4, 1]]
# [[0, 2], [1, 0], [1, 2], [2, 0], [2, 1], [2, 2], [2, 3], [3, 2], [4, 1], [4, 2], [4, 3]]
q 16 0 0 0 1 0 2 0 3 1 0 1 1 1 2 1 3 2 0 2 1 2 2 2 3 3 0 3 1 3 2 3 3 
q 16 0 4 0 5 0 6 0 7 1 4 1 5 1 6 1 7 2 4 2 5 2 6 2 7 3 4 3 5 3 6 3 7 
q 16 0 8 0 9 0 10 0 11 1 8 1 9 1 10 1 11 2 8 2 9 2 10 2 11 3 8 3 9 3 10 3 11 
q 4 0 8 0 9 1 8 1 9 
q 4 0 10 0 11 1 10 1 11 
q 4 2 8 2 9 3 8 3 9 
q 4 2 10 2 11 3 10 3 11 
q 1 2 10 
#c 2 10 green
# searchh
q 1 1 10 
q 1 2 9 
q 1 2 11 
#c 2 11 green
# found/all 2 107
q 1 3 10 
q 1 1 11 
q 1 2 12 
#c 2 12 green
# found/all 3 107
q 1 3 11 
#c 3 11 green
# found/all 4 107
q 1 1 12 
q 1 2 13 
q 1 3 12 
q 1 4 11 
#c 4 11 green
# found/all 5 107
q 1 4 10 
#c 4 10 green
# found/all 6 107
q 1 4 12 
#c 4 12 green
# found/all 7 107
q 1 5 11 
#c 5 11 green
# found/all 8 107
q 1 4 9 
q 1 5 10 
#c 5 10 green
# found/all 9 107
q 1 4 13 
#c 4 13 green
# found/all 10 107
q 1 5 12 
q 1 6 11 
#c 6 11 green
# found/all 11 107
q 1 5 9 
q 1 6 10 
#c 6 10 green
# found/all 13 107
q 1 3 13 
#c 3 13 green
# found/all 14 107
q 1 4 14 
q 1 5 13 
q 1 6 12 
q 1 7 11 
#c 7 11 green
# found/all 15 107
q 1 6 9 
q 1 7 10 
#c 7 10 green
# found/all 16 107
q 1 3 14 
q 1 7 12 
q 1 8 11 
#c 8 11 green
# found/all 18 107
q 1 7 9 
#c 7 9 green
# found/all 19 107
q 1 8 10 
#c 8 10 green
# found/all 21 107
q 1 8 12 
q 1 9 11 
q 1 7 8 
#c 7 8 green
# found/all 22 107
q 1 8 9 
#c 8 9 green
# found/all 24 107
q 1 9 10 
#c 9 10 green
# found/all 25 107
q 1 6 8 
q 1 7 7 
q 1 8 8 
#c 8 8 green
# found/all 27 107
q 1 9 9 
#c 9 9 green
# found/all 28 107
q 1 10 10 
#c 10 10 green
# found/all 29 107
q 1 8 7 
q 1 9 8 
#c 9 8 green
# found/all 30 107
q 1 10 9 
#c 10 9 green
# found/all 32 107
q 1 10 11 
#c 10 11 green
# found/all 33 107
q 1 11 10 
q 1 9 7 
q 1 10 8 
q 1 11 9 
q 1 10 12 
q 1 11 11 
q 16 0 12 0 13 0 14 0 15 1 12 1 13 1 14 1 15 2 12 2 13 2 14 2 15 3 12 3 13 3 14 3 15 
q 16 0 16 0 17 0 18 0 19 1 16 1 17 1 18 1 19 2 16 2 17 2 18 2 19 3 16 3 17 3 18 3 19 
q 16 4 0 4 1 4 2 4 3 5 0 5 1 5 2 5 3 6 0 6 1 6 2 6 3 7 0 7 1 7 2 7 3 
q 16 4 4 4 5 4 6 4 7 5 4 5 5 5 6 5 7 6 4 6 5 6 6 6 7 7 4 7 5 7 6 7 7 
q 16 4 8 4 9 4 10 4 11 5 8 5 9 5 10 5 11 6 8 6 9 6 10 6 11 7 8 7 9 7 10 7 11 
q 4 4 8 4 9 5 8 5 9 
# SUM >= 2
# SUM >= 2
q 16 4 12 4 13 4 14 4 15 5 12 5 13 5 14 5 15 6 12 6 13 6 14 6 15 7 12 7 13 7 14 7 15 
# SUM >= 2
q 4 6 12 6 13 7 12 7 13 
q 4 6 14 6 15 7 14 7 15 
q 16 4 16 4 17 4 18 4 19 5 16 5 17 5 18 5 19 6 16 6 17 6 18 6 19 7 16 7 17 7 18 7 19 
q 16 8 0 8 1 8 2 8 3 9 0 9 1 9 2 9 3 10 0 10 1 10 2 10 3 11 0 11 1 11 2 11 3 
q 4 8 0 8 1 9 0 9 1 
q 4 8 2 8 3 9 2 9 3 
q 4 10 0 10 1 11 0 11 1 
q 4 10 2 10 3 11 2 11 3 
q 16 8 4 8 5 8 6 8 7 9 4 9 5 9 6 9 7 10 4 10 5 10 6 10 7 11 4 11 5 11 6 11 7 
q 4 8 4 8 5 9 4 9 5 
q 4 8 6 8 7 9 6 9 7 
q 4 10 4 10 5 11 4 11 5 
q 1 10 4 
#c 10 4 green
# searchh
q 1 9 4 
q 1 10 3 
q 1 10 5 
#c 10 5 green
# found/all 35 107
q 1 11 4 
#c 11 4 green
# found/all 36 107
q 1 9 5 
q 1 10 6 
#c 10 6 green
# found/all 37 107
q 1 11 5 
#c 11 5 green
# found/all 39 107
q 1 11 3 
q 1 12 4 
#c 12 4 green
# found/all 40 107
q 1 9 6 
q 1 10 7 
q 1 11 6 
#c 11 6 green
# found/all 42 107
q 1 12 5 
#c 12 5 green
# found/all 43 107
q 1 12 3 
#c 12 3 green
# found/all 44 107
q 1 13 4 
#c 13 4 green
# found/all 45 107
q 1 11 7 
#c 11 7 green
# found/all 46 107
q 1 12 6 
#c 12 6 green
# found/all 47 107
q 1 13 5 
#c 13 5 green
# found/all 48 107
q 1 12 2 
q 1 13 3 
q 1 14 4 
q 1 11 8 
#c 11 8 green
# found/all 49 107
q 1 12 7 
#c 12 7 green
# found/all 51 107
q 1 13 6 
#c 13 6 green
# found/all 52 107
q 1 14 5 
q 1 12 8 
#c 12 8 green
# found/all 53 107
q 1 13 7 
#c 13 7 green
# found/all 54 107
q 1 14 6 
#c 14 6 green
# found/all 55 107
q 1 12 9 
q 1 13 8 
q 1 14 7 
#c 14 7 green
# found/all 56 107
q 1 15 6 
q 1 14 8 
#c 14 8 green
# found/all 57 107
q 1 15 7 
#c 15 7 green
# found/all 58 107
q 1 14 9 
#c 14 9 green
# found/all 59 107
q 1 15 8 
q 1 16 7 
q 1 13 9 
q 1 14 10 
#c 14 10 green
# found/all 60 107
q 1 15 9 
q 1 13 10 
#c 13 10 green
# found/all 61 107
q 1 14 11 
#c 14 11 green
# found/all 62 107
q 1 15 10 
q 1 12 10 
q 1 13 11 
q 1 14 12 
#c 14 12 green
# found/all 63 107
q 1 15 11 
#c 15 11 green
# found/all 65 107
q 1 13 12 
q 1 14 13 
#c 14 13 green
# found/all 66 107
q 1 15 12 
#c 15 12 green
# found/all 68 107
q 1 16 11 
#c 16 11 green
# found/all 70 107
q 1 13 13 
q 1 14 14 
q 1 15 13 
#c 15 13 green
# found/all 71 107
q 1 16 12 
#c 16 12 green
# found/all 73 107
q 1 16 10 
#c 16 10 green
# found/all 74 107
q 1 17 11 
#c 17 11 green
# found/all 75 107
q 1 15 14 
#c 15 14 green
# found/all 76 107
q 1 16 13 
#c 16 13 green
# found/all 77 107
q 1 17 12 
#c 17 12 green
# found/all 78 107
q 1 16 9 
q 1 17 10 
q 1 18 11 
q 1 15 15 
q 1 16 14 
#c 16 14 green
# found/all 79 107
q 1 17 13 
#c 17 13 green
# found/all 80 107
q 1 18 12 
q 1 16 15 
q 1 17 14 
#c 17 14 green
# found/all 81 107
q 1 18 13 
#c 18 13 green
# found/all 82 107
q 1 17 15 
q 1 18 14 
q 1 19 13 
# SUM >= 2
q 16 8 8 8 9 8 10 8 11 9 8 9 9 9 10 9 11 10 8 10 9 10 10 10 11 11 8 11 9 11 10 11 11 
# SUM >= 2
# SUM >= 2
q 16 8 12 8 13 8 14 8 15 9 12 9 13 9 14 9 15 10 12 10 13 10 14 10 15 11 12 11 13 11 14 11 15 
q 16 8 16 8 17 8 18 8 19 9 16 9 17 9 18 9 19 10 16 10 17 10 18 10 19 11 16 11 17 11 18 11 19 
q 16 12 0 12 1 12 2 12 3 13 0 13 1 13 2 13 3 14 0 14 1 14 2 14 3 15 0 15 1 15 2 15 3 
q 4 12 0 12 1 13 0 13 1 
q 4 12 2 12 3 13 2 13 3 
q 1 13 2 
q 4 14 0 14 1 15 0 15 1 
q 1 14 0 
q 1 14 1 
q 1 15 0 
#c 15 0 green
# searchh
q 1 15 1 
#c 15 1 green
# found/all 84 107
q 1 16 0 
#c 16 0 green
# found/all 85 107
q 1 15 2 
#c 15 2 green
# found/all 86 107
q 1 16 1 
#c 16 1 green
# found/all 87 107
q 1 17 0 
q 1 14 2 
q 1 15 3 
#c 15 3 green
# found/all 88 107
q 1 16 2 
#c 16 2 green
# found/all 89 107
q 1 17 1 
#c 17 1 green
# found/all 90 107
q 1 14 3 
q 1 15 4 
#c 15 4 green
# found/all 91 107
q 1 16 3 
#c 16 3 green
# found/all 92 107
q 1 17 2 
#c 17 2 green
# found/all 93 107
q 1 18 1 
q 1 15 5 
q 1 16 4 
#c 16 4 green
# found/all 95 107
q 1 17 3 
q 1 18 2 
q 1 16 5 
#c 16 5 green
# found/all 96 107
q 1 17 4 
#c 17 4 green
# found/all 97 107
q 1 16 6 
q 1 17 5 
#c 17 5 green
# found/all 98 107
q 1 18 4 
#c 18 4 green
# found/all 99 107
q 1 17 6 
#c 17 6 green
# found/all 100 107
q 1 18 5 
q 1 18 3 
#c 18 3 green
# found/all 101 107
q 1 19 4 
q 1 17 7 
#c 17 7 green
# found/all 102 107
q 1 18 6 
#c 18 6 green
# found/all 103 107
q 1 19 3 
#c 19 3 green
# found/all 104 107
q 1 17 8 
q 1 18 7 
#c 18 7 green
# found/all 105 107
q 1 19 6 
q 1 19 2 
#c 19 2 green
# found/all 106 107
q 1 18 8 
q 1 19 7 
#c 19 7 green
# found/all 107 107
a 93 2 10 2 11 2 12 3 11 4 11 4 10 4 12 5 11 5 10 4 13 6 11 6 10 3 13 7 11 7 10 8 11 7 9 8 10 7 8 8 9 9 10 8 8 9 9 10 10 9 8 10 9 10 11 10 4 10 5 11 4 10 6 11 5 12 4 11 6 12 5 12 3 13 4 11 7 12 6 13 5 11 8 12 7 13 6 12 8 13 7 14 6 14 7 14 8 15 7 14 9 14 10 13 10 14 11 14 12 15 11 14 13 15 12 16 11 15 13 16 12 16 10 17 11 15 14 16 13 17 12 16 14 17 13 17 14 18 13 15 0 15 1 16 0 15 2 16 1 15 3 16 2 17 1 15 4 16 3 17 2 16 4 16 5 17 4 17 5 18 4 17 6 18 3 17 7 18 6 19 3 18 7 19 2 19 7 
