# [[0, 1], [0, 2], [1, 1], [2, 0], [2, 1]]
# [[0, 1], [1, 0], [1, 1], [2, 1], [2, 2]]
# [[0, 1], [1, 1], [1, 2], [2, 0], [2, 1]]
# [[0, 1], [0, 2], [1, 0], [1, 1], [2, 1]]
# [[0, 0], [0, 1], [0, 2], [0, 3], [1, 1]]
# [[0, 0], [1, 0], [1, 1], [2, 1], [3, 1]]
# [[0, 0], [0, 1], [0, 2], [0, 3], [1, 1]]
# [[0, 1], [0, 2], [1, 1], [2, 0], [2, 1]]
# [[0, 0], [0, 1], [0, 2], [0, 3], [1, 0]]
# [[0, 1], [1, 0], [1, 1], [1, 2], [2, 2]]
# [[0, 0], [0, 1], [1, 1], [1, 2], [2, 1]]
# [[0, 1], [1, 1], [1, 2], [2, 0], [2, 1]]
# [[0, 0], [0, 1], [0, 2], [1, 0], [1, 2]]
# [[0, 0], [1, 0], [1, 1], [2, 0], [2, 1]]
# [[0, 1], [1, 0], [1, 1], [1, 2], [2, 1]]
# [[0, 0], [1, 0], [2, 0], [2, 1], [2, 2]]
q 16 0 0 0 1 0 2 0 3 1 0 1 1 1 2 1 3 2 0 2 1 2 2 2 3 3 0 3 1 3 2 3 3 
q 16 0 4 0 5 0 6 0 7 1 4 1 5 1 6 1 7 2 4 2 5 2 6 2 7 3 4 3 5 3 6 3 7 
q 16 0 8 0 9 0 10 0 11 1 8 1 9 1 10 1 11 2 8 2 9 2 10 2 11 3 8 3 9 3 10 3 11 
q 4 0 8 0 9 1 8 1 9 
q 4 0 10 0 11 1 10 1 11 
q 1 0 10 
#c 0 10 green
# searchh
q 1 0 9 
q 1 0 11 
#c 0 11 green
# found/all 2 80
q 1 1 10 
#c 1 10 green
# found/all 3 80
q 1 0 12 
#c 0 12 green
# found/all 4 80
q 1 1 11 
q 1 1 9 
q 1 2 10 
q 1 0 13 
q 1 1 12 
#c 1 12 green
# found/all 5 80
q 1 1 13 
q 1 2 12 
q 4 2 8 2 9 3 8 3 9 
q 4 2 10 2 11 3 10 3 11 
q 16 0 12 0 13 0 14 0 15 1 12 1 13 1 14 1 15 2 12 2 13 2 14 2 15 3 12 3 13 3 14 3 15 
# SUM >= 2
q 4 2 12 2 13 3 12 3 13 
q 4 2 14 2 15 3 14 3 15 
q 8 0 16 0 17 1 16 1 17 2 16 2 17 3 16 3 17 
q 16 4 0 4 1 4 2 4 3 5 0 5 1 5 2 5 3 6 0 6 1 6 2 6 3 7 0 7 1 7 2 7 3 
q 16 4 4 4 5 4 6 4 7 5 4 5 5 5 6 5 7 6 4 6 5 6 6 6 7 7 4 7 5 7 6 7 7 
q 4 4 4 4 5 5 4 5 5 
q 4 4 6 4 7 5 6 5 7 
q 1 4 6 
q 1 4 7 
q 1 5 6 
#c 5 6 green
# searchh
q 1 5 5 
q 1 5 7 
#c 5 7 green
# found/all 7 80
q 1 6 6 
q 1 5 8 
#c 5 8 green
# found/all 9 80
q 1 6 7 
#c 6 7 green
# found/all 11 80
q 1 4 8 
#c 4 8 green
# found/all 12 80
q 1 5 9 
#c 5 9 green
# found/all 14 80
q 1 6 8 
#c 6 8 green
# found/all 15 80
q 1 7 7 
q 1 3 8 
q 1 4 9 
q 1 5 10 
q 1 6 9 
q 1 7 8 
q 4 6 4 6 5 7 4 7 5 
q 4 6 6 6 7 7 6 7 7 
q 1 7 6 
#c 7 6 green
# searchh
q 1 7 5 
q 1 8 6 
#c 8 6 green
# found/all 17 80
q 1 8 5 
#c 8 5 green
# found/all 18 80
q 1 8 7 
#c 8 7 green
# found/all 19 80
q 1 9 6 
#c 9 6 green
# found/all 21 80
q 1 8 4 
q 1 9 5 
#c 9 5 green
# found/all 22 80
q 1 8 8 
q 1 9 7 
#c 9 7 green
# found/all 23 80
q 1 10 6 
q 1 9 4 
q 1 10 5 
#c 10 5 green
# found/all 25 80
q 1 9 8 
q 1 10 7 
q 1 10 4 
#c 10 4 green
# found/all 26 80
q 1 11 5 
#c 11 5 green
# found/all 27 80
q 1 10 3 
q 1 11 4 
q 1 11 6 
#c 11 6 green
# found/all 29 80
q 1 12 5 
#c 12 5 green
# found/all 30 80
q 1 11 7 
#c 11 7 green
# found/all 31 80
q 1 12 6 
#c 12 6 green
# found/all 34 80
q 1 12 4 
#c 12 4 green
# found/all 35 80
q 1 13 5 
q 1 11 8 
#c 11 8 green
# found/all 36 80
q 1 12 7 
#c 12 7 green
# found/all 37 80
q 1 13 6 
#c 13 6 green
# found/all 39 80
q 1 12 3 
q 1 13 4 
#c 13 4 green
# found/all 40 80
q 1 10 8 
q 1 11 9 
#c 11 9 green
# found/all 41 80
q 1 12 8 
q 1 13 7 
q 1 14 6 
#c 14 6 green
# found/all 42 80
q 1 13 3 
#c 13 3 green
# found/all 43 80
q 1 14 4 
#c 14 4 green
# found/all 44 80
q 1 10 9 
q 1 11 10 
q 1 12 9 
q 1 14 5 
#c 14 5 green
# found/all 45 80
q 1 14 7 
q 1 15 6 
q 1 13 2 
#c 13 2 green
# found/all 46 80
q 1 14 3 
q 1 15 4 
q 1 15 5 
q 1 12 2 
#c 12 2 green
# found/all 47 80
q 1 13 1 
#c 13 1 green
# found/all 48 80
q 1 14 2 
q 1 11 2 
#c 11 2 green
# found/all 50 80
q 1 12 1 
q 1 13 0 
q 1 14 1 
q 1 10 2 
#c 10 2 green
# found/all 51 80
q 1 11 1 
q 1 11 3 
#c 11 3 green
# found/all 52 80
q 1 9 2 
q 1 10 1 
#c 10 1 green
# found/all 53 80
q 1 9 1 
#c 9 1 green
# found/all 54 80
q 1 10 0 
#c 10 0 green
# found/all 55 80
q 1 8 1 
q 1 9 0 
q 1 11 0 
q 16 4 8 4 9 4 10 4 11 5 8 5 9 5 10 5 11 6 8 6 9 6 10 6 11 7 8 7 9 7 10 7 11 
# SUM >= 2
q 4 6 8 6 9 7 8 7 9 
q 1 7 9 
q 4 6 10 6 11 7 10 7 11 
q 16 4 12 4 13 4 14 4 15 5 12 5 13 5 14 5 15 6 12 6 13 6 14 6 15 7 12 7 13 7 14 7 15 
q 4 4 12 4 13 5 12 5 13 
q 4 4 14 4 15 5 14 5 15 
q 4 6 12 6 13 7 12 7 13 
q 4 6 14 6 15 7 14 7 15 
q 8 4 16 4 17 5 16 5 17 6 16 6 17 7 16 7 17 
q 16 8 0 8 1 8 2 8 3 9 0 9 1 9 2 9 3 10 0 10 1 10 2 10 3 11 0 11 1 11 2 11 3 
q 4 8 0 8 1 9 0 9 1 
q 4 8 2 8 3 9 2 9 3 
# SUM >= 2
q 16 8 4 8 5 8 6 8 7 9 4 9 5 9 6 9 7 10 4 10 5 10 6 10 7 11 4 11 5 11 6 11 7 
# SUM >= 2
# SUM >= 2
q 16 8 8 8 9 8 10 8 11 9 8 9 9 9 10 9 11 10 8 10 9 10 10 10 11 11 8 11 9 11 10 11 11 
q 4 8 8 8 9 9 8 9 9 
q 4 8 10 8 11 9 10 9 11 
# SUM >= 2
q 16 8 12 8 13 8 14 8 15 9 12 9 13 9 14 9 15 10 12 10 13 10 14 10 15 11 12 11 13 11 14 11 15 
q 4 8 12 8 13 9 12 9 13 
q 4 8 14 8 15 9 14 9 15 
q 1 8 14 
#c 8 14 green
# searchh
q 1 7 14 
#c 7 14 green
# found/all 57 80
q 1 8 13 
q 1 8 15 
#c 8 15 green
# found/all 58 80
q 1 9 14 
#c 9 14 green
# found/all 59 80
q 1 6 14 
q 1 7 13 
#c 7 13 green
# found/all 60 80
q 1 7 15 
q 1 8 16 
q 1 9 15 
#c 9 15 green
# found/all 61 80
q 1 9 13 
q 1 10 14 
q 1 6 13 
q 1 7 12 
q 1 9 16 
q 1 10 15 
#c 10 15 green
# found/all 62 80
q 1 10 16 
q 1 11 15 
#c 11 15 green
# found/all 63 80
q 1 11 14 
q 1 11 16 
#c 11 16 green
# found/all 64 80
q 1 12 15 
q 1 11 17 
#c 11 17 green
# found/all 65 80
q 1 12 16 
q 1 10 17 
q 1 12 17 
q 4 10 12 10 13 11 12 11 13 
# SUM >= 2
q 8 8 16 8 17 9 16 9 17 10 16 10 17 11 16 11 17 
q 4 8 16 8 17 9 16 9 17 
# SUM >= 2
q 16 12 0 12 1 12 2 12 3 13 0 13 1 13 2 13 3 14 0 14 1 14 2 14 3 15 0 15 1 15 2 15 3 
q 4 12 0 12 1 13 0 13 1 
# SUM >= 2
q 4 14 0 14 1 15 0 15 1 
q 4 14 2 14 3 15 2 15 3 
q 16 12 4 12 5 12 6 12 7 13 4 13 5 13 6 13 7 14 4 14 5 14 6 14 7 15 4 15 5 15 6 15 7 
# SUM >= 2
# SUM >= 2
q 16 12 8 12 9 12 10 12 11 13 8 13 9 13 10 13 11 14 8 14 9 14 10 14 11 15 8 15 9 15 10 15 11 
q 16 12 12 12 13 12 14 12 15 13 12 13 13 13 14 13 15 14 12 14 13 14 14 14 15 15 12 15 13 15 14 15 15 
q 4 12 12 12 13 13 12 13 13 
q 4 12 14 12 15 13 14 13 15 
q 4 14 12 14 13 15 12 15 13 
q 1 14 12 
q 1 14 13 
q 1 15 12 
#c 15 12 green
# searchh
q 1 15 11 
q 1 15 13 
#c 15 13 green
# found/all 68 80
q 1 16 12 
q 1 15 14 
#c 15 14 green
# found/all 70 80
q 1 16 13 
#c 16 13 green
# found/all 71 80
q 1 14 14 
#c 14 14 green
# found/all 72 80
q 1 15 15 
#c 15 15 green
# found/all 74 80
q 1 16 14 
#c 16 14 green
# found/all 75 80
q 1 17 13 
q 1 13 14 
q 1 14 15 
q 1 15 16 
q 1 16 15 
q 1 17 14 
# SUM >= 2
q 8 12 16 12 17 13 16 13 17 14 16 14 17 15 16 15 17 
q 8 16 0 16 1 16 2 16 3 17 0 17 1 17 2 17 3 
q 4 16 0 16 1 17 0 17 1 
q 1 16 0 
#c 16 0 green
# searchh
q 1 15 0 
q 1 16 1 
#c 16 1 green
# found/all 77 80
q 1 17 0 
q 1 15 1 
#c 15 1 green
# found/all 78 80
q 1 16 2 
q 1 17 1 
#c 17 1 green
# found/all 79 80
q 1 15 2 
q 1 17 2 
#c 17 2 green
# found/all 80 80
a 67 0 10 0 11 1 10 0 12 1 12 5 6 5 7 5 8 6 7 4 8 5 9 6 8 7 6 8 6 8 5 8 7 9 6 9 5 9 7 10 5 10 4 11 5 11 6 12 5 11 7 12 6 12 4 11 8 12 7 13 6 13 4 11 9 14 6 13 3 14 4 14 5 13 2 12 2 13 1 11 2 10 2 11 3 10 1 9 1 10 0 8 14 7 14 8 15 9 14 7 13 9 15 10 15 11 15 11 16 11 17 15 12 15 13 15 14 16 13 14 14 15 15 16 14 16 0 16 1 15 1 17 1 17 2 
