# [[0, 0], [1, 0], [1, 1], [2, 1], [2, 2], [2, 3], [2, 4], [3, 1]]
# [[0, 0], [0, 1], [0, 2], [1, 0], [1, 1], [2, 0]]
# [[0, 0], [1, 0], [1, 1], [1, 2], [2, 0], [2, 1], [2, 2], [2, 3], [3, 0], [3, 3], [4, 0], [5, 0]]
# [[0, 0], [0, 1], [1, 1], [2, 0], [2, 1], [3, 0], [3, 1], [3, 2], [3, 3], [4, 1], [5, 1], [5, 2], [6, 2]]
# [[0, 0], [1, 0], [1, 1], [2, 1], [2, 2], [3, 1], [3, 2], [3, 3]]
# [[0, 0], [1, 0], [1, 1], [1, 3], [2, 0], [2, 1], [2, 2], [2, 3], [3, 0], [3, 1], [3, 2], [4, 0], [4, 2]]
# [[0, 0], [0, 1], [1, 0], [1, 1], [1, 2], [2, 0]]
# [[0, 0], [1, 0], [1, 1], [2, 0], [2, 1]]
# [[0, 4], [1, 3], [1, 4], [1, 5], [1, 6], [2, 0], [2, 1], [2, 2], [2, 3], [2, 4], [2, 5], [2, 6], [3, 1]]
# [[0, 2], [1, 0], [1, 1], [1, 2], [2, 2], [2, 3]]
q 16 0 0 0 1 0 2 0 3 1 0 1 1 1 2 1 3 2 0 2 1 2 2 2 3 3 0 3 1 3 2 3 3 
q 4 0 0 0 1 1 0 1 1 
q 4 0 2 0 3 1 2 1 3 
q 4 2 0 2 1 3 0 3 1 
q 4 2 2 2 3 3 2 3 3 
q 1 2 2 
#c 2 2 green
# searchh
q 1 1 2 
q 1 2 1 
#c 2 1 green
# found/all 2 90
q 1 2 3 
#c 2 3 green
# found/all 3 90
q 1 3 2 
#c 3 2 green
# found/all 4 90
q 1 1 1 
q 1 2 0 
q 1 3 1 
q 1 1 3 
q 1 2 4 
#c 2 4 green
# found/all 5 90
q 1 3 3 
q 1 4 2 
q 1 1 4 
#c 1 4 green
# found/all 6 90
q 1 2 5 
#c 2 5 green
# found/all 8 90
q 1 3 4 
q 1 0 4 
q 1 1 5 
#c 1 5 green
# found/all 9 90
q 1 2 6 
#c 2 6 green
# found/all 10 90
q 1 3 5 
#c 3 5 green
# found/all 11 90
q 1 0 5 
#c 0 5 green
# found/all 12 90
q 1 1 6 
#c 1 6 green
# found/all 13 90
q 1 2 7 
#c 2 7 green
# found/all 14 90
q 1 3 6 
#c 3 6 green
# found/all 15 90
q 1 4 5 
#c 4 5 green
# found/all 16 90
q 1 0 6 
q 1 1 7 
#c 1 7 green
# found/all 17 90
q 1 2 8 
q 1 3 7 
q 1 4 6 
#c 4 6 green
# found/all 18 90
q 1 4 4 
q 1 5 5 
q 1 0 7 
q 1 1 8 
q 1 4 7 
q 1 5 6 
q 16 0 4 0 5 0 6 0 7 1 4 1 5 1 6 1 7 2 4 2 5 2 6 2 7 3 4 3 5 3 6 3 7 
# SUM >= 2
# SUM >= 2
q 16 0 8 0 9 0 10 0 11 1 8 1 9 1 10 1 11 2 8 2 9 2 10 2 11 3 8 3 9 3 10 3 11 
q 4 0 8 0 9 1 8 1 9 
q 4 0 10 0 11 1 10 1 11 
q 4 2 8 2 9 3 8 3 9 
q 4 2 10 2 11 3 10 3 11 
q 1 2 10 
#c 2 10 green
# searchh
q 1 1 10 
q 1 2 9 
q 1 2 11 
q 1 3 10 
#c 3 10 green
# found/all 20 90
q 1 3 9 
q 1 3 11 
#c 3 11 green
# found/all 21 90
q 1 4 10 
#c 4 10 green
# found/all 22 90
q 1 3 12 
#c 3 12 green
# found/all 23 90
q 1 4 11 
#c 4 11 green
# found/all 24 90
q 1 4 9 
q 1 5 10 
#c 5 10 green
# found/all 25 90
q 1 2 12 
#c 2 12 green
# found/all 26 90
q 1 3 13 
#c 3 13 green
# found/all 29 90
q 1 4 12 
#c 4 12 green
# found/all 30 90
q 1 5 11 
#c 5 11 green
# found/all 31 90
q 1 5 9 
q 1 6 10 
#c 6 10 green
# found/all 32 90
q 1 1 12 
q 1 2 13 
q 1 3 14 
#c 3 14 green
# found/all 33 90
q 1 4 13 
#c 4 13 green
# found/all 36 90
q 1 5 12 
#c 5 12 green
# found/all 37 90
q 1 6 11 
q 1 6 9 
q 1 7 10 
q 1 2 14 
#c 2 14 green
# found/all 38 90
q 1 3 15 
q 1 4 14 
#c 4 14 green
# found/all 40 90
q 1 5 13 
#c 5 13 green
# found/all 41 90
q 1 6 12 
#c 6 12 green
# found/all 42 90
q 1 1 14 
#c 1 14 green
# found/all 44 90
q 1 2 15 
q 1 4 15 
#c 4 15 green
# found/all 45 90
q 1 5 14 
#c 5 14 green
# found/all 47 90
q 1 6 13 
q 1 7 12 
#c 7 12 green
# found/all 48 90
q 1 0 14 
q 1 1 13 
#c 1 13 green
# found/all 49 90
q 1 1 15 
#c 1 15 green
# found/all 50 90
q 1 4 16 
#c 4 16 green
# found/all 51 90
q 1 5 15 
#c 5 15 green
# found/all 52 90
q 1 6 14 
#c 6 14 green
# found/all 53 90
q 1 7 11 
#c 7 11 green
# found/all 54 90
q 1 7 13 
q 1 8 12 
#c 8 12 green
# found/all 55 90
q 1 0 13 
q 1 0 15 
q 1 1 16 
#c 1 16 green
# found/all 56 90
q 1 3 16 
q 1 4 17 
q 1 5 16 
q 1 6 15 
#c 6 15 green
# found/all 57 90
q 1 7 14 
q 1 8 11 
#c 8 11 green
# found/all 58 90
q 1 8 13 
#c 8 13 green
# found/all 59 90
q 1 9 12 
q 1 0 16 
#c 0 16 green
# found/all 60 90
q 1 1 17 
q 1 2 16 
#c 2 16 green
# found/all 61 90
q 1 6 16 
q 1 7 15 
#c 7 15 green
# found/all 62 90
q 1 8 10 
q 1 9 11 
#c 9 11 green
# found/all 63 90
q 1 8 14 
q 1 9 13 
q 1 0 17 
q 1 2 17 
#c 2 17 green
# found/all 64 90
q 1 7 16 
q 1 8 15 
q 1 9 10 
q 1 10 11 
q 1 2 18 
q 1 3 17 
q 16 0 12 0 13 0 14 0 15 1 12 1 13 1 14 1 15 2 12 2 13 2 14 2 15 3 12 3 13 3 14 3 15 
q 4 0 12 0 13 1 12 1 13 
q 1 0 12 
# SUM >= 2
# SUM >= 2
q 16 0 16 0 17 0 18 0 19 1 16 1 17 1 18 1 19 2 16 2 17 2 18 2 19 3 16 3 17 3 18 3 19 
# SUM >= 2
# SUM >= 2
q 16 4 0 4 1 4 2 4 3 5 0 5 1 5 2 5 3 6 0 6 1 6 2 6 3 7 0 7 1 7 2 7 3 
q 4 4 0 4 1 5 0 5 1 
q 4 4 2 4 3 5 2 5 3 
q 4 6 0 6 1 7 0 7 1 
q 4 6 2 6 3 7 2 7 3 
q 1 6 2 
q 1 6 3 
q 1 7 2 
q 1 7 3 
q 16 4 4 4 5 4 6 4 7 5 4 5 5 5 6 5 7 6 4 6 5 6 6 6 7 7 4 7 5 7 6 7 7 
q 4 4 4 4 5 5 4 5 5 
q 1 5 4 
q 4 4 6 4 7 5 6 5 7 
q 4 6 4 6 5 7 4 7 5 
q 4 6 6 6 7 7 6 7 7 
q 16 4 8 4 9 4 10 4 11 5 8 5 9 5 10 5 11 6 8 6 9 6 10 6 11 7 8 7 9 7 10 7 11 
q 4 4 8 4 9 5 8 5 9 
# SUM >= 2
q 4 6 8 6 9 7 8 7 9 
# SUM >= 2
q 16 4 12 4 13 4 14 4 15 5 12 5 13 5 14 5 15 6 12 6 13 6 14 6 15 7 12 7 13 7 14 7 15 
# SUM >= 2
# SUM >= 2
q 16 4 16 4 17 4 18 4 19 5 16 5 17 5 18 5 19 6 16 6 17 6 18 6 19 7 16 7 17 7 18 7 19 
q 4 4 16 4 17 5 16 5 17 
q 4 4 18 4 19 5 18 5 19 
q 4 6 16 6 17 7 16 7 17 
q 4 6 18 6 19 7 18 7 19 
q 16 8 0 8 1 8 2 8 3 9 0 9 1 9 2 9 3 10 0 10 1 10 2 10 3 11 0 11 1 11 2 11 3 
q 4 8 0 8 1 9 0 9 1 
q 1 8 0 
q 1 8 1 
q 1 9 0 
q 1 9 1 
q 4 8 2 8 3 9 2 9 3 
q 4 10 0 10 1 11 0 11 1 
q 4 10 2 10 3 11 2 11 3 
q 16 8 4 8 5 8 6 8 7 9 4 9 5 9 6 9 7 10 4 10 5 10 6 10 7 11 4 11 5 11 6 11 7 
q 4 8 4 8 5 9 4 9 5 
q 4 8 6 8 7 9 6 9 7 
q 4 10 4 10 5 11 4 11 5 
q 4 10 6 10 7 11 6 11 7 
q 16 8 8 8 9 8 10 8 11 9 8 9 9 9 10 9 11 10 8 10 9 10 10 10 11 11 8 11 9 11 10 11 11 
q 4 8 8 8 9 9 8 9 9 
# SUM >= 2
q 4 10 8 10 9 11 8 11 9 
q 4 10 10 10 11 11 10 11 11 
q 16 8 12 8 13 8 14 8 15 9 12 9 13 9 14 9 15 10 12 10 13 10 14 10 15 11 12 11 13 11 14 11 15 
# SUM >= 2
q 4 10 12 10 13 11 12 11 13 
q 1 10 12 
#c 10 12 green
# searchh
q 1 10 13 
q 1 11 12 
#c 11 12 green
# found/all 66 90
q 1 11 11 
q 1 11 13 
#c 11 13 green
# found/all 67 90
q 1 12 12 
q 1 11 14 
q 1 12 13 
#c 12 13 green
# found/all 68 90
q 1 12 14 
#c 12 14 green
# found/all 69 90
q 1 13 13 
#c 13 13 green
# found/all 70 90
q 1 12 15 
#c 12 15 green
# found/all 71 90
q 1 13 14 
#c 13 14 green
# found/all 72 90
q 1 13 12 
q 1 14 13 
q 1 11 15 
q 1 12 16 
#c 12 16 green
# found/all 73 90
q 1 13 15 
q 1 14 14 
#c 14 14 green
# found/all 74 90
q 1 11 16 
q 1 12 17 
q 1 13 16 
q 1 14 15 
#c 14 15 green
# found/all 75 90
q 1 15 14 
#c 15 14 green
# found/all 76 90
q 1 14 16 
#c 14 16 green
# found/all 77 90
q 1 15 15 
#c 15 15 green
# found/all 78 90
q 1 15 13 
q 1 16 14 
#c 16 14 green
# found/all 79 90
q 1 14 17 
q 1 15 16 
#c 15 16 green
# found/all 80 90
q 1 16 15 
q 1 16 13 
q 1 17 14 
#c 17 14 green
# found/all 81 90
q 1 15 17 
#c 15 17 green
# found/all 82 90
q 1 16 16 
q 1 17 13 
q 1 17 15 
q 1 18 14 
#c 18 14 green
# found/all 83 90
q 1 15 18 
q 1 16 17 
#c 16 17 green
# found/all 84 90
q 1 18 13 
q 1 18 15 
q 1 19 14 
q 1 16 18 
q 1 17 17 
q 4 10 14 10 15 11 14 11 15 
q 16 8 16 8 17 8 18 8 19 9 16 9 17 9 18 9 19 10 16 10 17 10 18 10 19 11 16 11 17 11 18 11 19 
q 4 8 16 8 17 9 16 9 17 
q 4 8 18 8 19 9 18 9 19 
q 1 8 18 
q 1 8 19 
q 1 9 18 
q 1 9 19 
q 4 10 16 10 17 11 16 11 17 
q 4 10 18 10 19 11 18 11 19 
q 16 12 0 12 1 12 2 12 3 13 0 13 1 13 2 13 3 14 0 14 1 14 2 14 3 15 0 15 1 15 2 15 3 
q 16 12 4 12 5 12 6 12 7 13 4 13 5 13 6 13 7 14 4 14 5 14 6 14 7 15 4 15 5 15 6 15 7 
q 4 12 4 12 5 13 4 13 5 
q 4 12 6 12 7 13 6 13 7 
q 4 14 4 14 5 15 4 15 5 
q 4 14 6 14 7 15 6 15 7 
q 1 14 6 
q 1 14 7 
q 1 15 6 
q 1 15 7 
q 16 12 8 12 9 12 10 12 11 13 8 13 9 13 10 13 11 14 8 14 9 14 10 14 11 15 8 15 9 15 10 15 11 
q 4 12 8 12 9 13 8 13 9 
q 4 12 10 12 11 13 10 13 11 
q 1 12 10 
#c 12 10 green
# searchh
q 1 11 10 
q 1 12 9 
#c 12 9 green
# found/all 86 90
q 1 12 11 
#c 12 11 green
# found/all 87 90
q 1 13 10 
#c 13 10 green
# found/all 88 90
q 1 11 9 
q 1 12 8 
q 1 13 9 
#c 13 9 green
# found/all 89 90
q 1 13 11 
q 1 14 10 
q 1 13 8 
q 1 14 9 
#c 14 9 green
# found/all 90 90
a 82 2 2 2 1 2 3 3 2 2 4 1 4 2 5 1 5 2 6 3 5 0 5 1 6 2 7 3 6 4 5 1 7 4 6 2 10 3 10 3 11 4 10 3 12 4 11 5 10 2 12 3 13 4 12 5 11 6 10 3 14 4 13 5 12 2 14 4 14 5 13 6 12 1 14 4 15 5 14 7 12 1 13 1 15 4 16 5 15 6 14 7 11 8 12 1 16 6 15 8 11 8 13 0 16 2 16 7 15 9 11 2 17 10 12 11 12 11 13 12 13 12 14 13 13 12 15 13 14 12 16 14 14 14 15 15 14 14 16 15 15 16 14 15 16 17 14 15 17 18 14 16 17 12 10 12 9 12 11 13 10 13 9 14 9 
