# [[0, 1], [0, 2], [1, 1], [1, 2], [2, 1], [2, 2], [2, 3], [3, 2], [3, 3], [4, 0], [4, 1], [4, 2], [4, 3]]
# [[0, 3], [1, 3], [2, 0], [2, 1], [2, 2], [2, 3], [2, 4], [3, 0], [3, 1], [3, 2], [3, 4], [3, 5], [4, 0], [4, 1]]
# [[0, 2], [0, 3], [1, 3], [2, 3], [3, 2], [3, 3], [4, 0], [4, 1], [4, 2], [4, 3], [5, 2], [5, 3], [6, 2], [6, 3]]
# [[0, 2], [0, 3], [0, 4], [1, 1], [1, 2], [1, 3], [1, 4], [2, 1], [2, 2], [2, 3], [3, 0], [3, 1], [3, 2], [3, 3], [4, 3], [4, 4]]
# [[0, 0], [0, 1], [0, 2], [0, 3], [1, 2], [1, 3], [1, 4], [1, 5], [2, 3], [2, 4], [2, 5], [3, 2], [3, 3], [3, 4], [4, 3], [5, 3]]
# [[0, 1], [0, 2], [1, 0], [1, 1], [1, 2], [1, 3], [1, 4], [1, 5], [2, 1], [3, 0], [3, 1]]
# [[0, 0], [0, 1], [0, 2], [1, 1], [1, 2], [2, 2], [2, 3], [3, 1], [3, 2], [3, 3], [4, 2], [4, 3], [4, 4]]
q 16 0 0 0 1 0 2 0 3 1 0 1 1 1 2 1 3 2 0 2 1 2 2 2 3 3 0 3 1 3 2 3 3 
q 4 0 0 0 1 1 0 1 1 
q 4 0 2 0 3 1 2 1 3 
q 4 2 0 2 1 3 0 3 1 
q 4 2 2 2 3 3 2 3 3 
q 16 0 4 0 5 0 6 0 7 1 4 1 5 1 6 1 7 2 4 2 5 2 6 2 7 3 4 3 5 3 6 3 7 
q 4 0 4 0 5 1 4 1 5 
q 4 0 6 0 7 1 6 1 7 
q 4 2 4 2 5 3 4 3 5 
q 1 2 4 
q 1 2 5 
q 1 3 4 
#c 3 4 green
# searchh
q 1 3 3 
q 1 3 5 
#c 3 5 green
# found/all 2 97
q 1 4 4 
q 1 3 6 
#c 3 6 green
# found/all 3 97
q 1 4 5 
#c 4 5 green
# found/all 4 97
q 1 2 6 
q 1 3 7 
q 1 4 6 
#c 4 6 green
# found/all 5 97
q 1 5 5 
q 1 4 7 
q 1 5 6 
#c 5 6 green
# found/all 6 97
q 1 5 7 
#c 5 7 green
# found/all 7 97
q 1 6 6 
#c 6 6 green
# found/all 8 97
q 1 5 8 
q 1 6 7 
#c 6 7 green
# found/all 9 97
q 1 6 5 
#c 6 5 green
# found/all 10 97
q 1 7 6 
#c 7 6 green
# found/all 11 97
q 1 6 8 
q 1 7 7 
#c 7 7 green
# found/all 12 97
q 1 6 4 
q 1 7 5 
q 1 8 6 
q 1 7 8 
#c 7 8 green
# found/all 13 97
q 1 8 7 
q 1 7 9 
q 1 8 8 
q 4 2 6 2 7 3 6 3 7 
q 16 0 8 0 9 0 10 0 11 1 8 1 9 1 10 1 11 2 8 2 9 2 10 2 11 3 8 3 9 3 10 3 11 
q 4 0 8 0 9 1 8 1 9 
q 4 0 10 0 11 1 10 1 11 
q 1 0 10 
q 1 0 11 
q 1 1 10 
q 1 1 11 
#c 1 11 green
# searchh
q 1 1 12 
#c 1 12 green
# found/all 15 97
q 1 2 11 
q 1 0 12 
q 1 1 13 
#c 1 13 green
# found/all 16 97
q 1 2 12 
q 1 0 13 
q 1 1 14 
#c 1 14 green
# found/all 17 97
q 1 2 13 
#c 2 13 green
# found/all 18 97
q 1 0 14 
q 1 1 15 
q 1 2 14 
#c 2 14 green
# found/all 19 97
q 1 3 13 
q 1 2 15 
#c 2 15 green
# found/all 20 97
q 1 3 14 
#c 3 14 green
# found/all 21 97
q 1 2 16 
#c 2 16 green
# found/all 22 97
q 1 3 15 
#c 3 15 green
# found/all 23 97
q 1 4 14 
#c 4 14 green
# found/all 24 97
q 1 1 16 
q 1 2 17 
q 1 3 16 
#c 3 16 green
# found/all 25 97
q 1 4 15 
#c 4 15 green
# found/all 26 97
q 1 4 13 
#c 4 13 green
# found/all 27 97
q 1 5 14 
#c 5 14 green
# found/all 28 97
q 1 3 17 
q 1 4 16 
q 1 5 15 
q 1 4 12 
q 1 5 13 
q 1 6 14 
#c 6 14 green
# found/all 29 97
q 1 6 13 
q 1 6 15 
q 1 7 14 
#c 7 14 green
# found/all 30 97
q 1 7 13 
q 1 7 15 
#c 7 15 green
# found/all 31 97
q 1 8 14 
#c 8 14 green
# found/all 32 97
q 1 7 16 
#c 7 16 green
# found/all 33 97
q 1 8 15 
#c 8 15 green
# found/all 34 97
q 1 8 13 
#c 8 13 green
# found/all 35 97
q 1 9 14 
#c 9 14 green
# found/all 36 97
q 1 6 16 
q 1 7 17 
q 1 8 16 
#c 8 16 green
# found/all 37 97
q 1 9 15 
#c 9 15 green
# found/all 38 97
q 1 8 12 
#c 8 12 green
# found/all 39 97
q 1 9 13 
#c 9 13 green
# found/all 41 97
q 1 10 14 
#c 10 14 green
# found/all 43 97
q 1 8 17 
q 1 9 16 
q 1 10 15 
#c 10 15 green
# found/all 44 97
q 1 7 12 
#c 7 12 green
# found/all 45 97
q 1 8 11 
q 1 9 12 
#c 9 12 green
# found/all 46 97
q 1 10 13 
#c 10 13 green
# found/all 48 97
q 1 11 14 
q 1 10 16 
q 1 11 15 
#c 11 15 green
# found/all 49 97
q 1 6 12 
q 1 7 11 
q 1 9 11 
#c 9 11 green
# found/all 50 97
q 1 10 12 
#c 10 12 green
# found/all 51 97
q 1 11 13 
q 1 11 16 
#c 11 16 green
# found/all 52 97
q 1 12 15 
q 1 9 10 
#c 9 10 green
# found/all 53 97
q 1 10 11 
#c 10 11 green
# found/all 54 97
q 1 11 12 
q 1 11 17 
q 1 12 16 
q 1 8 10 
q 1 9 9 
#c 9 9 green
# found/all 55 97
q 1 10 10 
#c 10 10 green
# found/all 56 97
q 1 11 11 
q 1 8 9 
q 1 9 8 
q 1 10 9 
#c 10 9 green
# found/all 57 97
q 1 11 10 
#c 11 10 green
# found/all 58 97
q 1 10 8 
q 1 11 9 
#c 11 9 green
# found/all 59 97
q 1 12 10 
q 1 11 8 
q 1 12 9 
q 4 2 8 2 9 3 8 3 9 
q 4 2 10 2 11 3 10 3 11 
q 16 0 12 0 13 0 14 0 15 1 12 1 13 1 14 1 15 2 12 2 13 2 14 2 15 3 12 3 13 3 14 3 15 
# SUM >= 2
q 4 2 12 2 13 3 12 3 13 
q 1 3 12 
# SUM >= 2
q 16 0 16 0 17 0 18 0 19 1 16 1 17 1 18 1 19 2 16 2 17 2 18 2 19 3 16 3 17 3 18 3 19 
q 4 0 16 0 17 1 16 1 17 
q 4 0 18 0 19 1 18 1 19 
# SUM >= 2
q 16 4 0 4 1 4 2 4 3 5 0 5 1 5 2 5 3 6 0 6 1 6 2 6 3 7 0 7 1 7 2 7 3 
q 4 4 0 4 1 5 0 5 1 
q 4 4 2 4 3 5 2 5 3 
q 4 6 0 6 1 7 0 7 1 
q 4 6 2 6 3 7 2 7 3 
q 16 4 4 4 5 4 6 4 7 5 4 5 5 5 6 5 7 6 4 6 5 6 6 6 7 7 4 7 5 7 6 7 7 
q 4 4 4 4 5 5 4 5 5 
q 1 5 4 
# SUM >= 2
q 4 6 4 6 5 7 4 7 5 
# SUM >= 2
q 16 4 8 4 9 4 10 4 11 5 8 5 9 5 10 5 11 6 8 6 9 6 10 6 11 7 8 7 9 7 10 7 11 
q 4 4 8 4 9 5 8 5 9 
q 1 4 8 
q 1 4 9 
q 1 5 9 
q 4 4 10 4 11 5 10 5 11 
q 4 6 8 6 9 7 8 7 9 
q 1 6 9 
q 4 6 10 6 11 7 10 7 11 
q 16 4 12 4 13 4 14 4 15 5 12 5 13 5 14 5 15 6 12 6 13 6 14 6 15 7 12 7 13 7 14 7 15 
q 4 4 12 4 13 5 12 5 13 
# SUM >= 2
q 4 6 12 6 13 7 12 7 13 
# SUM >= 2
q 16 4 16 4 17 4 18 4 19 5 16 5 17 5 18 5 19 6 16 6 17 6 18 6 19 7 16 7 17 7 18 7 19 
q 4 4 16 4 17 5 16 5 17 
q 4 4 18 4 19 5 18 5 19 
q 4 6 16 6 17 7 16 7 17 
q 4 6 18 6 19 7 18 7 19 
q 16 8 0 8 1 8 2 8 3 9 0 9 1 9 2 9 3 10 0 10 1 10 2 10 3 11 0 11 1 11 2 11 3 
q 4 8 0 8 1 9 0 9 1 
q 4 8 2 8 3 9 2 9 3 
q 4 10 0 10 1 11 0 11 1 
q 1 10 0 
q 1 10 1 
q 1 11 0 
q 1 11 1 
q 4 10 2 10 3 11 2 11 3 
q 1 10 2 
q 1 10 3 
q 1 11 2 
#c 11 2 green
# searchh
q 1 11 3 
#c 11 3 green
# found/all 61 97
q 1 12 2 
q 1 11 4 
q 1 12 3 
#c 12 3 green
# found/all 62 97
q 1 12 4 
q 1 13 3 
#c 13 3 green
# found/all 63 97
q 1 13 2 
q 1 13 4 
q 1 14 3 
#c 14 3 green
# found/all 64 97
q 1 14 2 
#c 14 2 green
# found/all 65 97
q 1 14 4 
q 1 15 3 
#c 15 3 green
# found/all 66 97
q 1 14 1 
q 1 15 2 
#c 15 2 green
# found/all 67 97
q 1 15 4 
q 1 16 3 
#c 16 3 green
# found/all 68 97
q 1 15 1 
#c 15 1 green
# found/all 69 97
q 1 16 2 
#c 16 2 green
# found/all 70 97
q 1 16 4 
q 1 17 3 
#c 17 3 green
# found/all 71 97
q 1 15 0 
#c 15 0 green
# found/all 72 97
q 1 16 1 
q 1 17 2 
#c 17 2 green
# found/all 73 97
q 1 17 4 
q 1 18 3 
q 1 14 0 
q 1 16 0 
q 1 17 1 
q 1 18 2 
q 16 8 4 8 5 8 6 8 7 9 4 9 5 9 6 9 7 10 4 10 5 10 6 10 7 11 4 11 5 11 6 11 7 
q 16 8 8 8 9 8 10 8 11 9 8 9 9 9 10 9 11 10 8 10 9 10 10 10 11 11 8 11 9 11 10 11 11 
q 4 8 8 8 9 9 8 9 9 
# SUM >= 2
# SUM >= 2
q 16 8 12 8 13 8 14 8 15 9 12 9 13 9 14 9 15 10 12 10 13 10 14 10 15 11 12 11 13 11 14 11 15 
# SUM >= 2
# SUM >= 2
q 16 8 16 8 17 8 18 8 19 9 16 9 17 9 18 9 19 10 16 10 17 10 18 10 19 11 16 11 17 11 18 11 19 
q 4 8 16 8 17 9 16 9 17 
q 1 9 17 
q 4 8 18 8 19 9 18 9 19 
q 4 10 16 10 17 11 16 11 17 
q 1 10 17 
q 4 10 18 10 19 11 18 11 19 
q 16 12 0 12 1 12 2 12 3 13 0 13 1 13 2 13 3 14 0 14 1 14 2 14 3 15 0 15 1 15 2 15 3 
q 4 12 0 12 1 13 0 13 1 
# SUM >= 2
# SUM >= 2
q 16 12 4 12 5 12 6 12 7 13 4 13 5 13 6 13 7 14 4 14 5 14 6 14 7 15 4 15 5 15 6 15 7 
q 4 12 4 12 5 13 4 13 5 
q 4 12 6 12 7 13 6 13 7 
q 4 14 4 14 5 15 4 15 5 
q 4 14 6 14 7 15 6 15 7 
q 1 14 6 
#c 14 6 green
# searchh
q 1 13 6 
q 1 14 5 
q 1 14 7 
#c 14 7 green
# found/all 76 97
q 1 15 6 
#c 15 6 green
# found/all 77 97
q 1 13 7 
q 1 14 8 
#c 14 8 green
# found/all 78 97
q 1 15 7 
#c 15 7 green
# found/all 79 97
q 1 15 5 
q 1 16 6 
#c 16 6 green
# found/all 80 97
q 1 13 8 
#c 13 8 green
# found/all 81 97
q 1 14 9 
#c 14 9 green
# found/all 82 97
q 1 15 8 
#c 15 8 green
# found/all 83 97
q 1 16 7 
#c 16 7 green
# found/all 85 97
q 1 16 5 
q 1 17 6 
q 1 12 8 
q 1 13 9 
#c 13 9 green
# found/all 86 97
q 1 14 10 
#c 14 10 green
# found/all 87 97
q 1 15 9 
q 1 16 8 
#c 16 8 green
# found/all 89 97
q 1 17 7 
#c 17 7 green
# found/all 90 97
q 1 13 10 
q 1 14 11 
#c 14 11 green
# found/all 91 97
q 1 15 10 
q 1 16 9 
q 1 17 8 
#c 17 8 green
# found/all 92 97
q 1 18 7 
#c 18 7 green
# found/all 93 97
q 1 13 11 
q 1 14 12 
#c 14 12 green
# found/all 94 97
q 1 15 11 
q 1 17 9 
q 1 18 8 
#c 18 8 green
# found/all 95 97
q 1 18 6 
#c 18 6 green
# found/all 96 97
q 1 19 7 
q 1 13 12 
q 1 14 13 
q 1 15 12 
q 1 18 9 
q 1 19 8 
q 1 18 5 
#c 18 5 green
# found/all 97 97
a 91 3 4 3 5 3 6 4 5 4 6 5 6 5 7 6 6 6 7 6 5 7 6 7 7 7 8 1 11 1 12 1 13 1 14 2 13 2 14 2 15 3 14 2 16 3 15 4 14 3 16 4 15 4 13 5 14 6 14 7 14 7 15 8 14 7 16 8 15 8 13 9 14 8 16 9 15 8 12 9 13 10 14 10 15 7 12 9 12 10 13 11 15 9 11 10 12 11 16 9 10 10 11 9 9 10 10 10 9 11 10 11 9 11 2 11 3 12 3 13 3 14 3 14 2 15 3 15 2 16 3 15 1 16 2 17 3 15 0 17 2 14 6 14 7 15 6 14 8 15 7 16 6 13 8 14 9 15 8 16 7 13 9 14 10 16 8 17 7 14 11 17 8 18 7 14 12 18 8 18 6 18 5 
