# [[0, 1], [1, 1], [2, 0], [2, 1]]
# [[0, 0], [1, 0], [1, 1], [1, 2]]
# [[0, 0], [0, 1], [1, 1], [2, 1]]
# [[0, 1], [1, 0], [1, 1], [2, 0]]
# [[0, 1], [1, 1], [2, 0], [2, 1]]
# [[0, 0], [0, 1], [0, 2], [1, 0]]
# [[0, 0], [0, 1], [1, 1], [2, 1]]
# [[0, 0], [0, 1], [1, 1], [2, 1]]
# [[0, 0], [1, 0], [1, 1], [2, 0]]
# [[0, 0], [0, 1], [1, 0], [1, 1]]
# [[0, 0], [0, 1], [0, 2], [1, 1]]
q 16 0 0 0 1 0 2 0 3 1 0 1 1 1 2 1 3 2 0 2 1 2 2 2 3 3 0 3 1 3 2 3 3 
q 4 0 0 0 1 1 0 1 1 
q 4 0 2 0 3 1 2 1 3 
q 4 2 0 2 1 3 0 3 1 
q 4 2 2 2 3 3 2 3 3 
q 16 0 4 0 5 0 6 0 7 1 4 1 5 1 6 1 7 2 4 2 5 2 6 2 7 3 4 3 5 3 6 3 7 
q 4 0 4 0 5 1 4 1 5 
q 1 0 4 
q 1 0 5 
#c 0 5 green
# searchh
q 1 0 6 
q 1 1 5 
#c 1 5 green
# found/all 2 44
q 1 1 4 
#c 1 4 green
# found/all 3 44
q 1 1 6 
q 1 2 5 
#c 2 5 green
# found/all 4 44
q 1 1 3 
q 1 2 4 
#c 2 4 green
# found/all 5 44
q 1 2 6 
#c 2 6 green
# found/all 6 44
q 1 3 5 
q 1 2 3 
q 1 3 4 
q 1 2 7 
#c 2 7 green
# found/all 7 44
q 1 3 6 
#c 3 6 green
# found/all 8 44
q 1 1 7 
q 1 2 8 
q 1 3 7 
q 1 4 6 
q 4 0 6 0 7 1 6 1 7 
# SUM >= 2
q 16 0 8 0 9 0 10 0 11 1 8 1 9 1 10 1 11 2 8 2 9 2 10 2 11 3 8 3 9 3 10 3 11 
q 4 0 8 0 9 1 8 1 9 
q 4 0 10 0 11 1 10 1 11 
q 4 2 8 2 9 3 8 3 9 
q 1 2 9 
#c 2 9 green
# searchh
q 1 1 9 
#c 1 9 green
# found/all 10 44
q 1 2 10 
q 1 3 9 
#c 3 9 green
# found/all 11 44
q 1 0 9 
q 1 1 8 
q 1 1 10 
q 1 3 8 
#c 3 8 green
# found/all 12 44
q 1 3 10 
q 1 4 9 
q 1 4 8 
q 4 2 10 2 11 3 10 3 11 
q 12 0 12 0 13 0 14 1 12 1 13 1 14 2 12 2 13 2 14 3 12 3 13 3 14 
q 4 0 12 0 13 1 12 1 13 
q 1 0 12 
#c 0 12 green
# searchh
q 1 0 11 
q 1 0 13 
#c 0 13 green
# found/all 14 44
q 1 1 12 
q 1 0 14 
q 1 1 13 
#c 1 13 green
# found/all 15 44
q 1 1 14 
q 1 2 13 
#c 2 13 green
# found/all 16 44
q 1 2 12 
q 1 2 14 
q 1 3 13 
q 2 0 14 1 14 
q 4 2 12 2 13 3 12 3 13 
q 1 3 12 
q 2 2 14 3 14 
q 16 4 0 4 1 4 2 4 3 5 0 5 1 5 2 5 3 6 0 6 1 6 2 6 3 7 0 7 1 7 2 7 3 
q 4 4 0 4 1 5 0 5 1 
q 4 4 2 4 3 5 2 5 3 
q 4 6 0 6 1 7 0 7 1 
q 1 6 0 
q 1 6 1 
q 1 7 0 
#c 7 0 green
# searchh
q 1 7 1 
#c 7 1 green
# found/all 19 44
q 1 8 0 
#c 8 0 green
# found/all 20 44
q 1 7 2 
q 1 8 1 
#c 8 1 green
# found/all 22 44
q 1 9 0 
q 1 8 2 
#c 8 2 green
# found/all 23 44
q 1 9 1 
#c 9 1 green
# found/all 25 44
q 1 8 3 
q 1 9 2 
q 1 10 1 
#c 10 1 green
# found/all 26 44
q 1 10 0 
q 1 10 2 
q 1 11 1 
#c 11 1 green
# found/all 27 44
q 1 11 0 
#c 11 0 green
# found/all 28 44
q 1 11 2 
q 1 12 1 
q 1 12 0 
q 4 6 2 6 3 7 2 7 3 
q 16 4 4 4 5 4 6 4 7 5 4 5 5 5 6 5 7 6 4 6 5 6 6 6 7 7 4 7 5 7 6 7 7 
q 4 4 4 4 5 5 4 5 5 
q 4 4 6 4 7 5 6 5 7 
q 4 6 4 6 5 7 4 7 5 
q 1 6 4 
q 1 6 5 
#c 6 5 green
# searchh
q 1 5 5 
q 1 6 6 
q 1 7 5 
#c 7 5 green
# found/all 30 44
q 1 7 4 
q 1 7 6 
#c 7 6 green
# found/all 31 44
q 1 8 5 
q 1 7 7 
#c 7 7 green
# found/all 32 44
q 1 8 6 
q 1 6 7 
q 1 7 8 
q 1 8 7 
# SUM >= 2
q 16 4 8 4 9 4 10 4 11 5 8 5 9 5 10 5 11 6 8 6 9 6 10 6 11 7 8 7 9 7 10 7 11 
q 4 4 8 4 9 5 8 5 9 
q 4 4 10 4 11 5 10 5 11 
q 4 6 8 6 9 7 8 7 9 
q 4 6 10 6 11 7 10 7 11 
q 1 6 10 
q 1 6 11 
q 1 7 10 
#c 7 10 green
# searchh
q 1 7 9 
#c 7 9 green
# found/all 34 44
q 1 7 11 
#c 7 11 green
# found/all 35 44
q 1 8 10 
q 1 6 9 
q 1 8 9 
#c 8 9 green
# found/all 36 44
q 1 7 12 
q 1 8 11 
q 1 8 8 
q 1 9 9 
q 12 4 12 4 13 4 14 5 12 5 13 5 14 6 12 6 13 6 14 7 12 7 13 7 14 
q 4 4 12 4 13 5 12 5 13 
q 2 4 14 5 14 
q 4 6 12 6 13 7 12 7 13 
q 2 6 14 7 14 
q 1 6 14 
#c 6 14 green
# searchh
q 1 5 14 
q 1 6 13 
#c 6 13 green
# found/all 38 44
q 1 7 14 
#c 7 14 green
# found/all 39 44
q 1 5 13 
q 1 6 12 
q 1 7 13 
q 1 8 14 
#c 8 14 green
# found/all 40 44
q 1 8 13 
q 1 9 14 
q 16 8 0 8 1 8 2 8 3 9 0 9 1 9 2 9 3 10 0 10 1 10 2 10 3 11 0 11 1 11 2 11 3 
# SUM >= 2
# SUM >= 2
q 16 8 4 8 5 8 6 8 7 9 4 9 5 9 6 9 7 10 4 10 5 10 6 10 7 11 4 11 5 11 6 11 7 
q 16 8 8 8 9 8 10 8 11 9 8 9 9 9 10 9 11 10 8 10 9 10 10 10 11 11 8 11 9 11 10 11 11 
q 4 8 8 8 9 9 8 9 9 
q 4 8 10 8 11 9 10 9 11 
q 4 10 8 10 9 11 8 11 9 
q 4 10 10 10 11 11 10 11 11 
q 12 8 12 8 13 8 14 9 12 9 13 9 14 10 12 10 13 10 14 11 12 11 13 11 14 
q 4 8 12 8 13 9 12 9 13 
q 2 8 14 9 14 
q 4 10 12 10 13 11 12 11 13 
q 2 10 14 11 14 
q 12 12 0 12 1 12 2 12 3 13 0 13 1 13 2 13 3 14 0 14 1 14 2 14 3 
q 4 12 0 12 1 13 0 13 1 
q 4 12 2 12 3 13 2 13 3 
q 1 12 2 
#c 12 2 green
# searchh
q 1 12 3 
#c 12 3 green
# found/all 42 44
q 1 13 2 
q 1 11 3 
q 1 12 4 
q 1 13 3 
#c 13 3 green
# found/all 43 44
q 1 13 4 
q 1 14 3 
#c 14 3 green
# found/all 44 44
a 41 0 5 1 5 1 4 2 5 2 4 2 6 2 7 3 6 2 9 1 9 3 9 3 8 0 12 0 13 1 13 2 13 7 0 7 1 8 0 8 1 8 2 9 1 10 1 11 1 11 0 6 5 7 5 7 6 7 7 7 10 7 9 7 11 8 9 6 14 6 13 7 14 8 14 12 2 12 3 13 3 14 3 
