# [[0, 3], [1, 3], [2, 0], [2, 1], [2, 2], [2, 3], [3, 0], [3, 1], [3, 2], [3, 3]]
# [[0, 0], [1, 0], [1, 1], [1, 2], [2, 1], [2, 2], [2, 3], [3, 2], [4, 1], [4, 2], [5, 2], [6, 1], [6, 2], [6, 3]]
# [[0, 1], [1, 1], [2, 0], [2, 1], [2, 2], [3, 1], [3, 2], [3, 3], [3, 4], [4, 2], [5, 2]]
# [[0, 3], [1, 3], [2, 0], [2, 1], [2, 3], [2, 4], [3, 0], [3, 1], [3, 2], [3, 3], [4, 2], [5, 2], [5, 3]]
# [[0, 0], [1, 0], [1, 1], [2, 0], [3, 0], [3, 1], [4, 0], [5, 0]]
# [[0, 1], [0, 3], [1, 0], [1, 1], [1, 2], [1, 3], [1, 4], [2, 2], [2, 3], [2, 4], [2, 5], [3, 2], [3, 3], [3, 4], [4, 4]]
# [[0, 0], [0, 1], [0, 2], [1, 0], [1, 1], [1, 2], [2, 0], [2, 1], [3, 0], [3, 1], [3, 2], [4, 1], [5, 0], [5, 1]]
# [[0, 2], [1, 0], [1, 1], [1, 2], [2, 2], [2, 3], [2, 4], [2, 5], [3, 2], [3, 4]]
# [[0, 1], [1, 1], [2, 0], [2, 1], [2, 2], [3, 0], [3, 1], [4, 1]]
# [[0, 2], [0, 4], [1, 2], [1, 4], [2, 1], [2, 2], [2, 3], [2, 4], [2, 5], [3, 1], [4, 0], [4, 1]]
# [[0, 1], [0, 3], [1, 1], [1, 3], [2, 1], [2, 2], [2, 3], [3, 0], [3, 1], [3, 2], [4, 0]]
# [[0, 1], [1, 0], [1, 1], [1, 2], [2, 1], [3, 0], [3, 1], [3, 2], [3, 3], [4, 0], [5, 0]]
# [[0, 2], [0, 3], [1, 1], [1, 2], [1, 3], [1, 4], [2, 1], [2, 2], [2, 4], [3, 0], [3, 1], [3, 2]]
# [[0, 1], [0, 2], [0, 3], [1, 0], [1, 1], [1, 2], [2, 1], [2, 2], [2, 3], [3, 0], [3, 1]]
# [[0, 1], [0, 2], [0, 3], [1, 0], [1, 1], [1, 2], [2, 1], [2, 2], [2, 3], [2, 4], [3, 0], [3, 1], [3, 2], [3, 3]]
q 16 0 0 0 1 0 2 0 3 1 0 1 1 1 2 1 3 2 0 2 1 2 2 2 3 3 0 3 1 3 2 3 3 
q 4 0 0 0 1 1 0 1 1 
q 4 0 2 0 3 1 2 1 3 
q 4 2 0 2 1 3 0 3 1 
q 4 2 2 2 3 3 2 3 3 
q 1 2 2 
#c 2 2 green
# searchh
q 1 1 2 
q 1 2 1 
q 1 2 3 
#c 2 3 green
# found/all 2 174
q 1 3 2 
q 1 1 3 
#c 1 3 green
# found/all 3 174
q 1 2 4 
#c 2 4 green
# found/all 5 174
q 1 3 3 
#c 3 3 green
# found/all 7 174
q 1 0 3 
q 1 1 4 
#c 1 4 green
# found/all 9 174
q 1 2 5 
#c 2 5 green
# found/all 10 174
q 1 3 4 
#c 3 4 green
# found/all 12 174
q 1 4 3 
#c 4 3 green
# found/all 13 174
q 1 0 4 
q 1 1 5 
#c 1 5 green
# found/all 14 174
q 1 2 6 
#c 2 6 green
# found/all 15 174
q 1 3 5 
#c 3 5 green
# found/all 18 174
q 1 4 4 
#c 4 4 green
# found/all 20 174
q 1 4 2 
#c 4 2 green
# found/all 21 174
q 1 5 3 
q 1 0 5 
q 1 1 6 
q 1 2 7 
#c 2 7 green
# found/all 23 174
q 1 3 6 
#c 3 6 green
# found/all 25 174
q 1 4 5 
#c 4 5 green
# found/all 28 174
q 1 5 4 
q 1 4 1 
q 1 5 2 
q 1 1 7 
q 1 2 8 
#c 2 8 green
# found/all 29 174
q 1 3 7 
#c 3 7 green
# found/all 30 174
q 1 4 6 
#c 4 6 green
# found/all 32 174
q 1 5 5 
#c 5 5 green
# found/all 34 174
q 1 1 8 
#c 1 8 green
# found/all 35 174
q 1 2 9 
#c 2 9 green
# found/all 36 174
q 1 3 8 
#c 3 8 green
# found/all 37 174
q 1 4 7 
#c 4 7 green
# found/all 39 174
q 1 5 6 
#c 5 6 green
# found/all 40 174
q 1 6 5 
#c 6 5 green
# found/all 41 174
q 1 0 8 
q 1 1 9 
q 1 2 10 
q 1 3 9 
q 1 4 8 
#c 4 8 green
# found/all 42 174
q 1 5 7 
#c 5 7 green
# found/all 44 174
q 1 6 6 
#c 6 6 green
# found/all 45 174
q 1 6 4 
q 1 7 5 
#c 7 5 green
# found/all 46 174
q 1 4 9 
#c 4 9 green
# found/all 47 174
q 1 5 8 
q 1 6 7 
#c 6 7 green
# found/all 48 174
q 1 7 6 
#c 7 6 green
# found/all 49 174
q 1 7 4 
q 1 8 5 
#c 8 5 green
# found/all 50 174
q 1 4 10 
#c 4 10 green
# found/all 51 174
q 1 5 9 
q 1 6 8 
q 1 7 7 
#c 7 7 green
# found/all 52 174
q 1 8 6 
#c 8 6 green
# found/all 53 174
q 1 8 4 
q 1 9 5 
q 1 3 10 
q 1 4 11 
#c 4 11 green
# found/all 54 174
q 1 5 10 
q 1 7 8 
q 1 8 7 
#c 8 7 green
# found/all 55 174
q 1 9 6 
q 1 3 11 
q 1 4 12 
#c 4 12 green
# found/all 58 174
q 1 5 11 
#c 5 11 green
# found/all 59 174
q 1 8 8 
q 1 9 7 
#c 9 7 green
# found/all 60 174
q 1 3 12 
#c 3 12 green
# found/all 61 174
q 1 4 13 
#c 4 13 green
# found/all 63 174
q 1 5 12 
#c 5 12 green
# found/all 65 174
q 1 6 11 
q 1 9 8 
#c 9 8 green
# found/all 66 174
q 1 10 7 
#c 10 7 green
# found/all 67 174
q 1 2 12 
#c 2 12 green
# found/all 68 174
q 1 3 13 
#c 3 13 green
# found/all 70 174
q 1 4 14 
#c 4 14 green
# found/all 73 174
q 1 5 13 
#c 5 13 green
# found/all 74 174
q 1 6 12 
#c 6 12 green
# found/all 76 174
q 1 9 9 
#c 9 9 green
# found/all 77 174
q 1 10 8 
q 1 10 6 
q 1 11 7 
q 1 1 12 
q 1 2 11 
q 1 2 13 
#c 2 13 green
# found/all 78 174
q 1 3 14 
#c 3 14 green
# found/all 79 174
q 1 4 15 
#c 4 15 green
# found/all 81 174
q 1 5 14 
#c 5 14 green
# found/all 84 174
q 1 6 13 
#c 6 13 green
# found/all 86 174
q 1 7 12 
#c 7 12 green
# found/all 87 174
q 1 8 9 
q 1 9 10 
#c 9 10 green
# found/all 88 174
q 1 10 9 
#c 10 9 green
# found/all 89 174
q 1 1 13 
q 1 2 14 
q 1 3 15 
#c 3 15 green
# found/all 91 174
q 1 4 16 
#c 4 16 green
# found/all 94 174
q 1 5 15 
#c 5 15 green
# found/all 96 174
q 1 6 14 
#c 6 14 green
# found/all 100 174
q 1 7 13 
#c 7 13 green
# found/all 101 174
q 1 7 11 
#c 7 11 green
# found/all 102 174
q 1 8 12 
q 1 8 10 
q 1 9 11 
q 1 10 10 
q 1 11 9 
q 1 2 15 
q 1 3 16 
#c 3 16 green
# found/all 103 174
q 1 4 17 
q 1 5 16 
#c 5 16 green
# found/all 105 174
q 1 6 15 
#c 6 15 green
# found/all 108 174
q 1 7 14 
q 1 8 13 
q 1 7 10 
q 1 8 11 
#c 8 11 green
# found/all 109 174
q 1 2 16 
q 1 3 17 
q 1 5 17 
#c 5 17 green
# found/all 112 174
q 1 6 16 
#c 6 16 green
# found/all 115 174
q 1 7 15 
#c 7 15 green
# found/all 117 174
q 1 5 18 
#c 5 18 green
# found/all 118 174
q 1 6 17 
#c 6 17 green
# found/all 119 174
q 1 7 16 
#c 7 16 green
# found/all 121 174
q 1 8 15 
#c 8 15 green
# found/all 124 174
q 1 4 18 
q 1 5 19 
q 1 6 18 
#c 6 18 green
# found/all 125 174
q 1 7 17 
#c 7 17 green
# found/all 126 174
q 1 8 16 
#c 8 16 green
# found/all 129 174
q 1 8 14 
#c 8 14 green
# found/all 130 174
q 1 9 15 
q 1 6 19 
#c 6 19 green
# found/all 131 174
q 1 7 18 
q 1 8 17 
#c 8 17 green
# found/all 132 174
q 1 9 16 
q 1 9 14 
q 1 7 19 
#c 7 19 green
# found/all 133 174
q 1 8 18 
q 1 9 17 
q 1 8 19 
q 16 0 4 0 5 0 6 0 7 1 4 1 5 1 6 1 7 2 4 2 5 2 6 2 7 3 4 3 5 3 6 3 7 
# SUM >= 2
# SUM >= 2
q 16 0 8 0 9 0 10 0 11 1 8 1 9 1 10 1 11 2 8 2 9 2 10 2 11 3 8 3 9 3 10 3 11 
q 4 0 8 0 9 1 8 1 9 
q 4 0 10 0 11 1 10 1 11 
# SUM >= 2
q 16 0 12 0 13 0 14 0 15 1 12 1 13 1 14 1 15 2 12 2 13 2 14 2 15 3 12 3 13 3 14 3 15 
q 4 0 12 0 13 1 12 1 13 
q 4 0 14 0 15 1 14 1 15 
# SUM >= 2
q 16 0 16 0 17 0 18 0 19 1 16 1 17 1 18 1 19 2 16 2 17 2 18 2 19 3 16 3 17 3 18 3 19 
q 4 0 16 0 17 1 16 1 17 
q 4 0 18 0 19 1 18 1 19 
q 4 2 16 2 17 3 16 3 17 
q 4 2 18 2 19 3 18 3 19 
q 16 4 0 4 1 4 2 4 3 5 0 5 1 5 2 5 3 6 0 6 1 6 2 6 3 7 0 7 1 7 2 7 3 
q 16 4 4 4 5 4 6 4 7 5 4 5 5 5 6 5 7 6 4 6 5 6 6 6 7 7 4 7 5 7 6 7 7 
# SUM >= 2
# SUM >= 2
q 16 4 8 4 9 4 10 4 11 5 8 5 9 5 10 5 11 6 8 6 9 6 10 6 11 7 8 7 9 7 10 7 11 
# SUM >= 2
q 4 6 8 6 9 7 8 7 9 
q 1 6 9 
q 1 7 9 
q 4 6 10 6 11 7 10 7 11 
q 16 4 12 4 13 4 14 4 15 5 12 5 13 5 14 5 15 6 12 6 13 6 14 6 15 7 12 7 13 7 14 7 15 
# SUM >= 2
# SUM >= 2
q 16 4 16 4 17 4 18 4 19 5 16 5 17 5 18 5 19 6 16 6 17 6 18 6 19 7 16 7 17 7 18 7 19 
# SUM >= 2
# SUM >= 2
q 16 8 0 8 1 8 2 8 3 9 0 9 1 9 2 9 3 10 0 10 1 10 2 10 3 11 0 11 1 11 2 11 3 
q 4 8 0 8 1 9 0 9 1 
q 4 8 2 8 3 9 2 9 3 
q 4 10 0 10 1 11 0 11 1 
q 4 10 2 10 3 11 2 11 3 
q 16 8 4 8 5 8 6 8 7 9 4 9 5 9 6 9 7 10 4 10 5 10 6 10 7 11 4 11 5 11 6 11 7 
q 4 8 4 8 5 9 4 9 5 
# SUM >= 2
q 4 10 4 10 5 11 4 11 5 
q 4 10 6 10 7 11 6 11 7 
q 16 8 8 8 9 8 10 8 11 9 8 9 9 9 10 9 11 10 8 10 9 10 10 10 11 11 8 11 9 11 10 11 11 
# SUM >= 2
q 4 10 8 10 9 11 8 11 9 
q 1 11 8 
q 4 10 10 10 11 11 10 11 11 
q 16 8 12 8 13 8 14 8 15 9 12 9 13 9 14 9 15 10 12 10 13 10 14 10 15 11 12 11 13 11 14 11 15 
q 4 8 12 8 13 9 12 9 13 
# SUM >= 2
q 4 10 12 10 13 11 12 11 13 
q 1 10 12 
q 1 10 13 
#c 10 13 green
# searchh
q 1 9 13 
q 1 10 14 
q 1 11 13 
#c 11 13 green
# found/all 135 174
q 1 11 12 
q 1 11 14 
#c 11 14 green
# found/all 136 174
q 1 12 13 
#c 12 13 green
# found/all 137 174
q 1 11 15 
q 1 12 14 
q 1 12 12 
q 1 13 13 
#c 13 13 green
# found/all 138 174
q 1 13 12 
q 1 13 14 
#c 13 14 green
# found/all 139 174
q 1 14 13 
#c 14 13 green
# found/all 140 174
q 1 13 15 
q 1 14 14 
q 1 14 12 
q 1 15 13 
#c 15 13 green
# found/all 141 174
q 1 15 12 
q 1 15 14 
q 1 16 13 
q 4 10 14 10 15 11 14 11 15 
q 16 8 16 8 17 8 18 8 19 9 16 9 17 9 18 9 19 10 16 10 17 10 18 10 19 11 16 11 17 11 18 11 19 
# SUM >= 2
q 4 10 16 10 17 11 16 11 17 
q 4 10 18 10 19 11 18 11 19 
q 16 12 0 12 1 12 2 12 3 13 0 13 1 13 2 13 3 14 0 14 1 14 2 14 3 15 0 15 1 15 2 15 3 
q 4 12 0 12 1 13 0 13 1 
q 4 12 2 12 3 13 2 13 3 
q 4 14 0 14 1 15 0 15 1 
q 4 14 2 14 3 15 2 15 3 
q 16 12 4 12 5 12 6 12 7 13 4 13 5 13 6 13 7 14 4 14 5 14 6 14 7 15 4 15 5 15 6 15 7 
q 4 12 4 12 5 13 4 13 5 
q 1 12 4 
q 1 12 5 
#c 12 5 green
# searchh
q 1 11 5 
q 1 12 6 
q 1 13 5 
#c 13 5 green
# found/all 143 174
q 1 13 4 
q 1 13 6 
q 1 14 5 
#c 14 5 green
# found/all 144 174
q 1 14 4 
#c 14 4 green
# found/all 145 174
q 1 14 6 
#c 14 6 green
# found/all 146 174
q 1 15 5 
q 1 14 3 
q 1 15 4 
#c 15 4 green
# found/all 147 174
q 1 14 7 
#c 14 7 green
# found/all 148 174
q 1 15 6 
q 1 15 3 
q 1 16 4 
#c 16 4 green
# found/all 149 174
q 1 13 7 
#c 13 7 green
# found/all 150 174
q 1 14 8 
#c 14 8 green
# found/all 151 174
q 1 15 7 
q 1 16 3 
#c 16 3 green
# found/all 152 174
q 1 16 5 
q 1 17 4 
q 1 12 7 
#c 12 7 green
# found/all 153 174
q 1 13 8 
q 1 14 9 
q 1 15 8 
#c 15 8 green
# found/all 154 174
q 1 16 2 
q 1 17 3 
q 1 12 8 
q 1 15 9 
#c 15 9 green
# found/all 155 174
q 1 16 8 
#c 16 8 green
# found/all 156 174
q 1 15 10 
#c 15 10 green
# found/all 157 174
q 1 16 9 
#c 16 9 green
# found/all 158 174
q 1 16 7 
#c 16 7 green
# found/all 159 174
q 1 17 8 
#c 17 8 green
# found/all 160 174
q 1 14 10 
q 1 15 11 
q 1 16 10 
q 1 17 9 
#c 17 9 green
# found/all 161 174
q 1 16 6 
q 1 17 7 
q 1 18 8 
#c 18 8 green
# found/all 162 174
q 1 17 10 
#c 17 10 green
# found/all 163 174
q 1 18 9 
q 1 18 7 
#c 18 7 green
# found/all 164 174
q 1 19 8 
q 1 17 11 
q 1 18 10 
q 1 18 6 
q 1 19 7 
# SUM >= 2
# SUM >= 2
q 16 12 8 12 9 12 10 12 11 13 8 13 9 13 10 13 11 14 8 14 9 14 10 14 11 15 8 15 9 15 10 15 11 
q 4 12 8 12 9 13 8 13 9 
q 4 12 10 12 11 13 10 13 11 
# SUM >= 2
q 16 12 12 12 13 12 14 12 15 13 12 13 13 13 14 13 15 14 12 14 13 14 14 14 15 15 12 15 13 15 14 15 15 
# SUM >= 2
# SUM >= 2
q 16 12 16 12 17 12 18 12 19 13 16 13 17 13 18 13 19 14 16 14 17 14 18 14 19 15 16 15 17 15 18 15 19 
q 16 16 0 16 1 16 2 16 3 17 0 17 1 17 2 17 3 18 0 18 1 18 2 18 3 19 0 19 1 19 2 19 3 
q 16 16 4 16 5 16 6 16 7 17 4 17 5 17 6 17 7 18 4 18 5 18 6 18 7 19 4 19 5 19 6 19 7 
q 4 16 4 16 5 17 4 17 5 
q 4 16 6 16 7 17 6 17 7 
q 4 18 4 18 5 19 4 19 5 
q 4 18 6 18 7 19 6 19 7 
q 16 16 8 16 9 16 10 16 11 17 8 17 9 17 10 17 11 18 8 18 9 18 10 18 11 19 8 19 9 19 10 19 11 
# SUM >= 2
q 4 18 8 18 9 19 8 19 9 
q 4 18 10 18 11 19 10 19 11 
q 16 16 12 16 13 16 14 16 15 17 12 17 13 17 14 17 15 18 12 18 13 18 14 18 15 19 12 19 13 19 14 19 15 
q 16 16 16 16 17 16 18 16 19 17 16 17 17 17 18 17 19 18 16 18 17 18 18 18 19 19 16 19 17 19 18 19 19 
q 4 16 16 16 17 17 16 17 17 
q 1 16 16 
q 1 16 17 
q 1 17 16 
q 1 17 17 
q 4 16 18 16 19 17 18 17 19 
q 1 16 18 
q 1 16 19 
#c 16 19 green
# searchh
q 1 15 19 
q 1 17 19 
#c 17 19 green
# found/all 166 174
q 1 17 18 
q 1 18 19 
#c 18 19 green
# found/all 167 174
q 1 18 18 
#c 18 18 green
# found/all 168 174
q 1 19 19 
#c 19 19 green
# found/all 169 174
q 1 18 17 
#c 18 17 green
# found/all 170 174
q 1 19 18 
#c 19 18 green
# found/all 171 174
q 1 18 16 
#c 18 16 green
# found/all 172 174
q 1 19 17 
#c 19 17 green
# found/all 173 174
q 1 18 15 
q 1 19 16 
#c 19 16 green
# found/all 174 174
a 127 2 2 2 3 1 3 2 4 3 3 1 4 2 5 3 4 4 3 1 5 2 6 3 5 4 4 4 2 2 7 3 6 4 5 2 8 3 7 4 6 5 5 1 8 2 9 3 8 4 7 5 6 6 5 4 8 5 7 6 6 7 5 4 9 6 7 7 6 8 5 4 10 7 7 8 6 4 11 8 7 4 12 5 11 9 7 3 12 4 13 5 12 9 8 10 7 2 12 3 13 4 14 5 13 6 12 9 9 2 13 3 14 4 15 5 14 6 13 7 12 9 10 10 9 3 15 4 16 5 15 6 14 7 13 7 11 3 16 5 16 6 15 8 11 5 17 6 16 7 15 5 18 6 17 7 16 8 15 6 18 7 17 8 16 8 14 6 19 8 17 7 19 10 13 11 13 11 14 12 13 13 13 13 14 14 13 15 13 12 5 13 5 14 5 14 4 14 6 15 4 14 7 16 4 13 7 14 8 16 3 12 7 15 8 15 9 16 8 15 10 16 9 16 7 17 8 17 9 18 8 17 10 18 7 16 19 17 19 18 19 18 18 19 19 18 17 19 18 18 16 19 17 19 16 
