# [[0, 0], [0, 1], [0, 2], [1, 1], [2, 0], [2, 1], [2, 2], [3, 1], [4, 1], [4, 2], [4, 3], [5, 1]]
# [[0, 0], [0, 2], [1, 0], [1, 1], [1, 2], [1, 3], [2, 0], [2, 1], [2, 2]]
# [[0, 3], [1, 2], [1, 3], [1, 4], [2, 3], [3, 0], [3, 1], [3, 2], [3, 3], [3, 4], [4, 3]]
# [[0, 1], [1, 0], [1, 1], [1, 2], [1, 3]]
# [[0, 0], [0, 1], [0, 2], [1, 0], [1, 1], [2, 1]]
# [[0, 4], [1, 3], [1, 4], [1, 5], [2, 0], [2, 1], [2, 2], [2, 3], [2, 4], [3, 2], [3, 3], [3, 4]]
# [[0, 0], [0, 1], [0, 3], [1, 0], [1, 1], [1, 2], [1, 3], [2, 1]]
q 16 0 0 0 1 0 2 0 3 1 0 1 1 1 2 1 3 2 0 2 1 2 2 2 3 3 0 3 1 3 2 3 3 
q 4 0 0 0 1 1 0 1 1 
q 4 0 2 0 3 1 2 1 3 
q 4 2 0 2 1 3 0 3 1 
q 4 2 2 2 3 3 2 3 3 
q 16 0 4 0 5 0 6 0 7 1 4 1 5 1 6 1 7 2 4 2 5 2 6 2 7 3 4 3 5 3 6 3 7 
q 4 0 4 0 5 1 4 1 5 
q 1 0 4 
#c 0 4 green
# searchh
q 1 0 3 
#c 0 3 green
# found/all 2 63
q 1 0 5 
#c 0 5 green
# found/all 3 63
q 1 1 4 
#c 1 4 green
# found/all 4 63
q 1 0 2 
q 1 1 3 
q 1 0 6 
q 1 1 5 
#c 1 5 green
# found/all 5 63
q 1 2 4 
#c 2 4 green
# found/all 6 63
q 1 1 6 
q 1 2 5 
#c 2 5 green
# found/all 8 63
q 1 2 3 
#c 2 3 green
# found/all 9 63
q 1 3 4 
#c 3 4 green
# found/all 10 63
q 1 2 6 
#c 2 6 green
# found/all 11 63
q 1 3 5 
#c 3 5 green
# found/all 12 63
q 1 2 2 
q 1 3 3 
q 1 4 4 
#c 4 4 green
# found/all 13 63
q 1 2 7 
#c 2 7 green
# found/all 14 63
q 1 3 6 
#c 3 6 green
# found/all 15 63
q 1 4 5 
#c 4 5 green
# found/all 16 63
q 1 4 3 
q 1 5 4 
#c 5 4 green
# found/all 17 63
q 1 1 7 
#c 1 7 green
# found/all 18 63
q 1 2 8 
#c 2 8 green
# found/all 19 63
q 1 3 7 
#c 3 7 green
# found/all 20 63
q 1 4 6 
#c 4 6 green
# found/all 21 63
q 1 5 5 
q 1 5 3 
q 1 6 4 
q 1 0 7 
q 1 1 8 
q 1 2 9 
q 1 3 8 
q 1 4 7 
q 1 5 6 
q 4 0 6 0 7 1 6 1 7 
# SUM >= 2
q 16 0 8 0 9 0 10 0 11 1 8 1 9 1 10 1 11 2 8 2 9 2 10 2 11 3 8 3 9 3 10 3 11 
q 16 0 12 0 13 0 14 0 15 1 12 1 13 1 14 1 15 2 12 2 13 2 14 2 15 3 12 3 13 3 14 3 15 
q 4 0 16 1 16 2 16 3 16 
q 16 4 0 4 1 4 2 4 3 5 0 5 1 5 2 5 3 6 0 6 1 6 2 6 3 7 0 7 1 7 2 7 3 
q 16 4 4 4 5 4 6 4 7 5 4 5 5 5 6 5 7 6 4 6 5 6 6 6 7 7 4 7 5 7 6 7 7 
# SUM >= 2
q 4 6 4 6 5 7 4 7 5 
q 4 6 6 6 7 7 6 7 7 
q 1 6 6 
#c 6 6 green
# searchh
q 1 6 5 
q 1 6 7 
#c 6 7 green
# found/all 23 63
q 1 7 6 
#c 7 6 green
# found/all 24 63
q 1 5 7 
q 1 6 8 
q 1 7 7 
#c 7 7 green
# found/all 25 63
q 1 7 5 
q 1 8 6 
q 1 7 8 
#c 7 8 green
# found/all 26 63
q 1 8 7 
#c 8 7 green
# found/all 27 63
q 1 7 9 
#c 7 9 green
# found/all 28 63
q 1 8 8 
q 1 9 7 
q 1 6 9 
#c 6 9 green
# found/all 29 63
q 1 7 10 
q 1 8 9 
q 1 5 9 
q 1 6 10 
q 16 4 8 4 9 4 10 4 11 5 8 5 9 5 10 5 11 6 8 6 9 6 10 6 11 7 8 7 9 7 10 7 11 
q 4 4 8 4 9 5 8 5 9 
q 4 4 10 4 11 5 10 5 11 
# SUM >= 2
q 16 4 12 4 13 4 14 4 15 5 12 5 13 5 14 5 15 6 12 6 13 6 14 6 15 7 12 7 13 7 14 7 15 
q 4 4 16 5 16 6 16 7 16 
q 16 8 0 8 1 8 2 8 3 9 0 9 1 9 2 9 3 10 0 10 1 10 2 10 3 11 0 11 1 11 2 11 3 
q 4 8 0 8 1 9 0 9 1 
q 1 8 0 
q 1 8 1 
q 1 9 0 
#c 9 0 green
# searchh
q 1 9 1 
#c 9 1 green
# found/all 31 63
q 1 10 0 
q 1 9 2 
#c 9 2 green
# found/all 32 63
q 1 10 1 
q 1 8 2 
q 1 9 3 
#c 9 3 green
# found/all 33 63
q 1 10 2 
#c 10 2 green
# found/all 34 63
q 1 8 3 
#c 8 3 green
# found/all 35 63
q 1 9 4 
#c 9 4 green
# found/all 36 63
q 1 10 3 
#c 10 3 green
# found/all 37 63
q 1 11 2 
q 1 7 3 
q 1 8 4 
#c 8 4 green
# found/all 38 63
q 1 9 5 
q 1 10 4 
#c 10 4 green
# found/all 39 63
q 1 11 3 
q 1 7 4 
#c 7 4 green
# found/all 40 63
q 1 8 5 
#c 8 5 green
# found/all 41 63
q 1 10 5 
q 1 11 4 
# SUM >= 2
q 4 10 0 10 1 11 0 11 1 
# SUM >= 2
q 16 8 4 8 5 8 6 8 7 9 4 9 5 9 6 9 7 10 4 10 5 10 6 10 7 11 4 11 5 11 6 11 7 
# SUM >= 2
q 4 10 4 10 5 11 4 11 5 
q 4 10 6 10 7 11 6 11 7 
q 16 8 8 8 9 8 10 8 11 9 8 9 9 9 10 9 11 10 8 10 9 10 10 10 11 11 8 11 9 11 10 11 11 
q 16 8 12 8 13 8 14 8 15 9 12 9 13 9 14 9 15 10 12 10 13 10 14 10 15 11 12 11 13 11 14 11 15 
q 4 8 16 9 16 10 16 11 16 
q 16 12 0 12 1 12 2 12 3 13 0 13 1 13 2 13 3 14 0 14 1 14 2 14 3 15 0 15 1 15 2 15 3 
q 16 12 4 12 5 12 6 12 7 13 4 13 5 13 6 13 7 14 4 14 5 14 6 14 7 15 4 15 5 15 6 15 7 
q 4 12 4 12 5 13 4 13 5 
q 4 12 6 12 7 13 6 13 7 
q 1 12 6 
#c 12 6 green
# searchh
q 1 11 6 
#c 11 6 green
# found/all 43 63
q 1 12 5 
#c 12 5 green
# found/all 44 63
q 1 12 7 
#c 12 7 green
# found/all 45 63
q 1 13 6 
#c 13 6 green
# found/all 46 63
q 1 10 6 
q 1 11 5 
q 1 11 7 
q 1 12 4 
q 1 13 5 
q 1 12 8 
q 1 13 7 
q 1 14 6 
#c 14 6 green
# found/all 47 63
q 1 14 5 
#c 14 5 green
# found/all 48 63
q 1 14 7 
#c 14 7 green
# found/all 50 63
q 1 15 6 
#c 15 6 green
# found/all 51 63
q 1 14 4 
#c 14 4 green
# found/all 52 63
q 1 15 5 
q 1 14 8 
#c 14 8 green
# found/all 53 63
q 1 15 7 
q 1 16 6 
q 1 13 4 
q 1 14 3 
#c 14 3 green
# found/all 54 63
q 1 15 4 
q 1 13 8 
#c 13 8 green
# found/all 55 63
q 1 14 9 
#c 14 9 green
# found/all 57 63
q 1 15 8 
q 1 13 3 
q 1 14 2 
q 1 15 3 
q 1 13 9 
q 1 14 10 
#c 14 10 green
# found/all 59 63
q 1 15 9 
#c 15 9 green
# found/all 60 63
q 1 13 10 
q 1 14 11 
#c 14 11 green
# found/all 61 63
q 1 15 10 
#c 15 10 green
# found/all 62 63
q 1 16 9 
q 1 13 11 
q 1 14 12 
q 1 15 11 
q 1 16 10 
#c 16 10 green
# found/all 63 63
a 59 0 4 0 3 0 5 1 4 1 5 2 4 2 5 2 3 3 4 2 6 3 5 4 4 2 7 3 6 4 5 5 4 1 7 2 8 3 7 4 6 6 6 6 7 7 6 7 7 7 8 8 7 7 9 6 9 9 0 9 1 9 2 9 3 10 2 8 3 9 4 10 3 8 4 10 4 7 4 8 5 12 6 11 6 12 5 12 7 13 6 14 6 14 5 14 7 15 6 14 4 14 8 14 3 13 8 14 9 14 10 15 9 14 11 15 10 16 10 
