# [[0, 0], [1, 0], [1, 1], [1, 2], [2, 2], [2, 3], [3, 2], [3, 3]]
# [[0, 3], [1, 3], [2, 0], [2, 2], [2, 3], [2, 4], [2, 5], [3, 0], [3, 1], [3, 2], [3, 3], [3, 5], [4, 1], [4, 2], [4, 3], [5, 1], [5, 2], [5, 3], [6, 0], [6, 1], [7, 1]]
# [[0, 5], [1, 0], [1, 1], [1, 2], [1, 3], [1, 4], [1, 5], [1, 6], [2, 1], [2, 2], [2, 3], [3, 0], [3, 1], [3, 2], [4, 2]]
# [[0, 2], [1, 0], [1, 1], [1, 2], [1, 3], [2, 2], [3, 1], [3, 2], [4, 2], [4, 3], [5, 3], [6, 3]]
# [[0, 4], [1, 2], [1, 3], [1, 4], [1, 5], [2, 3], [2, 4], [2, 5], [3, 2], [3, 3], [3, 4], [4, 0], [4, 1], [4, 2], [4, 3], [4, 4], [4, 5], [4, 6], [5, 0], [5, 3], [5, 4], [6, 2], [6, 3], [7, 3]]
# [[0, 2], [1, 0], [1, 1], [1, 2], [1, 3], [1, 4], [1, 5], [2, 0], [2, 2], [2, 4], [2, 5], [3, 4], [3, 5], [4, 3], [4, 4]]
q 16 0 0 0 1 0 2 0 3 1 0 1 1 1 2 1 3 2 0 2 1 2 2 2 3 3 0 3 1 3 2 3 3 
q 4 0 0 0 1 1 0 1 1 
q 4 0 2 0 3 1 2 1 3 
q 4 2 0 2 1 3 0 3 1 
q 4 2 2 2 3 3 2 3 3 
q 16 0 4 0 5 0 6 0 7 1 4 1 5 1 6 1 7 2 4 2 5 2 6 2 7 3 4 3 5 3 6 3 7 
q 4 0 4 0 5 1 4 1 5 
q 4 0 6 0 7 1 6 1 7 
q 4 2 4 2 5 3 4 3 5 
q 1 2 4 
q 1 2 5 
q 1 3 4 
#c 3 4 green
# searchh
q 1 3 3 
q 1 3 5 
#c 3 5 green
# found/all 2 95
q 1 4 4 
q 1 3 6 
#c 3 6 green
# found/all 3 95
q 1 4 5 
#c 4 5 green
# found/all 4 95
q 1 2 6 
#c 2 6 green
# found/all 5 95
q 1 3 7 
#c 3 7 green
# found/all 6 95
q 1 4 6 
#c 4 6 green
# found/all 8 95
q 1 5 5 
#c 5 5 green
# found/all 9 95
q 1 1 6 
q 1 2 7 
q 1 3 8 
#c 3 8 green
# found/all 10 95
q 1 4 7 
#c 4 7 green
# found/all 11 95
q 1 5 6 
#c 5 6 green
# found/all 13 95
q 1 5 4 
#c 5 4 green
# found/all 14 95
q 1 6 5 
#c 6 5 green
# found/all 15 95
q 1 2 8 
q 1 3 9 
#c 3 9 green
# found/all 17 95
q 1 4 8 
#c 4 8 green
# found/all 19 95
q 1 5 7 
#c 5 7 green
# found/all 20 95
q 1 6 6 
#c 6 6 green
# found/all 21 95
q 1 5 3 
q 1 6 4 
#c 6 4 green
# found/all 22 95
q 1 7 5 
#c 7 5 green
# found/all 23 95
q 1 2 9 
#c 2 9 green
# found/all 24 95
q 1 3 10 
#c 3 10 green
# found/all 26 95
q 1 4 9 
#c 4 9 green
# found/all 27 95
q 1 5 8 
#c 5 8 green
# found/all 28 95
q 1 6 7 
#c 6 7 green
# found/all 30 95
q 1 7 6 
#c 7 6 green
# found/all 31 95
q 1 6 3 
#c 6 3 green
# found/all 32 95
q 1 7 4 
q 1 8 5 
#c 8 5 green
# found/all 33 95
q 1 1 9 
q 1 2 10 
#c 2 10 green
# found/all 34 95
q 1 3 11 
#c 3 11 green
# found/all 36 95
q 1 4 10 
#c 4 10 green
# found/all 38 95
q 1 5 9 
#c 5 9 green
# found/all 39 95
q 1 6 8 
#c 6 8 green
# found/all 41 95
q 1 7 7 
#c 7 7 green
# found/all 42 95
q 1 8 6 
#c 8 6 green
# found/all 43 95
q 1 6 2 
#c 6 2 green
# found/all 44 95
q 1 7 3 
q 1 8 4 
#c 8 4 green
# found/all 45 95
q 1 9 5 
#c 9 5 green
# found/all 46 95
q 1 1 10 
q 1 2 11 
q 1 3 12 
#c 3 12 green
# found/all 48 95
q 1 4 11 
#c 4 11 green
# found/all 50 95
q 1 5 10 
#c 5 10 green
# found/all 51 95
q 1 6 9 
#c 6 9 green
# found/all 52 95
q 1 7 8 
#c 7 8 green
# found/all 53 95
q 1 8 7 
#c 8 7 green
# found/all 54 95
q 1 9 6 
q 1 5 2 
q 1 6 1 
q 1 7 2 
#c 7 2 green
# found/all 55 95
q 1 8 3 
q 1 9 4 
q 1 10 5 
q 1 2 12 
q 1 3 13 
#c 3 13 green
# found/all 57 95
q 1 4 12 
#c 4 12 green
# found/all 60 95
q 1 5 11 
#c 5 11 green
# found/all 62 95
q 1 6 10 
q 1 7 9 
#c 7 9 green
# found/all 63 95
q 1 8 8 
q 1 9 7 
#c 9 7 green
# found/all 64 95
q 1 7 1 
q 1 8 2 
q 1 2 13 
q 1 3 14 
#c 3 14 green
# found/all 66 95
q 1 4 13 
#c 4 13 green
# found/all 69 95
q 1 5 12 
#c 5 12 green
# found/all 71 95
q 1 6 11 
#c 6 11 green
# found/all 72 95
q 1 7 10 
q 1 8 9 
q 1 9 8 
q 1 10 7 
q 1 2 14 
q 1 3 15 
#c 3 15 green
# found/all 73 95
q 1 4 14 
#c 4 14 green
# found/all 74 95
q 1 5 13 
#c 5 13 green
# found/all 75 95
q 1 6 12 
#c 6 12 green
# found/all 77 95
q 1 7 11 
q 1 2 15 
#c 2 15 green
# found/all 78 95
q 1 3 16 
#c 3 16 green
# found/all 79 95
q 1 4 15 
#c 4 15 green
# found/all 80 95
q 1 5 14 
#c 5 14 green
# found/all 81 95
q 1 6 13 
#c 6 13 green
# found/all 82 95
q 1 7 12 
q 1 1 15 
q 1 2 16 
q 1 3 17 
q 1 4 16 
q 1 5 15 
q 1 6 14 
#c 6 14 green
# found/all 83 95
q 1 7 13 
q 1 6 15 
q 1 7 14 
#c 7 14 green
# found/all 84 95
q 1 7 15 
#c 7 15 green
# found/all 85 95
q 1 8 14 
q 1 7 16 
q 1 8 15 
#c 8 15 green
# found/all 86 95
q 1 8 16 
q 1 9 15 
#c 9 15 green
# found/all 87 95
q 1 9 14 
q 1 9 16 
q 1 10 15 
# SUM >= 2
q 16 0 8 0 9 0 10 0 11 1 8 1 9 1 10 1 11 2 8 2 9 2 10 2 11 3 8 3 9 3 10 3 11 
q 4 0 8 0 9 1 8 1 9 
q 4 0 10 0 11 1 10 1 11 
# SUM >= 2
q 16 0 12 0 13 0 14 0 15 1 12 1 13 1 14 1 15 2 12 2 13 2 14 2 15 3 12 3 13 3 14 3 15 
q 4 0 12 0 13 1 12 1 13 
q 4 0 14 0 15 1 14 1 15 
# SUM >= 2
q 8 0 16 0 17 1 16 1 17 2 16 2 17 3 16 3 17 
q 4 0 16 0 17 1 16 1 17 
q 4 2 16 2 17 3 16 3 17 
q 16 4 0 4 1 4 2 4 3 5 0 5 1 5 2 5 3 6 0 6 1 6 2 6 3 7 0 7 1 7 2 7 3 
q 4 4 0 4 1 5 0 5 1 
q 4 4 2 4 3 5 2 5 3 
q 4 6 0 6 1 7 0 7 1 
# SUM >= 2
q 16 4 4 4 5 4 6 4 7 5 4 5 5 5 6 5 7 6 4 6 5 6 6 6 7 7 4 7 5 7 6 7 7 
# SUM >= 2
# SUM >= 2
q 16 4 8 4 9 4 10 4 11 5 8 5 9 5 10 5 11 6 8 6 9 6 10 6 11 7 8 7 9 7 10 7 11 
# SUM >= 2
# SUM >= 2
q 16 4 12 4 13 4 14 4 15 5 12 5 13 5 14 5 15 6 12 6 13 6 14 6 15 7 12 7 13 7 14 7 15 
# SUM >= 2
# SUM >= 2
q 8 4 16 4 17 5 16 5 17 6 16 6 17 7 16 7 17 
q 16 8 0 8 1 8 2 8 3 9 0 9 1 9 2 9 3 10 0 10 1 10 2 10 3 11 0 11 1 11 2 11 3 
q 4 8 0 8 1 9 0 9 1 
q 4 8 2 8 3 9 2 9 3 
q 4 10 0 10 1 11 0 11 1 
q 4 10 2 10 3 11 2 11 3 
q 16 8 4 8 5 8 6 8 7 9 4 9 5 9 6 9 7 10 4 10 5 10 6 10 7 11 4 11 5 11 6 11 7 
# SUM >= 2
q 4 10 4 10 5 11 4 11 5 
q 4 10 6 10 7 11 6 11 7 
q 16 8 8 8 9 8 10 8 11 9 8 9 9 9 10 9 11 10 8 10 9 10 10 10 11 11 8 11 9 11 10 11 11 
q 4 8 8 8 9 9 8 9 9 
q 4 8 10 8 11 9 10 9 11 
q 4 10 8 10 9 11 8 11 9 
q 4 10 10 10 11 11 10 11 11 
q 16 8 12 8 13 8 14 8 15 9 12 9 13 9 14 9 15 10 12 10 13 10 14 10 15 11 12 11 13 11 14 11 15 
q 4 8 12 8 13 9 12 9 13 
# SUM >= 2
q 4 10 12 10 13 11 12 11 13 
q 4 10 14 10 15 11 14 11 15 
q 1 10 14 
q 1 11 14 
q 1 11 15 
q 8 8 16 8 17 9 16 9 17 10 16 10 17 11 16 11 17 
q 4 8 16 8 17 9 16 9 17 
q 4 10 16 10 17 11 16 11 17 
q 16 12 0 12 1 12 2 12 3 13 0 13 1 13 2 13 3 14 0 14 1 14 2 14 3 15 0 15 1 15 2 15 3 
q 4 12 0 12 1 13 0 13 1 
q 4 12 2 12 3 13 2 13 3 
q 4 14 0 14 1 15 0 15 1 
q 4 14 2 14 3 15 2 15 3 
q 16 12 4 12 5 12 6 12 7 13 4 13 5 13 6 13 7 14 4 14 5 14 6 14 7 15 4 15 5 15 6 15 7 
q 4 12 4 12 5 13 4 13 5 
q 4 12 6 12 7 13 6 13 7 
q 4 14 4 14 5 15 4 15 5 
q 4 14 6 14 7 15 6 15 7 
q 16 12 8 12 9 12 10 12 11 13 8 13 9 13 10 13 11 14 8 14 9 14 10 14 11 15 8 15 9 15 10 15 11 
q 4 12 8 12 9 13 8 13 9 
q 4 12 10 12 11 13 10 13 11 
q 4 14 8 14 9 15 8 15 9 
q 1 14 8 
#c 14 8 green
# searchh
q 1 13 8 
#c 13 8 green
# found/all 89 95
q 1 14 7 
q 1 14 9 
#c 14 9 green
# found/all 90 95
q 1 15 8 
q 1 12 8 
q 1 13 7 
q 1 13 9 
q 1 14 10 
#c 14 10 green
# found/all 91 95
q 1 15 9 
q 1 13 10 
q 1 14 11 
q 1 15 10 
#c 15 10 green
# found/all 92 95
q 1 15 11 
#c 15 11 green
# found/all 93 95
q 1 16 10 
#c 16 10 green
# found/all 94 95
q 1 15 12 
q 1 16 11 
#c 16 11 green
# found/all 95 95
a 75 3 4 3 5 3 6 4 5 2 6 3 7 4 6 5 5 3 8 4 7 5 6 5 4 6 5 3 9 4 8 5 7 6 6 6 4 7 5 2 9 3 10 4 9 5 8 6 7 7 6 6 3 8 5 2 10 3 11 4 10 5 9 6 8 7 7 8 6 6 2 8 4 9 5 3 12 4 11 5 10 6 9 7 8 8 7 7 2 3 13 4 12 5 11 7 9 9 7 3 14 4 13 5 12 6 11 3 15 4 14 5 13 6 12 2 15 3 16 4 15 5 14 6 13 6 14 7 14 7 15 8 15 9 15 14 8 13 8 14 9 14 10 15 10 15 11 16 10 16 11 
