# [[0, 2], [1, 2], [2, 0], [2, 1], [2, 2], [2, 3], [3, 1], [3, 2], [4, 2], [5, 2], [5, 3]]
# [[0, 2], [0, 3], [1, 0], [1, 1], [1, 2], [1, 3], [2, 1], [2, 2], [2, 3], [3, 2], [4, 2]]
# [[0, 2], [0, 3], [1, 1], [1, 2], [1, 3], [1, 4], [2, 0], [2, 1], [3, 0], [3, 1], [3, 2]]
# [[0, 1], [0, 2], [0, 3], [0, 4], [1, 0], [1, 1], [2, 0], [2, 1], [3, 0], [3, 1], [3, 2]]
# [[0, 1], [0, 2], [0, 3], [1, 0], [1, 1], [1, 3], [2, 1], [2, 2], [2, 3], [3, 0], [3, 1]]
# [[0, 0], [0, 1], [0, 2], [1, 0], [1, 1], [1, 2], [1, 3], [1, 4], [2, 0], [2, 1], [2, 4]]
# [[0, 0], [0, 1], [1, 0], [1, 1], [1, 2], [1, 3], [2, 1], [3, 1], [3, 2], [3, 3], [4, 3]]
q 16 0 0 0 1 0 2 0 3 1 0 1 1 1 2 1 3 2 0 2 1 2 2 2 3 3 0 3 1 3 2 3 3 
q 4 0 0 0 1 1 0 1 1 
q 4 0 2 0 3 1 2 1 3 
q 1 0 2 
q 1 0 3 
q 1 1 2 
q 1 1 3 
#c 1 3 green
# searchh
q 1 1 4 
#c 1 4 green
# found/all 2 77
q 1 2 3 
#c 2 3 green
# found/all 3 77
q 1 0 4 
#c 0 4 green
# found/all 4 77
q 1 1 5 
q 1 2 4 
#c 2 4 green
# found/all 5 77
q 1 2 2 
q 1 3 3 
#c 3 3 green
# found/all 6 77
q 1 0 5 
#c 0 5 green
# found/all 7 77
q 1 2 5 
q 1 3 4 
#c 3 4 green
# found/all 8 77
q 1 3 2 
q 1 4 3 
q 1 0 6 
#c 0 6 green
# found/all 9 77
q 1 3 5 
#c 3 5 green
# found/all 10 77
q 1 4 4 
q 1 0 7 
#c 0 7 green
# found/all 11 77
q 1 1 6 
q 1 3 6 
q 1 4 5 
q 1 0 8 
q 1 1 7 
q 4 2 0 2 1 3 0 3 1 
# SUM >= 2
q 16 0 4 0 5 0 6 0 7 1 4 1 5 1 6 1 7 2 4 2 5 2 6 2 7 3 4 3 5 3 6 3 7 
# SUM >= 2
# SUM >= 2
q 16 0 8 0 9 0 10 0 11 1 8 1 9 1 10 1 11 2 8 2 9 2 10 2 11 3 8 3 9 3 10 3 11 
q 4 0 8 0 9 1 8 1 9 
q 4 0 10 0 11 1 10 1 11 
q 1 0 10 
q 1 0 11 
q 1 1 10 
q 1 1 11 
#c 1 11 green
# searchh
q 1 1 12 
q 1 2 11 
#c 2 11 green
# found/all 13 77
q 1 2 10 
q 1 2 12 
q 1 3 11 
#c 3 11 green
# found/all 15 77
q 1 3 10 
#c 3 10 green
# found/all 16 77
q 1 3 12 
#c 3 12 green
# found/all 18 77
q 1 4 11 
#c 4 11 green
# found/all 20 77
q 1 3 9 
#c 3 9 green
# found/all 21 77
q 1 4 10 
#c 4 10 green
# found/all 23 77
q 1 3 13 
q 1 4 12 
#c 4 12 green
# found/all 24 77
q 1 5 11 
#c 5 11 green
# found/all 25 77
q 1 2 9 
q 1 3 8 
q 1 4 9 
q 1 5 10 
#c 5 10 green
# found/all 26 77
q 1 4 13 
#c 4 13 green
# found/all 27 77
q 1 5 12 
#c 5 12 green
# found/all 28 77
q 1 6 11 
#c 6 11 green
# found/all 30 77
q 1 5 9 
#c 5 9 green
# found/all 31 77
q 1 6 10 
#c 6 10 green
# found/all 32 77
q 1 4 14 
q 1 5 13 
#c 5 13 green
# found/all 33 77
q 1 6 12 
#c 6 12 green
# found/all 35 77
q 1 7 11 
q 1 5 8 
#c 5 8 green
# found/all 36 77
q 1 6 9 
#c 6 9 green
# found/all 37 77
q 1 7 10 
q 1 5 14 
q 1 6 13 
#c 6 13 green
# found/all 38 77
q 1 7 12 
q 1 4 8 
#c 4 8 green
# found/all 39 77
q 1 5 7 
q 1 6 8 
#c 6 8 green
# found/all 40 77
q 1 7 9 
q 1 6 14 
#c 6 14 green
# found/all 41 77
q 1 7 13 
#c 7 13 green
# found/all 42 77
q 1 4 7 
#c 4 7 green
# found/all 43 77
q 1 6 7 
#c 6 7 green
# found/all 44 77
q 1 7 8 
q 1 6 15 
#c 6 15 green
# found/all 45 77
q 1 7 14 
q 1 8 13 
#c 8 13 green
# found/all 46 77
q 1 3 7 
q 1 4 6 
#c 4 6 green
# found/all 47 77
q 1 6 6 
#c 6 6 green
# found/all 48 77
q 1 7 7 
q 1 5 15 
q 1 6 16 
q 1 7 15 
q 1 8 12 
q 1 8 14 
#c 8 14 green
# found/all 49 77
q 1 9 13 
q 1 5 6 
#c 5 6 green
# found/all 50 77
q 1 6 5 
q 1 7 6 
#c 7 6 green
# found/all 51 77
q 1 8 15 
#c 8 15 green
# found/all 52 77
q 1 9 14 
q 1 5 5 
#c 5 5 green
# found/all 53 77
q 1 7 5 
#c 7 5 green
# found/all 54 77
q 1 8 6 
q 1 8 16 
q 1 9 15 
#c 9 15 green
# found/all 55 77
q 1 5 4 
q 1 7 4 
q 1 8 5 
q 1 9 16 
q 1 10 15 
q 4 2 8 2 9 3 8 3 9 
q 1 2 8 
# SUM >= 2
q 16 0 12 0 13 0 14 0 15 1 12 1 13 1 14 1 15 2 12 2 13 2 14 2 15 3 12 3 13 3 14 3 15 
q 4 0 12 0 13 1 12 1 13 
q 4 0 14 0 15 1 14 1 15 
q 4 2 12 2 13 3 12 3 13 
q 1 2 13 
q 4 2 14 2 15 3 14 3 15 
q 8 0 16 0 17 1 16 1 17 2 16 2 17 3 16 3 17 
q 16 4 0 4 1 4 2 4 3 5 0 5 1 5 2 5 3 6 0 6 1 6 2 6 3 7 0 7 1 7 2 7 3 
q 16 4 4 4 5 4 6 4 7 5 4 5 5 5 6 5 7 6 4 6 5 6 6 6 7 7 4 7 5 7 6 7 7 
q 4 4 4 4 5 5 4 5 5 
# SUM >= 2
q 4 6 4 6 5 7 4 7 5 
# SUM >= 2
q 16 4 8 4 9 4 10 4 11 5 8 5 9 5 10 5 11 6 8 6 9 6 10 6 11 7 8 7 9 7 10 7 11 
# SUM >= 2
# SUM >= 2
q 16 4 12 4 13 4 14 4 15 5 12 5 13 5 14 5 15 6 12 6 13 6 14 6 15 7 12 7 13 7 14 7 15 
# SUM >= 2
# SUM >= 2
q 8 4 16 4 17 5 16 5 17 6 16 6 17 7 16 7 17 
q 4 4 16 4 17 5 16 5 17 
q 4 6 16 6 17 7 16 7 17 
q 16 8 0 8 1 8 2 8 3 9 0 9 1 9 2 9 3 10 0 10 1 10 2 10 3 11 0 11 1 11 2 11 3 
q 4 8 0 8 1 9 0 9 1 
q 4 8 2 8 3 9 2 9 3 
q 4 10 0 10 1 11 0 11 1 
q 4 10 2 10 3 11 2 11 3 
q 16 8 4 8 5 8 6 8 7 9 4 9 5 9 6 9 7 10 4 10 5 10 6 10 7 11 4 11 5 11 6 11 7 
q 4 8 4 8 5 9 4 9 5 
q 4 8 6 8 7 9 6 9 7 
q 4 10 4 10 5 11 4 11 5 
q 4 10 6 10 7 11 6 11 7 
q 16 8 8 8 9 8 10 8 11 9 8 9 9 9 10 9 11 10 8 10 9 10 10 10 11 11 8 11 9 11 10 11 11 
q 4 8 8 8 9 9 8 9 9 
q 4 8 10 8 11 9 10 9 11 
q 4 10 8 10 9 11 8 11 9 
q 4 10 10 10 11 11 10 11 11 
q 16 8 12 8 13 8 14 8 15 9 12 9 13 9 14 9 15 10 12 10 13 10 14 10 15 11 12 11 13 11 14 11 15 
q 4 8 12 8 13 9 12 9 13 
# SUM >= 2
q 4 10 12 10 13 11 12 11 13 
q 4 10 14 10 15 11 14 11 15 
q 8 8 16 8 17 9 16 9 17 10 16 10 17 11 16 11 17 
q 16 12 0 12 1 12 2 12 3 13 0 13 1 13 2 13 3 14 0 14 1 14 2 14 3 15 0 15 1 15 2 15 3 
q 16 12 4 12 5 12 6 12 7 13 4 13 5 13 6 13 7 14 4 14 5 14 6 14 7 15 4 15 5 15 6 15 7 
q 4 12 4 12 5 13 4 13 5 
q 1 12 4 
q 1 12 5 
#c 12 5 green
# searchh
q 1 11 5 
#c 11 5 green
# found/all 57 77
q 1 12 6 
#c 12 6 green
# found/all 59 77
q 1 13 5 
#c 13 5 green
# found/all 61 77
q 1 10 5 
q 1 11 4 
q 1 11 6 
#c 11 6 green
# found/all 62 77
q 1 12 7 
#c 12 7 green
# found/all 64 77
q 1 13 6 
#c 13 6 green
# found/all 66 77
q 1 13 4 
#c 13 4 green
# found/all 67 77
q 1 14 5 
#c 14 5 green
# found/all 68 77
q 1 10 6 
q 1 11 7 
#c 11 7 green
# found/all 69 77
q 1 12 8 
#c 12 8 green
# found/all 70 77
q 1 13 7 
#c 13 7 green
# found/all 71 77
q 1 14 6 
#c 14 6 green
# found/all 72 77
q 1 13 3 
q 1 14 4 
q 1 15 5 
q 1 10 7 
q 1 11 8 
q 1 12 9 
#c 12 9 green
# found/all 73 77
q 1 13 8 
q 1 14 7 
#c 14 7 green
# found/all 74 77
q 1 15 6 
#c 15 6 green
# found/all 75 77
q 1 11 9 
q 1 12 10 
q 1 13 9 
#c 13 9 green
# found/all 76 77
q 1 14 8 
q 1 15 7 
q 1 16 6 
#c 16 6 green
# found/all 77 77
a 67 1 3 1 4 2 3 0 4 2 4 3 3 0 5 3 4 0 6 3 5 0 7 1 11 2 11 3 11 3 10 3 12 4 11 3 9 4 10 4 12 5 11 5 10 4 13 5 12 6 11 5 9 6 10 5 13 6 12 5 8 6 9 6 13 4 8 6 8 6 14 7 13 4 7 6 7 6 15 8 13 4 6 6 6 8 14 5 6 7 6 8 15 5 5 7 5 9 15 12 5 11 5 12 6 13 5 11 6 12 7 13 6 13 4 14 5 11 7 12 8 13 7 14 6 12 9 14 7 15 6 13 9 16 6 
