# [[0, 3], [1, 0], [1, 1], [1, 3], [2, 1], [2, 2], [2, 3], [2, 4]]
# [[0, 2], [0, 3], [1, 2], [1, 3], [2, 0], [2, 1], [2, 2], [2, 3], [3, 1], [4, 1], [4, 2]]
# [[0, 3], [1, 0], [1, 1], [1, 2], [1, 3], [1, 4], [2, 0], [2, 1], [2, 2], [2, 4], [3, 2], [4, 2]]
# [[0, 0], [1, 0], [2, 0], [2, 1], [3, 0], [3, 1], [3, 2], [4, 1]]
# [[0, 1], [0, 2], [0, 3], [1, 1], [2, 0], [2, 1], [3, 1], [3, 2], [4, 2], [5, 2]]
# [[0, 1], [0, 2], [0, 3], [1, 0], [1, 1], [2, 1], [2, 2], [2, 3]]
# [[0, 1], [1, 0], [1, 1], [1, 2], [1, 3], [1, 4], [1, 5], [2, 2], [2, 3], [2, 4], [3, 2], [3, 4]]
q 16 0 0 0 1 0 2 0 3 1 0 1 1 1 2 1 3 2 0 2 1 2 2 2 3 3 0 3 1 3 2 3 3 
q 16 0 4 0 5 0 6 0 7 1 4 1 5 1 6 1 7 2 4 2 5 2 6 2 7 3 4 3 5 3 6 3 7 
q 4 0 4 0 5 1 4 1 5 
q 1 0 4 
q 1 0 5 
q 1 1 4 
q 1 1 5 
#c 1 5 green
# searchh
q 1 1 6 
#c 1 6 green
# found/all 2 69
q 1 2 5 
#c 2 5 green
# found/all 3 69
q 1 0 6 
q 1 1 7 
#c 1 7 green
# found/all 4 69
q 1 2 6 
q 1 2 4 
#c 2 4 green
# found/all 5 69
q 1 3 5 
#c 3 5 green
# found/all 6 69
q 1 0 7 
q 1 1 8 
q 1 2 7 
q 1 2 3 
q 1 3 4 
q 1 3 6 
#c 3 6 green
# found/all 7 69
q 1 4 5 
q 1 3 7 
#c 3 7 green
# found/all 8 69
q 1 4 6 
q 1 3 8 
q 1 4 7 
# SUM >= 2
# SUM >= 2
q 16 0 8 0 9 0 10 0 11 1 8 1 9 1 10 1 11 2 8 2 9 2 10 2 11 3 8 3 9 3 10 3 11 
q 16 0 12 0 13 0 14 0 15 1 12 1 13 1 14 1 15 2 12 2 13 2 14 2 15 3 12 3 13 3 14 3 15 
q 4 0 12 0 13 1 12 1 13 
q 1 0 12 
q 1 0 13 
q 1 1 12 
q 1 1 13 
#c 1 13 green
# searchh
q 1 1 14 
q 1 2 13 
#c 2 13 green
# found/all 10 69
q 1 2 12 
#c 2 12 green
# found/all 11 69
q 1 2 14 
#c 2 14 green
# found/all 12 69
q 1 3 13 
#c 3 13 green
# found/all 13 69
q 1 2 11 
q 1 3 12 
q 1 2 15 
#c 2 15 green
# found/all 14 69
q 1 3 14 
#c 3 14 green
# found/all 16 69
q 1 4 13 
#c 4 13 green
# found/all 17 69
q 1 1 15 
q 1 2 16 
#c 2 16 green
# found/all 18 69
q 1 3 15 
#c 3 15 green
# found/all 20 69
q 1 4 14 
#c 4 14 green
# found/all 21 69
q 1 4 12 
q 1 5 13 
#c 5 13 green
# found/all 22 69
q 1 1 16 
q 1 2 17 
#c 2 17 green
# found/all 23 69
q 1 3 16 
#c 3 16 green
# found/all 24 69
q 1 4 15 
q 1 5 14 
q 1 5 12 
#c 5 12 green
# found/all 25 69
q 1 6 13 
#c 6 13 green
# found/all 26 69
q 1 1 17 
q 1 3 17 
q 1 4 16 
#c 4 16 green
# found/all 27 69
q 1 5 11 
q 1 6 12 
q 1 6 14 
#c 6 14 green
# found/all 28 69
q 1 7 13 
q 1 4 17 
q 1 5 16 
q 1 6 15 
q 1 7 14 
#c 7 14 green
# found/all 29 69
q 1 7 15 
q 1 8 14 
#c 8 14 green
# found/all 30 69
q 1 8 13 
q 1 8 15 
q 1 9 14 
q 4 0 14 0 15 1 14 1 15 
# SUM >= 2
q 8 0 16 0 17 1 16 1 17 2 16 2 17 3 16 3 17 
q 4 0 16 0 17 1 16 1 17 
# SUM >= 2
q 16 4 0 4 1 4 2 4 3 5 0 5 1 5 2 5 3 6 0 6 1 6 2 6 3 7 0 7 1 7 2 7 3 
q 16 4 4 4 5 4 6 4 7 5 4 5 5 5 6 5 7 6 4 6 5 6 6 6 7 7 4 7 5 7 6 7 7 
q 4 4 4 4 5 5 4 5 5 
q 4 4 6 4 7 5 6 5 7 
q 4 6 4 6 5 7 4 7 5 
q 4 6 6 6 7 7 6 7 7 
q 16 4 8 4 9 4 10 4 11 5 8 5 9 5 10 5 11 6 8 6 9 6 10 6 11 7 8 7 9 7 10 7 11 
q 16 4 12 4 13 4 14 4 15 5 12 5 13 5 14 5 15 6 12 6 13 6 14 6 15 7 12 7 13 7 14 7 15 
# SUM >= 2
q 4 6 12 6 13 7 12 7 13 
# SUM >= 2
q 8 4 16 4 17 5 16 5 17 6 16 6 17 7 16 7 17 
q 16 8 0 8 1 8 2 8 3 9 0 9 1 9 2 9 3 10 0 10 1 10 2 10 3 11 0 11 1 11 2 11 3 
q 16 8 4 8 5 8 6 8 7 9 4 9 5 9 6 9 7 10 4 10 5 10 6 10 7 11 4 11 5 11 6 11 7 
q 4 8 4 8 5 9 4 9 5 
q 4 8 6 8 7 9 6 9 7 
q 4 10 4 10 5 11 4 11 5 
q 4 10 6 10 7 11 6 11 7 
q 16 8 8 8 9 8 10 8 11 9 8 9 9 9 10 9 11 10 8 10 9 10 10 10 11 11 8 11 9 11 10 11 11 
q 4 8 8 8 9 9 8 9 9 
q 4 8 10 8 11 9 10 9 11 
q 4 10 8 10 9 11 8 11 9 
q 1 10 8 
#c 10 8 green
# searchh
q 1 9 8 
q 1 10 7 
#c 10 7 green
# found/all 32 69
q 1 10 9 
#c 10 9 green
# found/all 33 69
q 1 11 8 
#c 11 8 green
# found/all 34 69
q 1 9 7 
q 1 10 6 
q 1 11 7 
#c 11 7 green
# found/all 35 69
q 1 9 9 
q 1 10 10 
#c 10 10 green
# found/all 36 69
q 1 11 9 
#c 11 9 green
# found/all 37 69
q 1 12 8 
q 1 11 6 
q 1 12 7 
q 1 9 10 
#c 9 10 green
# found/all 38 69
q 1 10 11 
#c 10 11 green
# found/all 39 69
q 1 11 10 
q 1 12 9 
#c 12 9 green
# found/all 40 69
q 1 8 10 
q 1 9 11 
q 1 10 12 
q 1 11 11 
#c 11 11 green
# found/all 41 69
q 1 12 10 
q 1 13 9 
#c 13 9 green
# found/all 42 69
q 1 11 12 
q 1 12 11 
q 1 13 8 
q 1 13 10 
q 1 14 9 
# SUM >= 2
q 16 8 12 8 13 8 14 8 15 9 12 9 13 9 14 9 15 10 12 10 13 10 14 10 15 11 12 11 13 11 14 11 15 
q 8 8 16 8 17 9 16 9 17 10 16 10 17 11 16 11 17 
q 16 12 0 12 1 12 2 12 3 13 0 13 1 13 2 13 3 14 0 14 1 14 2 14 3 15 0 15 1 15 2 15 3 
q 4 12 0 12 1 13 0 13 1 
q 4 12 2 12 3 13 2 13 3 
q 4 14 0 14 1 15 0 15 1 
q 4 14 2 14 3 15 2 15 3 
q 1 14 2 
q 1 14 3 
#c 14 3 green
# searchh
q 1 13 3 
#c 13 3 green
# found/all 44 69
q 1 14 4 
#c 14 4 green
# found/all 45 69
q 1 15 3 
#c 15 3 green
# found/all 46 69
q 1 12 3 
q 1 13 2 
q 1 13 4 
#c 13 4 green
# found/all 47 69
q 1 14 5 
q 1 15 4 
#c 15 4 green
# found/all 48 69
q 1 15 2 
#c 15 2 green
# found/all 49 69
q 1 16 3 
#c 16 3 green
# found/all 50 69
q 1 12 4 
q 1 13 5 
q 1 15 5 
#c 15 5 green
# found/all 51 69
q 1 16 4 
q 1 15 1 
#c 15 1 green
# found/all 52 69
q 1 16 2 
#c 16 2 green
# found/all 54 69
q 1 17 3 
#c 17 3 green
# found/all 56 69
q 1 15 6 
#c 15 6 green
# found/all 57 69
q 1 16 5 
#c 16 5 green
# found/all 58 69
q 1 14 1 
q 1 15 0 
q 1 16 1 
q 1 17 2 
#c 17 2 green
# found/all 59 69
q 1 17 4 
#c 17 4 green
# found/all 60 69
q 1 14 6 
#c 14 6 green
# found/all 61 69
q 1 15 7 
#c 15 7 green
# found/all 62 69
q 1 16 6 
#c 16 6 green
# found/all 63 69
q 1 17 5 
#c 17 5 green
# found/all 64 69
q 1 17 1 
q 1 13 6 
#c 13 6 green
# found/all 65 69
q 1 14 7 
q 1 15 8 
q 1 16 7 
#c 16 7 green
# found/all 66 69
q 1 17 6 
#c 17 6 green
# found/all 67 69
q 1 12 6 
q 1 13 7 
q 1 16 8 
#c 16 8 green
# found/all 68 69
q 1 17 7 
#c 17 7 green
# found/all 69 69
a 65 1 5 1 6 2 5 1 7 2 4 3 5 3 6 3 7 1 13 2 13 2 12 2 14 3 13 2 15 3 14 4 13 2 16 3 15 4 14 5 13 2 17 3 16 5 12 6 13 4 16 6 14 7 14 8 14 10 8 10 7 10 9 11 8 11 7 10 10 11 9 9 10 10 11 12 9 11 11 13 9 14 3 13 3 14 4 15 3 13 4 15 4 15 2 16 3 15 5 15 1 16 2 17 3 15 6 16 5 17 2 17 4 14 6 15 7 16 6 17 5 13 6 16 7 17 6 16 8 17 7 
