# [[0, 1], [1, 0], [1, 1], [2, 0], [3, 0]]
# [[0, 2], [1, 0], [1, 1], [1, 2], [2, 2]]
# [[0, 0], [1, 0], [1, 2], [2, 0], [2, 1], [2, 2], [2, 3]]
# [[0, 0], [1, 0], [1, 1], [1, 2], [2, 1]]
# [[0, 1], [1, 0], [1, 1], [1, 2], [2, 1]]
# [[0, 0], [0, 2], [1, 0], [1, 1], [1, 2], [2, 1], [2, 2]]
# [[0, 0], [0, 1], [1, 1], [2, 1], [2, 2]]
# [[0, 0], [0, 1], [0, 2], [0, 3], [1, 2], [2, 2], [3, 2]]
# [[0, 2], [1, 0], [1, 1], [1, 2], [1, 3], [2, 0], [2, 2]]
# [[0, 0], [1, 0], [2, 0], [2, 1], [2, 2], [2, 3], [2, 4]]
# [[0, 1], [1, 0], [1, 1], [1, 2], [1, 3], [2, 2]]
# [[0, 1], [1, 0], [1, 1], [2, 1], [3, 1]]
# [[0, 1], [1, 1], [2, 0], [2, 1], [2, 2], [2, 3], [3, 3]]
# [[0, 0], [0, 1], [1, 1], [2, 0], [2, 1]]
q 16 0 0 0 1 0 2 0 3 1 0 1 1 1 2 1 3 2 0 2 1 2 2 2 3 3 0 3 1 3 2 3 3 
q 4 0 0 0 1 1 0 1 1 
q 4 0 2 0 3 1 2 1 3 
q 1 0 2 
q 1 0 3 
q 1 1 2 
q 1 1 3 
#c 1 3 green
# searchh
q 1 1 4 
#c 1 4 green
# found/all 2 83
q 1 2 3 
#c 2 3 green
# found/all 4 83
q 1 0 4 
q 1 1 5 
#c 1 5 green
# found/all 5 83
q 1 2 4 
q 1 2 2 
q 1 3 3 
#c 3 3 green
# found/all 6 83
q 1 0 5 
#c 0 5 green
# found/all 7 83
q 1 1 6 
#c 1 6 green
# found/all 8 83
q 1 2 5 
#c 2 5 green
# found/all 9 83
q 1 3 2 
q 1 3 4 
q 1 4 3 
#c 4 3 green
# found/all 10 83
q 1 0 6 
q 1 1 7 
q 1 2 6 
q 1 3 5 
#c 3 5 green
# found/all 11 83
q 1 4 2 
q 1 4 4 
#c 4 4 green
# found/all 12 83
q 1 5 3 
q 1 3 6 
q 1 4 5 
#c 4 5 green
# found/all 13 83
q 1 5 4 
q 1 4 6 
#c 4 6 green
# found/all 14 83
q 1 5 5 
q 1 4 7 
#c 4 7 green
# found/all 15 83
q 1 5 6 
q 1 3 7 
#c 3 7 green
# found/all 16 83
q 1 4 8 
#c 4 8 green
# found/all 19 83
q 1 5 7 
#c 5 7 green
# found/all 20 83
q 1 2 7 
q 1 3 8 
#c 3 8 green
# found/all 21 83
q 1 4 9 
#c 4 9 green
# found/all 23 83
q 1 5 8 
#c 5 8 green
# found/all 24 83
q 1 6 7 
q 1 2 8 
q 1 3 9 
q 1 4 10 
#c 4 10 green
# found/all 26 83
q 1 5 9 
#c 5 9 green
# found/all 27 83
q 1 6 8 
q 1 3 10 
#c 3 10 green
# found/all 28 83
q 1 4 11 
q 1 5 10 
#c 5 10 green
# found/all 29 83
q 1 6 9 
#c 6 9 green
# found/all 30 83
q 1 2 10 
q 1 3 11 
q 1 5 11 
q 1 6 10 
q 1 7 9 
#c 7 9 green
# found/all 31 83
q 1 7 8 
q 1 7 10 
q 1 8 9 
q 4 2 0 2 1 3 0 3 1 
# SUM >= 2
q 16 0 4 0 5 0 6 0 7 1 4 1 5 1 6 1 7 2 4 2 5 2 6 2 7 3 4 3 5 3 6 3 7 
# SUM >= 2
# SUM >= 2
q 16 0 8 0 9 0 10 0 11 1 8 1 9 1 10 1 11 2 8 2 9 2 10 2 11 3 8 3 9 3 10 3 11 
q 4 0 8 0 9 1 8 1 9 
q 4 0 10 0 11 1 10 1 11 
q 4 2 8 2 9 3 8 3 9 
q 4 2 10 2 11 3 10 3 11 
q 16 0 12 0 13 0 14 0 15 1 12 1 13 1 14 1 15 2 12 2 13 2 14 2 15 3 12 3 13 3 14 3 15 
q 4 0 12 0 13 1 12 1 13 
q 1 0 12 
q 1 0 13 
q 1 1 12 
#c 1 12 green
# searchh
q 1 1 11 
q 1 1 13 
q 1 2 12 
#c 2 12 green
# found/all 33 83
q 1 2 11 
q 1 2 13 
#c 2 13 green
# found/all 34 83
q 1 3 12 
q 1 2 14 
#c 2 14 green
# found/all 35 83
q 1 3 13 
#c 3 13 green
# found/all 36 83
q 1 1 14 
#c 1 14 green
# found/all 37 83
q 1 2 15 
q 1 3 14 
#c 3 14 green
# found/all 38 83
q 1 4 13 
q 1 0 14 
q 1 1 15 
q 1 3 15 
q 1 4 14 
q 4 0 14 0 15 1 14 1 15 
# SUM >= 2
q 4 0 16 1 16 2 16 3 16 
q 16 4 0 4 1 4 2 4 3 5 0 5 1 5 2 5 3 6 0 6 1 6 2 6 3 7 0 7 1 7 2 7 3 
q 16 4 4 4 5 4 6 4 7 5 4 5 5 5 6 5 7 6 4 6 5 6 6 6 7 7 4 7 5 7 6 7 7 
# SUM >= 2
q 4 6 4 6 5 7 4 7 5 
q 1 6 4 
q 1 6 5 
q 1 7 4 
#c 7 4 green
# searchh
q 1 7 3 
q 1 7 5 
q 1 8 4 
#c 8 4 green
# found/all 40 83
q 1 8 3 
#c 8 3 green
# found/all 41 83
q 1 8 5 
#c 8 5 green
# found/all 42 83
q 1 9 4 
q 1 8 2 
#c 8 2 green
# found/all 44 83
q 1 9 3 
q 1 8 6 
#c 8 6 green
# found/all 45 83
q 1 9 5 
#c 9 5 green
# found/all 46 83
q 1 7 2 
q 1 8 1 
#c 8 1 green
# found/all 48 83
q 1 9 2 
#c 9 2 green
# found/all 49 83
q 1 7 6 
q 1 8 7 
q 1 9 6 
q 1 10 5 
q 1 7 1 
#c 7 1 green
# found/all 50 83
q 1 8 0 
#c 8 0 green
# found/all 51 83
q 1 9 1 
#c 9 1 green
# found/all 54 83
q 1 10 2 
#c 10 2 green
# found/all 56 83
q 1 6 1 
q 1 7 0 
q 1 9 0 
q 1 10 1 
#c 10 1 green
# found/all 57 83
q 1 10 3 
#c 10 3 green
# found/all 58 83
q 1 11 2 
#c 11 2 green
# found/all 59 83
q 1 10 0 
#c 10 0 green
# found/all 60 83
q 1 11 1 
q 1 10 4 
q 1 11 3 
#c 11 3 green
# found/all 61 83
q 1 12 2 
q 1 11 0 
q 1 11 4 
q 1 12 3 
q 4 6 6 6 7 7 6 7 7 
q 16 4 8 4 9 4 10 4 11 5 8 5 9 5 10 5 11 6 8 6 9 6 10 6 11 7 8 7 9 7 10 7 11 
# SUM >= 2
# SUM >= 2
q 16 4 12 4 13 4 14 4 15 5 12 5 13 5 14 5 15 6 12 6 13 6 14 6 15 7 12 7 13 7 14 7 15 
q 4 4 12 4 13 5 12 5 13 
q 1 4 12 
q 1 5 12 
q 1 5 13 
#c 5 13 green
# searchh
q 1 5 14 
#c 5 14 green
# found/all 63 83
q 1 6 13 
q 1 5 15 
q 1 6 14 
#c 6 14 green
# found/all 64 83
q 1 6 15 
q 1 7 14 
#c 7 14 green
# found/all 66 83
q 1 7 13 
q 1 7 15 
#c 7 15 green
# found/all 67 83
q 1 8 14 
#c 8 14 green
# found/all 68 83
q 1 7 16 
q 1 8 15 
#c 8 15 green
# found/all 69 83
q 1 8 13 
q 1 9 14 
q 1 8 16 
#c 8 16 green
# found/all 70 83
q 1 9 15 
#c 9 15 green
# found/all 71 83
q 1 9 16 
q 1 10 15 
#c 10 15 green
# found/all 72 83
q 1 10 14 
#c 10 14 green
# found/all 73 83
q 1 10 16 
q 1 11 15 
q 1 10 13 
#c 10 13 green
# found/all 74 83
q 1 11 14 
q 1 9 13 
q 1 10 12 
#c 10 12 green
# found/all 75 83
q 1 11 13 
q 1 9 12 
q 1 10 11 
#c 10 11 green
# found/all 76 83
q 1 11 12 
q 1 9 11 
#c 9 11 green
# found/all 77 83
q 1 10 10 
q 1 11 11 
q 1 8 11 
#c 8 11 green
# found/all 78 83
q 1 9 10 
q 1 7 11 
q 1 8 10 
q 1 8 12 
q 4 4 14 4 15 5 14 5 15 
q 4 6 12 6 13 7 12 7 13 
q 1 6 12 
q 1 7 12 
# SUM >= 2
q 4 4 16 5 16 6 16 7 16 
q 16 8 0 8 1 8 2 8 3 9 0 9 1 9 2 9 3 10 0 10 1 10 2 10 3 11 0 11 1 11 2 11 3 
# SUM >= 2
# SUM >= 2
q 16 8 4 8 5 8 6 8 7 9 4 9 5 9 6 9 7 10 4 10 5 10 6 10 7 11 4 11 5 11 6 11 7 
# SUM >= 2
q 4 10 4 10 5 11 4 11 5 
q 4 10 6 10 7 11 6 11 7 
q 16 8 8 8 9 8 10 8 11 9 8 9 9 9 10 9 11 10 8 10 9 10 10 10 11 11 8 11 9 11 10 11 11 
q 4 8 8 8 9 9 8 9 9 
# SUM >= 2
q 4 10 8 10 9 11 8 11 9 
q 4 10 10 10 11 11 10 11 11 
q 16 8 12 8 13 8 14 8 15 9 12 9 13 9 14 9 15 10 12 10 13 10 14 10 15 11 12 11 13 11 14 11 15 
q 4 8 12 8 13 9 12 9 13 
# SUM >= 2
# SUM >= 2
q 4 8 16 9 16 10 16 11 16 
q 16 12 0 12 1 12 2 12 3 13 0 13 1 13 2 13 3 14 0 14 1 14 2 14 3 15 0 15 1 15 2 15 3 
q 16 12 4 12 5 12 6 12 7 13 4 13 5 13 6 13 7 14 4 14 5 14 6 14 7 15 4 15 5 15 6 15 7 
q 4 12 4 12 5 13 4 13 5 
q 4 12 6 12 7 13 6 13 7 
q 1 12 6 
q 1 12 7 
q 1 13 6 
q 1 13 7 
q 4 14 4 14 5 15 4 15 5 
q 1 14 4 
#c 14 4 green
# searchh
q 1 13 4 
q 1 14 3 
q 1 14 5 
#c 14 5 green
# found/all 80 83
q 1 15 4 
#c 15 4 green
# found/all 81 83
q 1 13 5 
#c 13 5 green
# found/all 82 83
q 1 14 6 
q 1 15 5 
q 1 15 3 
q 1 16 4 
#c 16 4 green
# found/all 83 83
a 72 1 3 1 4 2 3 1 5 3 3 0 5 1 6 2 5 4 3 3 5 4 4 4 5 4 6 4 7 3 7 4 8 5 7 3 8 4 9 5 8 4 10 5 9 3 10 5 10 6 9 7 9 1 12 2 12 2 13 2 14 3 13 1 14 3 14 7 4 8 4 8 3 8 5 8 2 8 6 9 5 8 1 9 2 7 1 8 0 9 1 10 2 10 1 10 3 11 2 10 0 11 3 5 13 5 14 6 14 7 14 7 15 8 14 8 15 8 16 9 15 10 15 10 14 10 13 10 12 10 11 9 11 8 11 14 4 14 5 15 4 13 5 16 4 
