# [[0, 0], [0, 1], [1, 0], [1, 1], [2, 0]]
# [[0, 0], [1, 0], [1, 1], [2, 1], [2, 2]]
# [[0, 0], [1, 0], [2, 0], [2, 1], [3, 1]]
# [[0, 0], [0, 1], [1, 1], [1, 2], [2, 1]]
# [[0, 0], [0, 1], [0, 2], [1, 1], [2, 1]]
q 16 0 0 0 1 0 2 0 3 1 0 1 1 1 2 1 3 2 0 2 1 2 2 2 3 3 0 3 1 3 2 3 3 
q 4 0 0 0 1 1 0 1 1 
q 1 0 0 
q 1 0 1 
q 1 1 0 
q 1 1 1 
q 4 0 2 0 3 1 2 1 3 
q 4 2 0 2 1 3 0 3 1 
q 1 2 0 
q 1 2 1 
q 1 3 0 
#c 3 0 green
# searchh
q 1 3 1 
#c 3 1 green
# found/all 2 25
q 1 4 0 
q 1 3 2 
#c 3 2 green
# found/all 3 25
q 1 4 1 
#c 4 1 green
# found/all 4 25
q 1 2 2 
q 1 3 3 
q 1 4 2 
q 1 5 1 
#c 5 1 green
# found/all 5 25
q 1 5 0 
q 1 5 2 
q 1 6 1 
q 4 2 2 2 3 3 2 3 3 
q 1 2 3 
q 16 0 4 0 5 0 6 0 7 1 4 1 5 1 6 1 7 2 4 2 5 2 6 2 7 3 4 3 5 3 6 3 7 
q 4 0 4 0 5 1 4 1 5 
q 4 0 6 0 7 1 6 1 7 
q 1 0 6 
q 1 0 7 
q 1 1 6 
q 1 1 7 
q 4 2 4 2 5 3 4 3 5 
q 1 2 4 
q 1 2 5 
#c 2 5 green
# searchh
q 1 1 5 
#c 1 5 green
# found/all 7 25
q 1 2 6 
q 1 3 5 
#c 3 5 green
# found/all 8 25
q 1 0 5 
q 1 1 4 
q 1 3 4 
q 1 3 6 
#c 3 6 green
# found/all 9 25
q 1 4 5 
q 1 3 7 
q 1 4 6 
#c 4 6 green
# found/all 10 25
q 1 4 7 
q 1 5 6 
q 4 2 6 2 7 3 6 3 7 
q 1 2 7 
q 16 0 8 0 9 0 10 0 11 1 8 1 9 1 10 1 11 2 8 2 9 2 10 2 11 3 8 3 9 3 10 3 11 
q 4 0 8 0 9 1 8 1 9 
q 1 0 8 
q 1 0 9 
q 1 1 8 
#c 1 8 green
# searchh
q 1 1 9 
q 1 2 8 
#c 2 8 green
# found/all 12 25
q 1 2 9 
#c 2 9 green
# found/all 13 25
q 1 3 8 
q 1 2 10 
q 1 3 9 
#c 3 9 green
# found/all 14 25
q 1 3 10 
#c 3 10 green
# found/all 15 25
q 1 4 9 
q 1 3 11 
q 1 4 10 
q 4 0 10 0 11 1 10 1 11 
# SUM >= 2
q 16 4 0 4 1 4 2 4 3 5 0 5 1 5 2 5 3 6 0 6 1 6 2 6 3 7 0 7 1 7 2 7 3 
# SUM >= 2
q 4 6 0 6 1 7 0 7 1 
q 4 6 2 6 3 7 2 7 3 
q 1 6 2 
q 1 6 3 
q 1 7 2 
q 1 7 3 
q 16 4 4 4 5 4 6 4 7 5 4 5 5 5 6 5 7 6 4 6 5 6 6 6 7 7 4 7 5 7 6 7 7 
q 4 4 4 4 5 5 4 5 5 
q 4 4 6 4 7 5 6 5 7 
q 4 6 4 6 5 7 4 7 5 
q 1 6 4 
q 1 6 5 
q 1 7 4 
q 1 7 5 
q 4 6 6 6 7 7 6 7 7 
q 1 6 6 
q 1 6 7 
#c 6 7 green
# searchh
q 1 5 7 
q 1 6 8 
#c 6 8 green
# found/all 17 25
q 1 7 7 
q 1 5 8 
q 1 6 9 
q 1 7 8 
#c 7 8 green
# found/all 18 25
q 1 7 9 
#c 7 9 green
# found/all 19 25
q 1 8 8 
#c 8 8 green
# found/all 20 25
q 1 7 10 
q 1 8 9 
q 1 8 7 
q 1 9 8 
q 1 7 6 
q 16 4 8 4 9 4 10 4 11 5 8 5 9 5 10 5 11 6 8 6 9 6 10 6 11 7 8 7 9 7 10 7 11 
q 4 4 8 4 9 5 8 5 9 
q 1 4 8 
q 1 5 9 
q 4 4 10 4 11 5 10 5 11 
# SUM >= 2
q 16 8 0 8 1 8 2 8 3 9 0 9 1 9 2 9 3 10 0 10 1 10 2 10 3 11 0 11 1 11 2 11 3 
q 4 8 0 8 1 9 0 9 1 
q 1 8 0 
q 1 8 1 
q 1 9 0 
q 1 9 1 
#c 9 1 green
# searchh
q 1 9 2 
#c 9 2 green
# found/all 22 25
q 1 10 1 
#c 10 1 green
# found/all 23 25
q 1 8 2 
q 1 9 3 
q 1 10 2 
#c 10 2 green
# found/all 24 25
q 1 10 0 
q 1 11 1 
#c 11 1 green
# found/all 25 25
a 25 3 0 3 1 3 2 4 1 5 1 2 5 1 5 3 5 3 6 4 6 1 8 2 8 2 9 3 9 3 10 6 7 6 8 7 8 7 9 8 8 9 1 9 2 10 1 10 2 11 1 
