# [[0, 3], [1, 2], [1, 3], [1, 4], [1, 5], [2, 0], [2, 1], [2, 2], [2, 3], [2, 4], [3, 2], [3, 3], [3, 4], [3, 5], [4, 2], [4, 3], [4, 4], [4, 5], [5, 1], [5, 2], [5, 3], [5, 4], [5, 5], [6, 1], [6, 2], [6, 3], [6, 4], [7, 3]]
# [[0, 1], [0, 3], [1, 1], [1, 3], [2, 1], [2, 2], [2, 3], [3, 1], [3, 2], [4, 0], [4, 1], [4, 2], [4, 3], [5, 0]]
# [[0, 2], [1, 0], [1, 1], [1, 2], [1, 3], [2, 1], [2, 2], [2, 3], [2, 4], [2, 5], [3, 3], [4, 3]]
# [[0, 1], [0, 2], [1, 0], [1, 1], [1, 2], [2, 0], [2, 1], [2, 2], [2, 3], [2, 4], [3, 3], [4, 3], [4, 4], [5, 3]]
# [[0, 0], [0, 1], [1, 0], [1, 1], [1, 2], [2, 0]]
q 16 0 0 0 1 0 2 0 3 1 0 1 1 1 2 1 3 2 0 2 1 2 2 2 3 3 0 3 1 3 2 3 3 
q 4 0 0 0 1 1 0 1 1 
q 1 0 0 
q 1 0 1 
q 1 1 0 
q 1 1 1 
q 4 0 2 0 3 1 2 1 3 
q 4 2 0 2 1 3 0 3 1 
q 4 2 2 2 3 3 2 3 3 
q 1 2 2 
q 1 2 3 
q 1 3 2 
q 1 3 3 
#c 3 3 green
# searchh
q 1 3 4 
#c 3 4 green
# found/all 2 74
q 1 4 3 
q 1 2 4 
q 1 3 5 
#c 3 5 green
# found/all 3 74
q 1 4 4 
q 1 2 5 
#c 2 5 green
# found/all 4 74
q 1 3 6 
#c 3 6 green
# found/all 6 74
q 1 4 5 
#c 4 5 green
# found/all 7 74
q 1 1 5 
q 1 2 6 
#c 2 6 green
# found/all 8 74
q 1 3 7 
#c 3 7 green
# found/all 9 74
q 1 4 6 
#c 4 6 green
# found/all 11 74
q 1 5 5 
#c 5 5 green
# found/all 12 74
q 1 1 6 
#c 1 6 green
# found/all 13 74
q 1 2 7 
#c 2 7 green
# found/all 14 74
q 1 3 8 
#c 3 8 green
# found/all 15 74
q 1 4 7 
#c 4 7 green
# found/all 16 74
q 1 5 6 
#c 5 6 green
# found/all 19 74
q 1 5 4 
q 1 6 5 
#c 6 5 green
# found/all 21 74
q 1 0 6 
q 1 1 7 
q 1 2 8 
#c 2 8 green
# found/all 22 74
q 1 3 9 
q 1 4 8 
#c 4 8 green
# found/all 24 74
q 1 5 7 
#c 5 7 green
# found/all 26 74
q 1 6 6 
#c 6 6 green
# found/all 29 74
q 1 6 4 
#c 6 4 green
# found/all 31 74
q 1 7 5 
#c 7 5 green
# found/all 34 74
q 1 1 8 
q 1 2 9 
q 1 4 9 
q 1 5 8 
#c 5 8 green
# found/all 36 74
q 1 6 7 
#c 6 7 green
# found/all 39 74
q 1 7 6 
#c 7 6 green
# found/all 42 74
q 1 6 3 
q 1 7 4 
#c 7 4 green
# found/all 43 74
q 1 8 5 
#c 8 5 green
# found/all 44 74
q 1 5 9 
q 1 6 8 
#c 6 8 green
# found/all 45 74
q 1 7 7 
#c 7 7 green
# found/all 48 74
q 1 8 6 
#c 8 6 green
# found/all 49 74
q 1 7 3 
q 1 8 4 
q 1 9 5 
q 1 6 9 
q 1 7 8 
#c 7 8 green
# found/all 51 74
q 1 8 7 
#c 8 7 green
# found/all 52 74
q 1 9 6 
q 1 7 9 
#c 7 9 green
# found/all 53 74
q 1 8 8 
q 1 9 7 
#c 9 7 green
# found/all 54 74
q 1 7 10 
q 1 8 9 
q 1 9 8 
q 1 10 7 
q 16 0 4 0 5 0 6 0 7 1 4 1 5 1 6 1 7 2 4 2 5 2 6 2 7 3 4 3 5 3 6 3 7 
q 4 0 4 0 5 1 4 1 5 
q 4 0 6 0 7 1 6 1 7 
q 1 0 7 
# SUM >= 2
q 16 0 8 0 9 0 10 0 11 1 8 1 9 1 10 1 11 2 8 2 9 2 10 2 11 3 8 3 9 3 10 3 11 
q 4 0 8 0 9 1 8 1 9 
q 4 0 10 0 11 1 10 1 11 
# SUM >= 2
q 12 0 12 0 13 0 14 1 12 1 13 1 14 2 12 2 13 2 14 3 12 3 13 3 14 
q 4 0 12 0 13 1 12 1 13 
q 2 0 14 1 14 
q 4 2 12 2 13 3 12 3 13 
q 2 2 14 3 14 
q 16 4 0 4 1 4 2 4 3 5 0 5 1 5 2 5 3 6 0 6 1 6 2 6 3 7 0 7 1 7 2 7 3 
q 4 4 0 4 1 5 0 5 1 
q 4 4 2 4 3 5 2 5 3 
q 4 6 0 6 1 7 0 7 1 
q 4 6 2 6 3 7 2 7 3 
q 16 4 4 4 5 4 6 4 7 5 4 5 5 5 6 5 7 6 4 6 5 6 6 6 7 7 4 7 5 7 6 7 7 
# SUM >= 2
# SUM >= 2
q 16 4 8 4 9 4 10 4 11 5 8 5 9 5 10 5 11 6 8 6 9 6 10 6 11 7 8 7 9 7 10 7 11 
# SUM >= 2
# SUM >= 2
q 12 4 12 4 13 4 14 5 12 5 13 5 14 6 12 6 13 6 14 7 12 7 13 7 14 
q 4 4 12 4 13 5 12 5 13 
q 2 4 14 5 14 
q 4 6 12 6 13 7 12 7 13 
q 1 6 12 
q 1 6 13 
q 1 7 12 
q 1 7 13 
q 2 6 14 7 14 
q 16 8 0 8 1 8 2 8 3 9 0 9 1 9 2 9 3 10 0 10 1 10 2 10 3 11 0 11 1 11 2 11 3 
q 4 8 0 8 1 9 0 9 1 
q 1 8 0 
q 1 8 1 
q 1 9 0 
q 1 9 1 
#c 9 1 green
# searchh
q 1 9 2 
#c 9 2 green
# found/all 56 74
q 1 10 1 
#c 10 1 green
# found/all 57 74
q 1 8 2 
#c 8 2 green
# found/all 58 74
q 1 9 3 
#c 9 3 green
# found/all 59 74
q 1 10 2 
#c 10 2 green
# found/all 60 74
q 1 10 0 
q 1 11 1 
q 1 7 2 
q 1 8 3 
#c 8 3 green
# found/all 61 74
q 1 9 4 
q 1 10 3 
#c 10 3 green
# found/all 62 74
q 1 11 2 
q 1 10 4 
#c 10 4 green
# found/all 63 74
q 1 11 3 
q 1 10 5 
#c 10 5 green
# found/all 64 74
q 1 11 4 
#c 11 4 green
# found/all 65 74
q 1 10 6 
q 1 11 5 
q 1 12 4 
#c 12 4 green
# found/all 66 74
q 1 12 3 
q 1 12 5 
#c 12 5 green
# found/all 67 74
q 1 13 4 
#c 13 4 green
# found/all 68 74
q 1 12 6 
q 1 13 5 
q 1 13 3 
q 1 14 4 
# SUM >= 2
q 4 10 0 10 1 11 0 11 1 
q 1 11 0 
# SUM >= 2
q 16 8 4 8 5 8 6 8 7 9 4 9 5 9 6 9 7 10 4 10 5 10 6 10 7 11 4 11 5 11 6 11 7 
q 4 8 4 8 5 9 4 9 5 
# SUM >= 2
# SUM >= 2
q 16 8 8 8 9 8 10 8 11 9 8 9 9 9 10 9 11 10 8 10 9 10 10 10 11 11 8 11 9 11 10 11 11 
q 4 8 8 8 9 9 8 9 9 
q 4 8 10 8 11 9 10 9 11 
q 4 10 8 10 9 11 8 11 9 
q 4 10 10 10 11 11 10 11 11 
q 12 8 12 8 13 8 14 9 12 9 13 9 14 10 12 10 13 10 14 11 12 11 13 11 14 
q 4 8 12 8 13 9 12 9 13 
q 2 8 14 9 14 
q 4 10 12 10 13 11 12 11 13 
q 2 10 14 11 14 
q 12 12 0 12 1 12 2 12 3 13 0 13 1 13 2 13 3 14 0 14 1 14 2 14 3 
q 4 12 0 12 1 13 0 13 1 
q 4 12 2 12 3 13 2 13 3 
q 2 14 0 14 1 
q 2 14 2 14 3 
q 12 12 4 12 5 12 6 12 7 13 4 13 5 13 6 13 7 14 4 14 5 14 6 14 7 
# SUM >= 2
q 2 14 4 14 5 
q 2 14 6 14 7 
q 12 12 8 12 9 12 10 12 11 13 8 13 9 13 10 13 11 14 8 14 9 14 10 14 11 
q 9 12 12 12 13 12 14 13 12 13 13 13 14 14 12 14 13 14 14 
# ==================================
# found/all 68 74
# ==================================
q 16 0 0 0 1 0 2 0 3 1 0 1 1 1 2 1 3 2 0 2 1 2 2 2 3 3 0 3 1 3 2 3 3 
q 4 0 0 0 1 1 0 1 1 
q 4 0 2 0 3 1 2 1 3 
q 4 2 0 2 1 3 0 3 1 
q 1 2 0 
q 1 2 1 
q 1 3 0 
q 1 3 1 
q 4 2 2 2 3 3 2 3 3 
q 16 0 4 0 5 0 6 0 7 1 4 1 5 1 6 1 7 2 4 2 5 2 6 2 7 3 4 3 5 3 6 3 7 
q 4 0 4 0 5 1 4 1 5 
q 4 0 6 0 7 1 6 1 7 
# SUM >= 2
q 16 0 8 0 9 0 10 0 11 1 8 1 9 1 10 1 11 2 8 2 9 2 10 2 11 3 8 3 9 3 10 3 11 
q 4 0 8 0 9 1 8 1 9 
q 1 0 8 
q 1 0 9 
q 1 1 9 
q 4 0 10 0 11 1 10 1 11 
q 1 0 10 
q 1 0 11 
q 1 1 10 
q 1 1 11 
#c 1 11 green
# searchh
q 1 1 12 
#c 1 12 green
# found/all 70 74
q 1 2 11 
#c 2 11 green
# found/all 71 74
q 1 0 12 
q 1 1 13 
q 1 2 12 
#c 2 12 green
# found/all 72 74
q 1 2 10 
q 1 3 11 
#c 3 11 green
# found/all 73 74
q 1 2 13 
#c 2 13 green
# found/all 74 74
a 54 3 3 3 4 3 5 2 5 3 6 4 5 2 6 3 7 4 6 5 5 1 6 2 7 3 8 4 7 5 6 6 5 2 8 4 8 5 7 6 6 6 4 7 5 5 8 6 7 7 6 7 4 8 5 6 8 7 7 8 6 7 8 8 7 7 9 9 7 9 1 9 2 10 1 8 2 9 3 10 2 8 3 10 3 10 4 10 5 11 4 12 4 12 5 13 4 1 11 1 12 2 11 2 12 3 11 2 13 
