# [[0, 1], [1, 0], [1, 1], [2, 1], [2, 2], [3, 1]]
# [[0, 0], [0, 1], [1, 0], [1, 1], [2, 1], [2, 2]]
# [[0, 0], [0, 1], [0, 2], [1, 2]]
# [[0, 1], [0, 2], [1, 0], [1, 1], [1, 2]]
# [[0, 0], [1, 0], [2, 0], [2, 1], [3, 0], [4, 0]]
# [[0, 0], [0, 1], [0, 2], [1, 1]]
# [[0, 1], [1, 1], [2, 1], [3, 0], [3, 1], [3, 2]]
# [[0, 1], [1, 0], [1, 1], [1, 2], [2, 1], [2, 2]]
# [[0, 0], [1, 0], [1, 1], [1, 2]]
# [[0, 2], [1, 0], [1, 1], [1, 2], [1, 3]]
# [[0, 1], [1, 1], [2, 0], [2, 1], [3, 1]]
# [[0, 1], [1, 0], [1, 1], [1, 2], [1, 3], [2, 2]]
# [[0, 0], [0, 1], [0, 2], [0, 3], [1, 2]]
# [[0, 2], [1, 0], [1, 1], [1, 2], [1, 3], [2, 3]]
# [[0, 0], [0, 1], [1, 0], [2, 0]]
# [[0, 0], [1, 0], [1, 1], [2, 0]]
q 16 0 0 0 1 0 2 0 3 1 0 1 1 1 2 1 3 2 0 2 1 2 2 2 3 3 0 3 1 3 2 3 3 
q 4 0 0 0 1 1 0 1 1 
q 1 0 0 
q 1 0 1 
q 1 1 0 
q 1 1 1 
q 4 0 2 0 3 1 2 1 3 
q 1 0 2 
#c 0 2 green
# searchh
q 1 0 3 
#c 0 3 green
# found/all 2 82
q 1 1 2 
#c 1 2 green
# found/all 4 82
q 1 0 4 
q 1 1 3 
#c 1 3 green
# found/all 5 82
q 1 2 2 
#c 2 2 green
# found/all 6 82
q 1 1 4 
#c 1 4 green
# found/all 7 82
q 1 2 3 
#c 2 3 green
# found/all 8 82
q 1 2 1 
q 1 3 2 
q 1 1 5 
#c 1 5 green
# found/all 9 82
q 1 2 4 
q 1 3 3 
q 1 0 5 
q 1 1 6 
#c 1 6 green
# found/all 10 82
q 1 2 5 
#c 2 5 green
# found/all 11 82
q 1 0 6 
q 1 1 7 
q 1 2 6 
#c 2 6 green
# found/all 12 82
q 1 3 5 
q 1 2 7 
q 1 3 6 
#c 3 6 green
# found/all 13 82
q 1 3 7 
#c 3 7 green
# found/all 14 82
q 1 4 6 
q 1 3 8 
#c 3 8 green
# found/all 15 82
q 1 4 7 
#c 4 7 green
# found/all 16 82
q 1 2 8 
q 1 3 9 
#c 3 9 green
# found/all 17 82
q 1 4 8 
#c 4 8 green
# found/all 18 82
q 1 5 7 
q 1 2 9 
q 1 3 10 
q 1 4 9 
#c 4 9 green
# found/all 19 82
q 1 5 8 
q 1 4 10 
q 1 5 9 
q 4 2 0 2 1 3 0 3 1 
# SUM >= 2
q 16 0 4 0 5 0 6 0 7 1 4 1 5 1 6 1 7 2 4 2 5 2 6 2 7 3 4 3 5 3 6 3 7 
# SUM >= 2
q 4 2 4 2 5 3 4 3 5 
q 1 3 4 
# SUM >= 2
q 16 0 8 0 9 0 10 0 11 1 8 1 9 1 10 1 11 2 8 2 9 2 10 2 11 3 8 3 9 3 10 3 11 
q 4 0 8 0 9 1 8 1 9 
q 4 0 10 0 11 1 10 1 11 
# SUM >= 2
q 16 0 12 0 13 0 14 0 15 1 12 1 13 1 14 1 15 2 12 2 13 2 14 2 15 3 12 3 13 3 14 3 15 
q 4 0 12 0 13 1 12 1 13 
q 1 0 12 
#c 0 12 green
# searchh
q 1 0 11 
q 1 0 13 
q 1 1 12 
#c 1 12 green
# found/all 21 82
q 1 1 11 
q 1 1 13 
q 1 2 12 
#c 2 12 green
# found/all 22 82
q 1 2 11 
q 1 2 13 
q 1 3 12 
#c 3 12 green
# found/all 23 82
q 1 3 11 
#c 3 11 green
# found/all 24 82
q 1 3 13 
#c 3 13 green
# found/all 25 82
q 1 4 12 
q 1 4 11 
q 1 3 14 
#c 3 14 green
# found/all 26 82
q 1 4 13 
#c 4 13 green
# found/all 27 82
q 1 2 14 
q 1 3 15 
q 1 4 14 
#c 4 14 green
# found/all 28 82
q 1 5 13 
q 1 4 15 
#c 4 15 green
# found/all 29 82
q 1 5 14 
#c 5 14 green
# found/all 30 82
q 1 4 16 
q 1 5 15 
#c 5 15 green
# found/all 31 82
q 1 6 14 
q 1 5 16 
q 1 6 15 
q 4 0 14 0 15 1 14 1 15 
# SUM >= 2
q 8 0 16 0 17 1 16 1 17 2 16 2 17 3 16 3 17 
q 4 0 16 0 17 1 16 1 17 
q 1 0 16 
q 1 0 17 
q 1 1 16 
q 1 1 17 
q 4 2 16 2 17 3 16 3 17 
q 16 4 0 4 1 4 2 4 3 5 0 5 1 5 2 5 3 6 0 6 1 6 2 6 3 7 0 7 1 7 2 7 3 
q 4 4 0 4 1 5 0 5 1 
q 4 4 2 4 3 5 2 5 3 
q 1 4 2 
q 1 4 3 
q 1 5 2 
q 1 5 3 
q 4 6 0 6 1 7 0 7 1 
q 4 6 2 6 3 7 2 7 3 
q 16 4 4 4 5 4 6 4 7 5 4 5 5 5 6 5 7 6 4 6 5 6 6 6 7 7 4 7 5 7 6 7 7 
q 4 4 4 4 5 5 4 5 5 
q 4 4 6 4 7 5 6 5 7 
q 4 6 4 6 5 7 4 7 5 
q 4 6 6 6 7 7 6 7 7 
q 16 4 8 4 9 4 10 4 11 5 8 5 9 5 10 5 11 6 8 6 9 6 10 6 11 7 8 7 9 7 10 7 11 
# SUM >= 2
q 4 6 8 6 9 7 8 7 9 
q 4 6 10 6 11 7 10 7 11 
q 16 4 12 4 13 4 14 4 15 5 12 5 13 5 14 5 15 6 12 6 13 6 14 6 15 7 12 7 13 7 14 7 15 
q 4 4 12 4 13 5 12 5 13 
# SUM >= 2
q 4 6 12 6 13 7 12 7 13 
q 4 6 14 6 15 7 14 7 15 
q 1 7 14 
q 1 7 15 
q 8 4 16 4 17 5 16 5 17 6 16 6 17 7 16 7 17 
q 4 4 16 4 17 5 16 5 17 
q 4 6 16 6 17 7 16 7 17 
q 16 8 0 8 1 8 2 8 3 9 0 9 1 9 2 9 3 10 0 10 1 10 2 10 3 11 0 11 1 11 2 11 3 
q 4 8 0 8 1 9 0 9 1 
q 4 8 2 8 3 9 2 9 3 
q 4 10 0 10 1 11 0 11 1 
q 4 10 2 10 3 11 2 11 3 
q 16 8 4 8 5 8 6 8 7 9 4 9 5 9 6 9 7 10 4 10 5 10 6 10 7 11 4 11 5 11 6 11 7 
q 4 8 4 8 5 9 4 9 5 
q 1 8 4 
q 1 8 5 
q 1 9 4 
q 1 9 5 
q 4 8 6 8 7 9 6 9 7 
q 4 10 4 10 5 11 4 11 5 
q 4 10 6 10 7 11 6 11 7 
q 1 10 6 
#c 10 6 green
# searchh
q 1 9 6 
q 1 10 5 
#c 10 5 green
# found/all 33 82
q 1 10 7 
#c 10 7 green
# found/all 34 82
q 1 11 6 
q 1 10 4 
q 1 11 5 
q 1 9 7 
#c 9 7 green
# found/all 35 82
q 1 10 8 
#c 10 8 green
# found/all 36 82
q 1 11 7 
#c 11 7 green
# found/all 37 82
q 1 8 7 
q 1 9 8 
q 1 10 9 
q 1 11 8 
q 1 12 7 
#c 12 7 green
# found/all 38 82
q 1 12 6 
#c 12 6 green
# found/all 40 82
q 1 12 8 
#c 12 8 green
# found/all 41 82
q 1 13 7 
#c 13 7 green
# found/all 43 82
q 1 12 5 
#c 12 5 green
# found/all 44 82
q 1 13 6 
#c 13 6 green
# found/all 47 82
q 1 12 9 
q 1 13 8 
#c 13 8 green
# found/all 49 82
q 1 14 7 
#c 14 7 green
# found/all 51 82
q 1 12 4 
#c 12 4 green
# found/all 52 82
q 1 13 5 
#c 13 5 green
# found/all 53 82
q 1 14 6 
#c 14 6 green
# found/all 54 82
q 1 13 9 
#c 13 9 green
# found/all 55 82
q 1 14 8 
q 1 15 7 
#c 15 7 green
# found/all 56 82
q 1 11 4 
q 1 12 3 
q 1 13 4 
q 1 14 5 
q 1 15 6 
#c 15 6 green
# found/all 57 82
q 1 13 10 
q 1 14 9 
#c 14 9 green
# found/all 58 82
q 1 15 8 
q 1 16 7 
#c 16 7 green
# found/all 59 82
q 1 15 5 
q 1 16 6 
#c 16 6 green
# found/all 60 82
q 1 14 10 
q 1 15 9 
q 1 16 8 
#c 16 8 green
# found/all 61 82
q 1 17 7 
q 1 16 5 
q 1 17 6 
q 1 16 9 
#c 16 9 green
# found/all 62 82
q 1 17 8 
#c 17 8 green
# found/all 63 82
q 1 16 10 
q 1 17 9 
q 16 8 8 8 9 8 10 8 11 9 8 9 9 9 10 9 11 10 8 10 9 10 10 10 11 11 8 11 9 11 10 11 11 
q 4 8 8 8 9 9 8 9 9 
q 4 8 10 8 11 9 10 9 11 
q 1 8 10 
#c 8 10 green
# searchh
q 1 7 10 
q 1 8 9 
q 1 8 11 
q 1 9 10 
#c 9 10 green
# found/all 65 82
q 1 9 9 
q 1 9 11 
#c 9 11 green
# found/all 66 82
q 1 10 10 
q 1 9 12 
#c 9 12 green
# found/all 69 82
q 1 10 11 
q 1 8 12 
q 1 9 13 
#c 9 13 green
# found/all 70 82
q 1 10 12 
#c 10 12 green
# found/all 71 82
q 1 8 13 
#c 8 13 green
# found/all 72 82
q 1 9 14 
#c 9 14 green
# found/all 74 82
q 1 10 13 
q 1 11 12 
#c 11 12 green
# found/all 75 82
q 1 7 13 
q 1 8 14 
#c 8 14 green
# found/all 76 82
q 1 9 15 
#c 9 15 green
# found/all 78 82
q 1 10 14 
#c 10 14 green
# found/all 80 82
q 1 11 11 
#c 11 11 green
# found/all 81 82
q 1 11 13 
q 1 12 12 
#c 12 12 green
# found/all 82 82
a 70 0 2 0 3 1 2 1 3 2 2 1 4 2 3 1 5 1 6 2 5 2 6 3 6 3 7 3 8 4 7 3 9 4 8 4 9 0 12 1 12 2 12 3 12 3 11 3 13 3 14 4 13 4 14 4 15 5 14 5 15 10 6 10 5 10 7 9 7 10 8 11 7 12 7 12 6 12 8 13 7 12 5 13 6 13 8 14 7 12 4 13 5 14 6 13 9 15 7 15 6 14 9 16 7 16 6 16 8 16 9 17 8 8 10 9 10 9 11 9 12 9 13 10 12 8 13 9 14 11 12 8 14 9 15 10 14 11 11 12 12 
