# [[0, 2], [1, 1], [1, 2], [2, 0], [2, 1], [2, 2], [3, 1], [3, 2]]
# [[0, 1], [0, 2], [0, 3], [1, 0], [1, 1], [1, 3], [1, 4], [1, 5], [2, 1], [2, 2], [2, 3], [2, 4], [2, 5], [3, 2], [3, 3], [3, 4], [4, 4], [4, 5], [5, 4]]
# [[0, 3], [1, 2], [1, 3], [2, 0], [2, 1], [2, 2], [2, 4], [2, 5], [2, 6], [3, 1], [3, 2], [3, 3], [3, 4], [3, 5], [3, 6], [3, 7], [4, 2], [4, 4], [4, 5]]
# [[0, 1], [0, 2], [0, 3], [0, 4], [0, 5], [1, 1], [1, 2], [1, 3], [1, 4], [1, 5], [1, 6], [2, 0], [2, 1], [2, 2], [2, 3], [2, 4], [3, 2], [3, 3], [4, 2], [4, 3]]
# [[0, 0], [0, 1], [0, 2], [1, 0], [1, 2], [1, 3], [2, 0], [2, 1], [2, 2], [2, 3], [3, 0], [3, 1], [3, 2], [3, 3], [4, 1], [4, 2], [5, 1], [5, 2]]
# [[0, 3], [0, 4], [1, 1], [1, 2], [1, 3], [1, 4], [2, 1], [3, 0], [3, 1]]
# [[0, 2], [1, 2], [2, 1], [2, 2], [2, 3], [2, 4], [3, 0], [3, 1], [3, 3], [3, 4]]
# [[0, 0], [0, 1], [1, 0], [1, 1], [1, 2], [2, 0], [2, 1], [2, 2], [3, 1], [4, 1], [4, 2]]
# [[0, 0], [1, 0], [1, 1], [2, 0], [2, 1], [3, 0], [3, 1], [3, 2], [4, 0], [4, 2], [5, 2], [6, 2]]
# [[0, 3], [0, 4], [1, 0], [1, 1], [1, 2], [1, 3], [1, 4], [2, 1], [2, 2], [2, 3], [3, 0], [3, 1], [3, 2], [4, 0], [4, 2], [5, 0], [5, 2], [5, 3]]
q 16 0 0 0 1 0 2 0 3 1 0 1 1 1 2 1 3 2 0 2 1 2 2 2 3 3 0 3 1 3 2 3 3 
q 4 0 0 0 1 1 0 1 1 
q 4 0 2 0 3 1 2 1 3 
q 4 2 0 2 1 3 0 3 1 
q 4 2 2 2 3 3 2 3 3 
q 1 2 2 
q 1 2 3 
q 1 3 2 
#c 3 2 green
# searchh
q 1 3 1 
q 1 3 3 
#c 3 3 green
# found/all 2 144
q 1 4 2 
#c 4 2 green
# found/all 4 144
q 1 3 4 
q 1 4 3 
#c 4 3 green
# found/all 6 144
q 1 4 1 
#c 4 1 green
# found/all 7 144
q 1 5 2 
#c 5 2 green
# found/all 8 144
q 1 4 4 
#c 4 4 green
# found/all 9 144
q 1 5 3 
#c 5 3 green
# found/all 11 144
q 1 4 0 
q 1 5 1 
#c 5 1 green
# found/all 12 144
q 1 6 2 
#c 6 2 green
# found/all 13 144
q 1 4 5 
q 1 5 4 
#c 5 4 green
# found/all 15 144
q 1 6 3 
#c 6 3 green
# found/all 17 144
q 1 5 0 
#c 5 0 green
# found/all 18 144
q 1 6 1 
#c 6 1 green
# found/all 19 144
q 1 7 2 
#c 7 2 green
# found/all 20 144
q 1 5 5 
#c 5 5 green
# found/all 21 144
q 1 6 4 
#c 6 4 green
# found/all 22 144
q 1 7 3 
#c 7 3 green
# found/all 24 144
q 1 6 0 
q 1 7 1 
q 1 8 2 
q 1 5 6 
q 1 6 5 
#c 6 5 green
# found/all 25 144
q 1 7 4 
#c 7 4 green
# found/all 27 144
q 1 8 3 
q 1 6 6 
q 1 7 5 
q 1 8 4 
#c 8 4 green
# found/all 28 144
q 1 8 5 
#c 8 5 green
# found/all 29 144
q 1 9 4 
#c 9 4 green
# found/all 30 144
q 1 8 6 
#c 8 6 green
# found/all 31 144
q 1 9 5 
q 1 9 3 
q 1 10 4 
q 1 7 6 
#c 7 6 green
# found/all 32 144
q 1 8 7 
#c 8 7 green
# found/all 33 144
q 1 9 6 
#c 9 6 green
# found/all 34 144
q 1 7 7 
q 1 8 8 
q 1 9 7 
#c 9 7 green
# found/all 35 144
q 1 10 6 
#c 10 6 green
# found/all 36 144
q 1 9 8 
q 1 10 7 
#c 10 7 green
# found/all 37 144
q 1 10 5 
q 1 11 6 
#c 11 6 green
# found/all 38 144
q 1 10 8 
#c 10 8 green
# found/all 39 144
q 1 11 7 
q 1 11 5 
q 1 12 6 
q 1 10 9 
q 1 11 8 
#c 11 8 green
# found/all 40 144
q 1 11 9 
q 1 12 8 
#c 12 8 green
# found/all 41 144
q 1 12 7 
q 1 12 9 
#c 12 9 green
# found/all 42 144
q 1 13 8 
#c 13 8 green
# found/all 44 144
q 1 12 10 
#c 12 10 green
# found/all 45 144
q 1 13 9 
#c 13 9 green
# found/all 46 144
q 1 13 7 
q 1 14 8 
q 1 11 10 
#c 11 10 green
# found/all 47 144
q 1 12 11 
q 1 13 10 
#c 13 10 green
# found/all 48 144
q 1 14 9 
#c 14 9 green
# found/all 49 144
q 1 10 10 
q 1 11 11 
q 1 13 11 
q 1 14 10 
#c 14 10 green
# found/all 50 144
q 1 15 9 
q 1 14 11 
q 1 15 10 
q 16 0 4 0 5 0 6 0 7 1 4 1 5 1 6 1 7 2 4 2 5 2 6 2 7 3 4 3 5 3 6 3 7 
q 16 0 8 0 9 0 10 0 11 1 8 1 9 1 10 1 11 2 8 2 9 2 10 2 11 3 8 3 9 3 10 3 11 
q 4 0 8 0 9 1 8 1 9 
q 4 0 10 0 11 1 10 1 11 
q 1 0 10 
q 1 0 11 
q 1 1 10 
#c 1 10 green
# searchh
q 1 1 9 
q 1 1 11 
#c 1 11 green
# found/all 52 144
q 1 2 10 
q 1 1 12 
#c 1 12 green
# found/all 53 144
q 1 2 11 
#c 2 11 green
# found/all 54 144
q 1 0 12 
q 1 1 13 
#c 1 13 green
# found/all 55 144
q 1 2 12 
#c 2 12 green
# found/all 56 144
q 1 3 11 
#c 3 11 green
# found/all 57 144
q 1 0 13 
#c 0 13 green
# found/all 58 144
q 1 1 14 
#c 1 14 green
# found/all 59 144
q 1 2 13 
#c 2 13 green
# found/all 61 144
q 1 3 12 
#c 3 12 green
# found/all 63 144
q 1 3 10 
#c 3 10 green
# found/all 64 144
q 1 4 11 
#c 4 11 green
# found/all 65 144
q 1 0 14 
#c 0 14 green
# found/all 66 144
q 1 1 15 
q 1 2 14 
q 1 3 13 
#c 3 13 green
# found/all 67 144
q 1 4 12 
#c 4 12 green
# found/all 69 144
q 1 3 9 
q 1 4 10 
#c 4 10 green
# found/all 72 144
q 1 5 11 
#c 5 11 green
# found/all 74 144
q 1 0 15 
q 1 3 14 
q 1 4 13 
q 1 5 12 
#c 5 12 green
# found/all 76 144
q 1 4 9 
#c 4 9 green
# found/all 77 144
q 1 5 10 
#c 5 10 green
# found/all 79 144
q 1 6 11 
#c 6 11 green
# found/all 80 144
q 1 5 13 
#c 5 13 green
# found/all 82 144
q 1 6 12 
#c 6 12 green
# found/all 83 144
q 1 4 8 
#c 4 8 green
# found/all 84 144
q 1 5 9 
q 1 6 10 
#c 6 10 green
# found/all 85 144
q 1 7 11 
#c 7 11 green
# found/all 86 144
q 1 5 14 
#c 5 14 green
# found/all 87 144
q 1 6 13 
q 1 7 12 
q 1 3 8 
q 1 4 7 
q 1 5 8 
#c 5 8 green
# found/all 88 144
q 1 6 9 
#c 6 9 green
# found/all 89 144
q 1 7 10 
#c 7 10 green
# found/all 90 144
q 1 8 11 
q 1 4 14 
#c 4 14 green
# found/all 91 144
q 1 5 15 
#c 5 15 green
# found/all 93 144
q 1 6 14 
#c 6 14 green
# found/all 94 144
q 1 5 7 
q 1 6 8 
#c 6 8 green
# found/all 95 144
q 1 7 9 
#c 7 9 green
# found/all 96 144
q 1 8 10 
#c 8 10 green
# found/all 97 144
q 1 4 15 
#c 4 15 green
# found/all 98 144
q 1 5 16 
#c 5 16 green
# found/all 100 144
q 1 6 15 
#c 6 15 green
# found/all 102 144
q 1 7 14 
#c 7 14 green
# found/all 103 144
q 1 6 7 
q 1 7 8 
#c 7 8 green
# found/all 104 144
q 1 8 9 
#c 8 9 green
# found/all 105 144
q 1 9 10 
#c 9 10 green
# found/all 106 144
q 1 3 15 
q 1 4 16 
#c 4 16 green
# found/all 107 144
q 1 5 17 
#c 5 17 green
# found/all 109 144
q 1 6 16 
q 1 7 15 
#c 7 15 green
# found/all 110 144
q 1 7 13 
q 1 8 14 
q 1 9 9 
#c 9 9 green
# found/all 111 144
q 1 9 11 
q 1 3 16 
q 1 4 17 
#c 4 17 green
# found/all 112 144
q 1 5 18 
#c 5 18 green
# found/all 113 144
q 1 6 17 
q 1 7 16 
q 1 8 15 
q 1 3 17 
q 1 4 18 
#c 4 18 green
# found/all 114 144
q 1 5 19 
q 1 6 18 
q 1 3 18 
q 1 4 19 
q 4 2 8 2 9 3 8 3 9 
# SUM >= 2
q 16 0 12 0 13 0 14 0 15 1 12 1 13 1 14 1 15 2 12 2 13 2 14 2 15 3 12 3 13 3 14 3 15 
# SUM >= 2
# SUM >= 2
q 16 0 16 0 17 0 18 0 19 1 16 1 17 1 18 1 19 2 16 2 17 2 18 2 19 3 16 3 17 3 18 3 19 
q 16 4 0 4 1 4 2 4 3 5 0 5 1 5 2 5 3 6 0 6 1 6 2 6 3 7 0 7 1 7 2 7 3 
# SUM >= 2
q 4 6 0 6 1 7 0 7 1 
# SUM >= 2
q 16 4 4 4 5 4 6 4 7 5 4 5 5 5 6 5 7 6 4 6 5 6 6 6 7 7 4 7 5 7 6 7 7 
# SUM >= 2
# SUM >= 2
q 16 4 8 4 9 4 10 4 11 5 8 5 9 5 10 5 11 6 8 6 9 6 10 6 11 7 8 7 9 7 10 7 11 
# SUM >= 2
# SUM >= 2
q 16 4 12 4 13 4 14 4 15 5 12 5 13 5 14 5 15 6 12 6 13 6 14 6 15 7 12 7 13 7 14 7 15 
# SUM >= 2
q 4 6 12 6 13 7 12 7 13 
# SUM >= 2
q 16 4 16 4 17 4 18 4 19 5 16 5 17 5 18 5 19 6 16 6 17 6 18 6 19 7 16 7 17 7 18 7 19 
# SUM >= 2
q 4 6 16 6 17 7 16 7 17 
q 4 6 18 6 19 7 18 7 19 
q 16 8 0 8 1 8 2 8 3 9 0 9 1 9 2 9 3 10 0 10 1 10 2 10 3 11 0 11 1 11 2 11 3 
q 16 8 4 8 5 8 6 8 7 9 4 9 5 9 6 9 7 10 4 10 5 10 6 10 7 11 4 11 5 11 6 11 7 
# SUM >= 2
q 4 10 4 10 5 11 4 11 5 
# SUM >= 2
q 16 8 8 8 9 8 10 8 11 9 8 9 9 9 10 9 11 10 8 10 9 10 10 10 11 11 8 11 9 11 10 11 11 
# SUM >= 2
# SUM >= 2
q 16 8 12 8 13 8 14 8 15 9 12 9 13 9 14 9 15 10 12 10 13 10 14 10 15 11 12 11 13 11 14 11 15 
q 16 8 16 8 17 8 18 8 19 9 16 9 17 9 18 9 19 10 16 10 17 10 18 10 19 11 16 11 17 11 18 11 19 
q 16 12 0 12 1 12 2 12 3 13 0 13 1 13 2 13 3 14 0 14 1 14 2 14 3 15 0 15 1 15 2 15 3 
q 16 12 4 12 5 12 6 12 7 13 4 13 5 13 6 13 7 14 4 14 5 14 6 14 7 15 4 15 5 15 6 15 7 
q 4 12 4 12 5 13 4 13 5 
q 4 12 6 12 7 13 6 13 7 
q 4 14 4 14 5 15 4 15 5 
q 1 14 4 
q 1 14 5 
q 1 15 4 
#c 15 4 green
# searchh
q 1 15 3 
q 1 15 5 
#c 15 5 green
# found/all 116 144
q 1 16 4 
#c 16 4 green
# found/all 117 144
q 1 15 6 
#c 15 6 green
# found/all 118 144
q 1 16 5 
#c 16 5 green
# found/all 119 144
q 1 16 3 
q 1 17 4 
#c 17 4 green
# found/all 120 144
q 1 14 6 
q 1 15 7 
#c 15 7 green
# found/all 121 144
q 1 16 6 
#c 16 6 green
# found/all 122 144
q 1 17 5 
#c 17 5 green
# found/all 123 144
q 1 17 3 
#c 17 3 green
# found/all 124 144
q 1 18 4 
q 1 14 7 
q 1 15 8 
#c 15 8 green
# found/all 125 144
q 1 16 7 
#c 16 7 green
# found/all 126 144
q 1 17 6 
#c 17 6 green
# found/all 127 144
q 1 18 5 
#c 18 5 green
# found/all 128 144
q 1 17 2 
q 1 18 3 
q 1 16 8 
#c 16 8 green
# found/all 129 144
q 1 17 7 
#c 17 7 green
# found/all 130 144
q 1 18 6 
#c 18 6 green
# found/all 131 144
q 1 19 5 
#c 19 5 green
# found/all 132 144
q 1 16 9 
#c 16 9 green
# found/all 133 144
q 1 17 8 
q 1 18 7 
q 1 19 6 
#c 19 6 green
# found/all 134 144
q 1 19 4 
q 1 16 10 
q 1 17 9 
q 1 19 7 
# SUM >= 2
q 16 12 8 12 9 12 10 12 11 13 8 13 9 13 10 13 11 14 8 14 9 14 10 14 11 15 8 15 9 15 10 15 11 
# SUM >= 2
# SUM >= 2
q 16 12 12 12 13 12 14 12 15 13 12 13 13 13 14 13 15 14 12 14 13 14 14 14 15 15 12 15 13 15 14 15 15 
q 16 12 16 12 17 12 18 12 19 13 16 13 17 13 18 13 19 14 16 14 17 14 18 14 19 15 16 15 17 15 18 15 19 
q 16 16 0 16 1 16 2 16 3 17 0 17 1 17 2 17 3 18 0 18 1 18 2 18 3 19 0 19 1 19 2 19 3 
q 4 16 0 16 1 17 0 17 1 
q 4 16 2 16 3 17 2 17 3 
q 1 16 2 
q 4 18 0 18 1 19 0 19 1 
q 4 18 2 18 3 19 2 19 3 
q 16 16 4 16 5 16 6 16 7 17 4 17 5 17 6 17 7 18 4 18 5 18 6 18 7 19 4 19 5 19 6 19 7 
# SUM >= 2
# SUM >= 2
q 16 16 8 16 9 16 10 16 11 17 8 17 9 17 10 17 11 18 8 18 9 18 10 18 11 19 8 19 9 19 10 19 11 
# SUM >= 2
q 4 18 8 18 9 19 8 19 9 
q 4 18 10 18 11 19 10 19 11 
q 16 16 12 16 13 16 14 16 15 17 12 17 13 17 14 17 15 18 12 18 13 18 14 18 15 19 12 19 13 19 14 19 15 
q 4 16 12 16 13 17 12 17 13 
q 4 16 14 16 15 17 14 17 15 
q 4 18 12 18 13 19 12 19 13 
q 4 18 14 18 15 19 14 19 15 
q 1 18 14 
q 1 18 15 
#c 18 15 green
# searchh
q 1 17 15 
q 1 18 16 
#c 18 16 green
# found/all 136 144
q 1 19 15 
#c 19 15 green
# found/all 137 144
q 1 17 16 
#c 17 16 green
# found/all 138 144
q 1 18 17 
#c 18 17 green
# found/all 139 144
q 1 19 16 
q 1 19 14 
#c 19 14 green
# found/all 140 144
q 1 16 16 
#c 16 16 green
# found/all 141 144
q 1 17 17 
q 1 18 18 
#c 18 18 green
# found/all 142 144
q 1 19 17 
#c 19 17 green
# found/all 143 144
q 1 19 13 
q 1 15 16 
q 1 16 15 
q 1 16 17 
q 1 17 18 
q 1 18 19 
q 1 19 18 
#c 19 18 green
# found/all 144 144
a 123 3 2 3 3 4 2 4 3 4 1 5 2 4 4 5 3 5 1 6 2 5 4 6 3 5 0 6 1 7 2 5 5 6 4 7 3 6 5 7 4 8 4 8 5 9 4 8 6 7 6 8 7 9 6 9 7 10 6 10 7 11 6 10 8 11 8 12 8 12 9 13 8 12 10 13 9 11 10 13 10 14 9 14 10 1 10 1 11 1 12 2 11 1 13 2 12 3 11 0 13 1 14 2 13 3 12 3 10 4 11 0 14 3 13 4 12 4 10 5 11 5 12 4 9 5 10 6 11 5 13 6 12 4 8 6 10 7 11 5 14 5 8 6 9 7 10 4 14 5 15 6 14 6 8 7 9 8 10 4 15 5 16 6 15 7 14 7 8 8 9 9 10 4 16 5 17 7 15 9 9 4 17 5 18 4 18 15 4 15 5 16 4 15 6 16 5 17 4 15 7 16 6 17 5 17 3 15 8 16 7 17 6 18 5 16 8 17 7 18 6 19 5 16 9 19 6 18 15 18 16 19 15 17 16 18 17 19 14 16 16 18 18 19 17 19 18 
