# [[0, 2], [1, 1], [1, 2], [1, 3], [2, 0], [2, 1], [2, 2], [2, 3], [3, 3]]
# [[0, 2], [1, 0], [1, 1], [1, 2], [1, 3], [2, 2], [2, 3]]
# [[0, 0], [0, 1], [0, 2], [0, 3]]
# [[0, 0], [0, 1], [0, 2], [1, 0], [1, 1], [2, 1], [3, 1]]
# [[0, 0], [1, 0], [2, 0], [2, 1]]
# [[0, 2], [1, 0], [1, 1], [1, 2]]
# [[0, 0], [0, 1], [1, 1], [1, 2], [1, 3], [1, 4], [2, 1]]
q 16 0 0 0 1 0 2 0 3 1 0 1 1 1 2 1 3 2 0 2 1 2 2 2 3 3 0 3 1 3 2 3 3 
q 4 0 0 0 1 1 0 1 1 
q 4 0 2 0 3 1 2 1 3 
q 4 2 0 2 1 3 0 3 1 
q 4 2 2 2 3 3 2 3 3 
q 16 0 4 0 5 0 6 0 7 1 4 1 5 1 6 1 7 2 4 2 5 2 6 2 7 3 4 3 5 3 6 3 7 
q 16 0 8 0 9 0 10 0 11 1 8 1 9 1 10 1 11 2 8 2 9 2 10 2 11 3 8 3 9 3 10 3 11 
q 4 0 8 0 9 1 8 1 9 
q 4 0 10 0 11 1 10 1 11 
q 4 2 8 2 9 3 8 3 9 
q 4 2 10 2 11 3 10 3 11 
q 1 2 10 
#c 2 10 green
# searchh
q 1 1 10 
q 1 2 9 
q 1 2 11 
#c 2 11 green
# found/all 2 42
q 1 3 10 
q 1 1 11 
q 1 2 12 
#c 2 12 green
# found/all 3 42
q 1 3 11 
q 1 1 12 
#c 1 12 green
# found/all 4 42
q 1 2 13 
#c 2 13 green
# found/all 5 42
q 1 3 12 
#c 3 12 green
# found/all 6 42
q 1 0 12 
q 1 1 13 
q 1 3 13 
#c 3 13 green
# found/all 7 42
q 1 4 12 
q 1 4 13 
q 8 0 12 0 13 1 12 1 13 2 12 2 13 3 12 3 13 
q 4 0 12 0 13 1 12 1 13 
# SUM >= 2
q 16 4 0 4 1 4 2 4 3 5 0 5 1 5 2 5 3 6 0 6 1 6 2 6 3 7 0 7 1 7 2 7 3 
q 4 4 0 4 1 5 0 5 1 
q 4 4 2 4 3 5 2 5 3 
q 1 4 2 
q 1 4 3 
q 1 5 2 
#c 5 2 green
# searchh
q 1 5 1 
q 1 5 3 
#c 5 3 green
# found/all 9 42
q 1 6 2 
q 1 5 4 
#c 5 4 green
# found/all 10 42
q 1 6 3 
q 1 4 4 
#c 4 4 green
# found/all 11 42
q 1 5 5 
q 1 6 4 
q 1 3 4 
q 1 4 5 
q 4 6 0 6 1 7 0 7 1 
q 4 6 2 6 3 7 2 7 3 
q 1 7 2 
#c 7 2 green
# searchh
q 1 7 1 
q 1 7 3 
#c 7 3 green
# found/all 13 42
q 1 8 2 
#c 8 2 green
# found/all 14 42
q 1 7 4 
#c 7 4 green
# found/all 15 42
q 1 8 3 
#c 8 3 green
# found/all 16 42
q 1 8 1 
q 1 9 2 
q 1 7 5 
q 1 8 4 
q 1 9 3 
#c 9 3 green
# found/all 17 42
q 1 9 4 
q 1 10 3 
#c 10 3 green
# found/all 18 42
q 1 10 2 
q 1 10 4 
q 1 11 3 
q 16 4 4 4 5 4 6 4 7 5 4 5 5 5 6 5 7 6 4 6 5 6 6 6 7 7 4 7 5 7 6 7 7 
# SUM >= 2
q 4 6 4 6 5 7 4 7 5 
q 1 6 5 
q 4 6 6 6 7 7 6 7 7 
q 16 4 8 4 9 4 10 4 11 5 8 5 9 5 10 5 11 6 8 6 9 6 10 6 11 7 8 7 9 7 10 7 11 
q 4 4 8 4 9 5 8 5 9 
q 1 4 8 
q 1 4 9 
#c 4 9 green
# searchh
q 1 3 9 
q 1 4 10 
#c 4 10 green
# found/all 20 42
q 1 5 9 
q 1 4 11 
q 1 5 10 
#c 5 10 green
# found/all 21 42
q 1 5 11 
#c 5 11 green
# found/all 22 42
q 1 6 10 
#c 6 10 green
# found/all 23 42
q 1 5 12 
#c 5 12 green
# found/all 24 42
q 1 6 11 
q 1 6 9 
q 1 7 10 
q 1 5 13 
#c 5 13 green
# found/all 25 42
q 1 6 12 
q 1 6 13 
q 1 5 8 
#c 5 8 green
# searchh
q 1 5 7 
#c 5 7 green
# found/all 27 42
q 1 6 8 
q 1 4 7 
#c 4 7 green
# found/all 28 42
q 1 5 6 
q 1 6 7 
q 1 3 7 
#c 3 7 green
# found/all 29 42
q 1 4 6 
q 1 2 7 
q 1 3 6 
q 1 3 8 
# SUM >= 2
q 4 6 8 6 9 7 8 7 9 
q 4 6 10 6 11 7 10 7 11 
q 8 4 12 4 13 5 12 5 13 6 12 6 13 7 12 7 13 
# SUM >= 2
q 4 6 12 6 13 7 12 7 13 
q 16 8 0 8 1 8 2 8 3 9 0 9 1 9 2 9 3 10 0 10 1 10 2 10 3 11 0 11 1 11 2 11 3 
q 4 8 0 8 1 9 0 9 1 
# SUM >= 2
q 4 10 0 10 1 11 0 11 1 
q 4 10 2 10 3 11 2 11 3 
q 16 8 4 8 5 8 6 8 7 9 4 9 5 9 6 9 7 10 4 10 5 10 6 10 7 11 4 11 5 11 6 11 7 
q 4 8 4 8 5 9 4 9 5 
q 4 8 6 8 7 9 6 9 7 
q 4 10 4 10 5 11 4 11 5 
q 4 10 6 10 7 11 6 11 7 
q 16 8 8 8 9 8 10 8 11 9 8 9 9 9 10 9 11 10 8 10 9 10 10 10 11 11 8 11 9 11 10 11 11 
q 4 8 8 8 9 9 8 9 9 
q 1 8 8 
q 1 8 9 
#c 8 9 green
# searchh
q 1 7 9 
q 1 8 10 
q 1 9 9 
#c 9 9 green
# found/all 31 42
q 1 9 8 
#c 9 8 green
# found/all 32 42
q 1 9 10 
#c 9 10 green
# found/all 33 42
q 1 10 9 
#c 10 9 green
# found/all 34 42
q 1 9 7 
q 1 10 8 
#c 10 8 green
# found/all 35 42
q 1 9 11 
q 1 10 10 
#c 10 10 green
# found/all 36 42
q 1 11 9 
q 1 10 7 
#c 10 7 green
# found/all 37 42
q 1 11 8 
q 1 10 11 
q 1 11 10 
#c 11 10 green
# found/all 38 42
q 1 10 6 
q 1 11 7 
q 1 11 11 
q 1 12 10 
q 4 8 10 8 11 9 10 9 11 
# SUM >= 2
q 8 8 12 8 13 9 12 9 13 10 12 10 13 11 12 11 13 
q 8 12 0 12 1 12 2 12 3 13 0 13 1 13 2 13 3 
q 8 12 4 12 5 12 6 12 7 13 4 13 5 13 6 13 7 
q 4 12 4 12 5 13 4 13 5 
q 1 12 4 
q 1 12 5 
q 1 13 4 
#c 13 4 green
# searchh
q 1 13 3 
q 1 13 5 
#c 13 5 green
# found/all 40 42
q 1 13 6 
#c 13 6 green
# found/all 41 42
q 1 12 6 
q 1 13 7 
#c 13 7 green
# found/all 42 42
a 42 2 10 2 11 2 12 1 12 2 13 3 12 3 13 5 2 5 3 5 4 4 4 7 2 7 3 8 2 7 4 8 3 9 3 10 3 4 9 4 10 5 10 5 11 6 10 5 12 5 13 5 8 5 7 4 7 3 7 8 9 9 9 9 8 9 10 10 9 10 8 10 10 10 7 11 10 13 4 13 5 13 6 13 7 
