# [[0, 1], [1, 0], [1, 1], [1, 2], [2, 0], [2, 1], [2, 2], [3, 0], [3, 1], [3, 2], [3, 3], [4, 1], [4, 2], [5, 1]]
# [[0, 3], [0, 5], [1, 0], [1, 1], [1, 2], [1, 3], [1, 4], [1, 5], [2, 4], [2, 5], [2, 6], [3, 5], [3, 6], [3, 7]]
# [[0, 0], [0, 1], [0, 2], [1, 1], [1, 2], [1, 3], [1, 4]]
# [[0, 0], [0, 1], [0, 2], [1, 2], [1, 3], [1, 4], [2, 2], [2, 3], [3, 2], [3, 3], [3, 4]]
# [[0, 4], [1, 0], [1, 1], [1, 2], [1, 4], [2, 0], [2, 1], [2, 2], [2, 3], [2, 4], [2, 5], [2, 6], [3, 0], [3, 1], [3, 2], [3, 3], [4, 2], [4, 3]]
# [[0, 2], [1, 1], [1, 2], [1, 3], [2, 0], [2, 1], [2, 2], [2, 3], [3, 2], [3, 3], [3, 4], [3, 5]]
# [[0, 1], [1, 1], [2, 1], [2, 2], [2, 3], [2, 4], [3, 0], [3, 1], [3, 2], [3, 4], [4, 0], [4, 4]]
# [[0, 0], [0, 1], [0, 2], [1, 0], [1, 1], [1, 3], [2, 0], [2, 1], [2, 2], [2, 3], [2, 4], [2, 5], [2, 6], [3, 1], [3, 2], [3, 6], [4, 1]]
q 16 0 0 0 1 0 2 0 3 1 0 1 1 1 2 1 3 2 0 2 1 2 2 2 3 3 0 3 1 3 2 3 3 
q 16 0 4 0 5 0 6 0 7 1 4 1 5 1 6 1 7 2 4 2 5 2 6 2 7 3 4 3 5 3 6 3 7 
q 16 0 8 0 9 0 10 0 11 1 8 1 9 1 10 1 11 2 8 2 9 2 10 2 11 3 8 3 9 3 10 3 11 
q 4 0 8 0 9 1 8 1 9 
q 4 0 10 0 11 1 10 1 11 
q 4 2 8 2 9 3 8 3 9 
q 4 2 10 2 11 3 10 3 11 
q 16 0 12 0 13 0 14 0 15 1 12 1 13 1 14 1 15 2 12 2 13 2 14 2 15 3 12 3 13 3 14 3 15 
q 16 0 16 0 17 0 18 0 19 1 16 1 17 1 18 1 19 2 16 2 17 2 18 2 19 3 16 3 17 3 18 3 19 
q 16 4 0 4 1 4 2 4 3 5 0 5 1 5 2 5 3 6 0 6 1 6 2 6 3 7 0 7 1 7 2 7 3 
q 16 4 4 4 5 4 6 4 7 5 4 5 5 5 6 5 7 6 4 6 5 6 6 6 7 7 4 7 5 7 6 7 7 
q 4 4 4 4 5 5 4 5 5 
q 1 4 4 
q 1 4 5 
q 1 5 4 
#c 5 4 green
# searchh
q 1 5 3 
q 1 5 5 
#c 5 5 green
# found/all 2 105
q 1 6 4 
#c 6 4 green
# found/all 3 105
q 1 5 6 
#c 5 6 green
# found/all 4 105
q 1 6 5 
#c 6 5 green
# found/all 5 105
q 1 6 3 
q 1 7 4 
#c 7 4 green
# found/all 6 105
q 1 4 6 
q 1 5 7 
q 1 6 6 
q 1 7 5 
#c 7 5 green
# found/all 7 105
q 1 7 3 
q 1 8 4 
q 1 7 6 
#c 7 6 green
# found/all 9 105
q 1 8 5 
#c 8 5 green
# found/all 10 105
q 1 7 7 
#c 7 7 green
# found/all 12 105
q 1 8 6 
#c 8 6 green
# found/all 14 105
q 1 9 5 
#c 9 5 green
# found/all 15 105
q 1 6 7 
#c 6 7 green
# found/all 16 105
q 1 7 8 
#c 7 8 green
# found/all 18 105
q 1 8 7 
#c 8 7 green
# found/all 19 105
q 1 9 6 
#c 9 6 green
# found/all 20 105
q 1 9 4 
q 1 10 5 
q 1 6 8 
q 1 7 9 
#c 7 9 green
# found/all 21 105
q 1 8 8 
#c 8 8 green
# found/all 22 105
q 1 9 7 
#c 9 7 green
# found/all 23 105
q 1 10 6 
q 1 6 9 
#c 6 9 green
# found/all 24 105
q 1 7 10 
#c 7 10 green
# found/all 27 105
q 1 8 9 
#c 8 9 green
# found/all 28 105
q 1 9 8 
#c 9 8 green
# found/all 29 105
q 1 10 7 
q 1 5 9 
q 1 6 10 
#c 6 10 green
# found/all 31 105
q 1 7 11 
#c 7 11 green
# found/all 32 105
q 1 8 10 
#c 8 10 green
# found/all 34 105
q 1 9 9 
#c 9 9 green
# found/all 35 105
q 1 10 8 
#c 10 8 green
# found/all 36 105
q 1 5 10 
q 1 6 11 
#c 6 11 green
# found/all 37 105
q 1 7 12 
#c 7 12 green
# found/all 38 105
q 1 8 11 
#c 8 11 green
# found/all 39 105
q 1 9 10 
q 1 10 9 
#c 10 9 green
# found/all 40 105
q 1 11 8 
q 1 5 11 
q 1 6 12 
q 1 7 13 
#c 7 13 green
# found/all 41 105
q 1 8 12 
#c 8 12 green
# found/all 42 105
q 1 9 11 
q 1 10 10 
q 1 11 9 
q 1 6 13 
q 1 7 14 
q 1 8 13 
q 1 9 12 
q 4 4 6 4 7 5 6 5 7 
# SUM >= 2
q 16 4 8 4 9 4 10 4 11 5 8 5 9 5 10 5 11 6 8 6 9 6 10 6 11 7 8 7 9 7 10 7 11 
q 4 4 8 4 9 5 8 5 9 
q 4 4 10 4 11 5 10 5 11 
# SUM >= 2
q 16 4 12 4 13 4 14 4 15 5 12 5 13 5 14 5 15 6 12 6 13 6 14 6 15 7 12 7 13 7 14 7 15 
q 4 4 12 4 13 5 12 5 13 
q 4 4 14 4 15 5 14 5 15 
# SUM >= 2
q 16 4 16 4 17 4 18 4 19 5 16 5 17 5 18 5 19 6 16 6 17 6 18 6 19 7 16 7 17 7 18 7 19 
q 16 8 0 8 1 8 2 8 3 9 0 9 1 9 2 9 3 10 0 10 1 10 2 10 3 11 0 11 1 11 2 11 3 
q 4 8 0 8 1 9 0 9 1 
q 4 8 2 8 3 9 2 9 3 
q 4 10 0 10 1 11 0 11 1 
q 4 10 2 10 3 11 2 11 3 
q 1 10 2 
#c 10 2 green
# searchh
q 1 9 2 
q 1 10 1 
#c 10 1 green
# found/all 44 105
q 1 10 3 
#c 10 3 green
# found/all 45 105
q 1 11 2 
q 1 9 1 
q 1 10 0 
q 1 11 1 
q 1 9 3 
q 1 10 4 
q 1 11 3 
#c 11 3 green
# found/all 46 105
q 1 11 4 
#c 11 4 green
# found/all 47 105
q 1 12 3 
#c 12 3 green
# found/all 48 105
q 1 11 5 
#c 11 5 green
# found/all 49 105
q 1 12 4 
#c 12 4 green
# found/all 50 105
q 1 12 2 
q 1 13 3 
#c 13 3 green
# found/all 51 105
q 1 11 6 
q 1 12 5 
q 1 13 4 
#c 13 4 green
# found/all 52 105
q 1 13 2 
q 1 14 3 
q 1 13 5 
#c 13 5 green
# found/all 53 105
q 1 14 4 
q 1 13 6 
q 1 14 5 
q 16 8 4 8 5 8 6 8 7 9 4 9 5 9 6 9 7 10 4 10 5 10 6 10 7 11 4 11 5 11 6 11 7 
# SUM >= 2
# SUM >= 2
q 16 8 8 8 9 8 10 8 11 9 8 9 9 9 10 9 11 10 8 10 9 10 10 10 11 11 8 11 9 11 10 11 11 
# SUM >= 2
# SUM >= 2
q 16 8 12 8 13 8 14 8 15 9 12 9 13 9 14 9 15 10 12 10 13 10 14 10 15 11 12 11 13 11 14 11 15 
q 4 8 12 8 13 9 12 9 13 
q 4 8 14 8 15 9 14 9 15 
q 4 10 12 10 13 11 12 11 13 
q 4 10 14 10 15 11 14 11 15 
q 1 10 14 
q 1 10 15 
#c 10 15 green
# searchh
q 1 9 15 
#c 9 15 green
# found/all 55 105
q 1 10 16 
q 1 11 15 
#c 11 15 green
# found/all 56 105
q 1 8 15 
q 1 9 14 
q 1 9 16 
q 1 11 14 
q 1 11 16 
#c 11 16 green
# found/all 57 105
q 1 12 15 
#c 12 15 green
# found/all 58 105
q 1 11 17 
#c 11 17 green
# found/all 59 105
q 1 12 16 
#c 12 16 green
# found/all 60 105
q 1 12 14 
#c 12 14 green
# found/all 61 105
q 1 13 15 
q 1 10 17 
q 1 11 18 
#c 11 18 green
# found/all 62 105
q 1 12 17 
q 1 13 16 
q 1 12 13 
q 1 13 14 
#c 13 14 green
# found/all 63 105
q 1 10 18 
q 1 11 19 
q 1 12 18 
#c 12 18 green
# found/all 64 105
q 1 13 13 
q 1 14 14 
q 1 12 19 
q 1 13 18 
#c 13 18 green
# found/all 65 105
q 1 13 17 
q 1 13 19 
q 1 14 18 
q 16 8 16 8 17 8 18 8 19 9 16 9 17 9 18 9 19 10 16 10 17 10 18 10 19 11 16 11 17 11 18 11 19 
q 4 8 16 8 17 9 16 9 17 
q 4 8 18 8 19 9 18 9 19 
# SUM >= 2
q 16 12 0 12 1 12 2 12 3 13 0 13 1 13 2 13 3 14 0 14 1 14 2 14 3 15 0 15 1 15 2 15 3 
q 4 12 0 12 1 13 0 13 1 
# SUM >= 2
q 4 14 0 14 1 15 0 15 1 
q 1 14 0 
q 1 14 1 
#c 14 1 green
# searchh
q 1 13 1 
q 1 14 2 
q 1 15 1 
#c 15 1 green
# found/all 67 105
q 1 15 0 
#c 15 0 green
# found/all 68 105
q 1 15 2 
#c 15 2 green
# found/all 69 105
q 1 16 1 
#c 16 1 green
# found/all 70 105
q 1 16 0 
#c 16 0 green
# found/all 71 105
q 1 15 3 
q 1 16 2 
#c 16 2 green
# found/all 72 105
q 1 17 1 
#c 17 1 green
# found/all 73 105
q 1 17 0 
#c 17 0 green
# found/all 74 105
q 1 16 3 
q 1 17 2 
#c 17 2 green
# found/all 75 105
q 1 18 1 
#c 18 1 green
# found/all 76 105
q 1 18 0 
q 1 17 3 
#c 17 3 green
# found/all 77 105
q 1 18 2 
#c 18 2 green
# found/all 78 105
q 1 19 1 
#c 19 1 green
# found/all 79 105
q 1 17 4 
q 1 18 3 
q 1 19 2 
q 1 19 0 
q 4 14 2 14 3 15 2 15 3 
q 16 12 4 12 5 12 6 12 7 13 4 13 5 13 6 13 7 14 4 14 5 14 6 14 7 15 4 15 5 15 6 15 7 
# SUM >= 2
q 4 14 4 14 5 15 4 15 5 
q 4 14 6 14 7 15 6 15 7 
q 16 12 8 12 9 12 10 12 11 13 8 13 9 13 10 13 11 14 8 14 9 14 10 14 11 15 8 15 9 15 10 15 11 
q 4 12 8 12 9 13 8 13 9 
q 4 12 10 12 11 13 10 13 11 
q 4 14 8 14 9 15 8 15 9 
q 4 14 10 14 11 15 10 15 11 
q 1 14 10 
#c 14 10 green
# searchh
q 1 13 10 
q 1 14 9 
q 1 14 11 
#c 14 11 green
# found/all 81 105
q 1 15 10 
#c 15 10 green
# found/all 82 105
q 1 13 11 
#c 13 11 green
# found/all 83 105
q 1 14 12 
#c 14 12 green
# found/all 84 105
q 1 15 11 
#c 15 11 green
# found/all 85 105
q 1 15 9 
#c 15 9 green
# found/all 86 105
q 1 16 10 
q 1 12 11 
q 1 13 12 
q 1 14 13 
q 1 15 12 
#c 15 12 green
# found/all 87 105
q 1 16 11 
#c 16 11 green
# found/all 89 105
q 1 15 8 
q 1 16 9 
q 1 15 13 
q 1 16 12 
#c 16 12 green
# found/all 91 105
q 1 17 11 
q 1 16 13 
#c 16 13 green
# found/all 93 105
q 1 17 12 
q 1 16 14 
#c 16 14 green
# found/all 95 105
q 1 17 13 
q 1 15 14 
#c 15 14 green
# found/all 96 105
q 1 16 15 
#c 16 15 green
# found/all 97 105
q 1 17 14 
q 1 15 15 
q 1 16 16 
#c 16 16 green
# found/all 98 105
q 1 17 15 
#c 17 15 green
# found/all 99 105
q 1 15 16 
#c 15 16 green
# found/all 100 105
q 1 16 17 
q 1 17 16 
#c 17 16 green
# found/all 101 105
q 1 18 15 
q 1 14 16 
q 1 15 17 
q 1 17 17 
#c 17 17 green
# found/all 102 105
q 1 18 16 
#c 18 16 green
# found/all 103 105
q 1 17 18 
q 1 18 17 
#c 18 17 green
# found/all 104 105
q 1 19 16 
q 1 18 18 
#c 18 18 green
# found/all 105 105
a 93 5 4 5 5 6 4 5 6 6 5 7 4 7 5 7 6 8 5 7 7 8 6 9 5 6 7 7 8 8 7 9 6 7 9 8 8 9 7 6 9 7 10 8 9 9 8 6 10 7 11 8 10 9 9 10 8 6 11 7 12 8 11 10 9 7 13 8 12 10 2 10 1 10 3 11 3 11 4 12 3 11 5 12 4 13 3 13 4 13 5 10 15 9 15 11 15 11 16 12 15 11 17 12 16 12 14 11 18 13 14 12 18 13 18 14 1 15 1 15 0 15 2 16 1 16 0 16 2 17 1 17 0 17 2 18 1 17 3 18 2 19 1 14 10 14 11 15 10 13 11 14 12 15 11 15 9 15 12 16 11 16 12 16 13 16 14 15 14 16 15 16 16 17 15 15 16 17 16 17 17 18 16 18 17 18 18 
