# [[0, 0], [0, 1], [1, 0], [1, 1]]
# [[0, 0], [0, 1], [0, 2], [1, 0]]
# [[0, 0], [0, 1], [0, 2], [1, 2]]
# [[0, 0], [1, 0], [2, 0], [2, 1]]
# [[0, 1], [1, 0], [1, 1], [2, 0]]
# [[0, 0], [1, 0], [1, 1], [2, 1]]
# [[0, 1], [1, 0], [1, 1], [1, 2]]
q 16 0 0 0 1 0 2 0 3 1 0 1 1 1 2 1 3 2 0 2 1 2 2 2 3 3 0 3 1 3 2 3 3 
q 4 0 0 0 1 1 0 1 1 
q 4 0 2 0 3 1 2 1 3 
q 1 0 2 
#c 0 2 green
# searchh
q 1 0 1 
q 1 0 3 
q 1 1 2 
#c 1 2 green
# found/all 2 28
q 1 1 1 
q 1 1 3 
#c 1 3 green
# found/all 3 28
q 1 2 2 
q 1 1 4 
q 1 2 3 
#c 2 3 green
# found/all 4 28
q 1 2 4 
q 1 3 3 
q 4 2 0 2 1 3 0 3 1 
q 4 2 2 2 3 3 2 3 3 
q 16 0 4 0 5 0 6 0 7 1 4 1 5 1 6 1 7 2 4 2 5 2 6 2 7 3 4 3 5 3 6 3 7 
q 4 0 4 0 5 1 4 1 5 
q 1 0 4 
q 1 0 5 
#c 0 5 green
# searchh
q 1 0 6 
#c 0 6 green
# found/all 6 28
q 1 1 5 
#c 1 5 green
# found/all 7 28
q 1 0 7 
q 1 1 6 
#c 1 6 green
# found/all 8 28
q 1 2 5 
q 1 1 7 
q 1 2 6 
# SUM >= 2
q 4 2 4 2 5 3 4 3 5 
q 4 2 6 2 7 3 6 3 7 
q 16 0 8 0 9 0 10 0 11 1 8 1 9 1 10 1 11 2 8 2 9 2 10 2 11 3 8 3 9 3 10 3 11 
q 4 0 8 0 9 1 8 1 9 
q 4 0 10 0 11 1 10 1 11 
q 4 2 8 2 9 3 8 3 9 
q 4 2 10 2 11 3 10 3 11 
q 1 2 10 
q 1 2 11 
q 1 3 10 
#c 3 10 green
# searchh
q 1 3 9 
#c 3 9 green
# found/all 10 28
q 1 3 11 
#c 3 11 green
# found/all 11 28
q 1 4 10 
q 1 2 9 
q 1 3 8 
q 1 4 9 
q 1 3 12 
q 1 4 11 
#c 4 11 green
# found/all 12 28
q 1 4 12 
q 1 5 11 
q 4 0 12 1 12 2 12 3 12 
q 16 4 0 4 1 4 2 4 3 5 0 5 1 5 2 5 3 6 0 6 1 6 2 6 3 7 0 7 1 7 2 7 3 
q 16 4 4 4 5 4 6 4 7 5 4 5 5 5 6 5 7 6 4 6 5 6 6 6 7 7 4 7 5 7 6 7 7 
q 4 4 4 4 5 5 4 5 5 
q 4 4 6 4 7 5 6 5 7 
q 4 6 4 6 5 7 4 7 5 
q 4 6 6 6 7 7 6 7 7 
q 16 4 8 4 9 4 10 4 11 5 8 5 9 5 10 5 11 6 8 6 9 6 10 6 11 7 8 7 9 7 10 7 11 
q 4 4 8 4 9 5 8 5 9 
q 4 4 10 4 11 5 10 5 11 
q 4 6 8 6 9 7 8 7 9 
q 1 6 8 
#c 6 8 green
# searchh
q 1 5 8 
q 1 6 7 
q 1 6 9 
#c 6 9 green
# found/all 14 28
q 1 7 8 
q 1 5 9 
#c 5 9 green
# found/all 15 28
q 1 6 10 
#c 6 10 green
# found/all 16 28
q 1 7 9 
q 1 5 10 
q 1 6 11 
q 1 7 10 
q 4 6 10 6 11 7 10 7 11 
q 4 4 12 5 12 6 12 7 12 
q 16 8 0 8 1 8 2 8 3 9 0 9 1 9 2 9 3 10 0 10 1 10 2 10 3 11 0 11 1 11 2 11 3 
q 4 8 0 8 1 9 0 9 1 
q 4 8 2 8 3 9 2 9 3 
q 4 10 0 10 1 11 0 11 1 
q 4 10 2 10 3 11 2 11 3 
q 1 10 2 
q 1 10 3 
#c 10 3 green
# searchh
q 1 9 3 
q 1 10 4 
q 1 11 3 
#c 11 3 green
# found/all 18 28
q 1 11 2 
q 1 11 4 
q 1 12 3 
#c 12 3 green
# found/all 19 28
q 1 12 2 
q 1 12 4 
#c 12 4 green
# found/all 20 28
q 1 12 5 
q 16 8 4 8 5 8 6 8 7 9 4 9 5 9 6 9 7 10 4 10 5 10 6 10 7 11 4 11 5 11 6 11 7 
q 4 8 4 8 5 9 4 9 5 
q 1 8 4 
#c 8 4 green
# searchh
q 1 7 4 
q 1 8 3 
q 1 8 5 
#c 8 5 green
# found/all 22 28
q 1 9 4 
#c 9 4 green
# found/all 23 28
q 1 7 5 
#c 7 5 green
# found/all 24 28
q 1 8 6 
q 1 9 5 
q 1 6 5 
q 1 7 6 
q 4 8 6 8 7 9 6 9 7 
q 4 10 4 10 5 11 4 11 5 
q 4 10 6 10 7 11 6 11 7 
q 16 8 8 8 9 8 10 8 11 9 8 9 9 9 10 9 11 10 8 10 9 10 10 10 11 11 8 11 9 11 10 11 11 
q 4 8 8 8 9 9 8 9 9 
q 4 8 10 8 11 9 10 9 11 
q 4 10 8 10 9 11 8 11 9 
q 1 10 8 
q 1 10 9 
q 1 11 8 
#c 11 8 green
# searchh
q 1 11 7 
#c 11 7 green
# found/all 26 28
q 1 11 9 
#c 11 9 green
# found/all 27 28
q 1 12 8 
q 1 10 7 
q 1 11 6 
q 1 12 7 
#c 12 7 green
# found/all 28 28
a 28 0 2 1 2 1 3 2 3 0 5 0 6 1 5 1 6 3 10 3 9 3 11 4 11 6 8 6 9 5 9 6 10 10 3 11 3 12 3 12 4 8 4 8 5 9 4 7 5 11 8 11 7 11 9 12 7 
