# [[0, 0], [1, 0], [2, 0], [3, 0]]
# [[0, 0], [0, 1], [0, 2], [1, 0], [1, 1], [2, 1], [2, 2], [3, 0], [3, 1]]
# [[0, 2], [0, 3], [1, 0], [1, 1], [1, 2], [2, 1], [2, 2]]
# [[0, 2], [1, 2], [2, 0], [2, 1], [2, 2], [3, 1], [3, 2]]
# [[0, 0], [0, 1], [1, 0], [1, 1], [2, 1], [3, 1]]
# [[0, 3], [1, 3], [2, 3], [2, 4], [3, 0], [3, 1], [3, 2], [3, 3], [3, 4], [4, 3]]
# [[0, 1], [0, 2], [1, 0], [1, 1], [1, 2], [1, 3], [1, 4], [2, 3], [3, 3]]
# [[0, 2], [0, 3], [1, 2], [2, 0], [2, 1], [2, 2], [3, 0], [4, 0], [4, 1]]
# [[0, 0], [0, 1], [1, 1], [1, 2], [1, 3], [1, 4], [2, 1], [2, 3], [3, 3], [4, 3]]
# [[0, 2], [1, 2], [1, 4], [1, 5], [2, 1], [2, 2], [2, 3], [2, 4], [2, 5], [3, 0], [3, 1], [4, 1]]
# [[0, 0], [0, 1], [0, 2], [1, 1], [2, 0], [2, 1], [2, 2], [3, 1], [3, 2], [3, 3]]
# [[0, 0], [0, 1], [0, 2], [1, 2], [1, 3], [2, 0], [2, 1], [2, 2], [3, 2], [4, 1], [4, 2]]
# [[0, 2], [1, 0], [1, 1], [1, 2], [1, 3], [2, 3]]
# [[0, 0], [1, 0], [1, 1], [2, 0], [2, 1], [3, 1], [3, 2], [4, 2], [5, 2]]
# [[0, 0], [0, 1], [0, 2], [0, 3], [1, 2], [1, 3], [2, 2]]
# [[0, 1], [1, 1], [1, 2], [2, 1], [2, 2], [3, 0], [3, 1]]
# [[0, 0], [0, 1], [1, 1], [2, 1], [2, 2], [2, 4], [3, 1], [3, 2], [3, 3], [3, 4], [4, 1]]
# [[0, 1], [0, 2], [1, 1], [1, 2], [1, 3], [2, 0], [2, 1], [2, 2], [3, 1], [4, 1]]
# [[0, 0], [0, 1], [0, 2], [1, 0], [1, 1], [1, 2], [2, 2], [2, 3], [2, 4], [2, 5]]
# [[0, 1], [1, 0], [1, 1], [2, 1], [2, 2], [2, 3], [3, 1], [4, 1]]
q 16 0 0 0 1 0 2 0 3 1 0 1 1 1 2 1 3 2 0 2 1 2 2 2 3 3 0 3 1 3 2 3 3 
q 4 0 0 0 1 1 0 1 1 
q 4 0 2 0 3 1 2 1 3 
q 1 0 2 
q 1 0 3 
q 1 1 2 
q 1 1 3 
q 4 2 0 2 1 3 0 3 1 
q 1 2 0 
#c 2 0 green
# searchh
q 1 1 0 
q 1 2 1 
#c 2 1 green
# found/all 2 172
q 1 3 0 
q 1 1 1 
q 1 2 2 
#c 2 2 green
# found/all 3 172
q 1 3 1 
q 1 2 3 
#c 2 3 green
# found/all 4 172
q 1 3 2 
#c 3 2 green
# found/all 6 172
q 1 2 4 
q 1 3 3 
#c 3 3 green
# found/all 7 172
q 1 4 2 
#c 4 2 green
# found/all 10 172
q 1 3 4 
q 1 4 3 
#c 4 3 green
# found/all 12 172
q 1 4 1 
#c 4 1 green
# found/all 13 172
q 1 5 2 
q 1 4 4 
q 1 5 3 
#c 5 3 green
# found/all 15 172
q 1 4 0 
#c 4 0 green
# found/all 16 172
q 1 5 1 
q 1 5 4 
#c 5 4 green
# found/all 17 172
q 1 6 3 
#c 6 3 green
# found/all 18 172
q 1 5 0 
q 1 5 5 
#c 5 5 green
# found/all 19 172
q 1 6 4 
q 1 6 2 
q 1 7 3 
q 1 4 5 
q 1 5 6 
#c 5 6 green
# found/all 20 172
q 1 6 5 
#c 6 5 green
# found/all 21 172
q 1 4 6 
q 1 5 7 
q 1 6 6 
q 1 7 5 
#c 7 5 green
# found/all 22 172
q 1 7 4 
q 1 7 6 
q 1 8 5 
#c 8 5 green
# found/all 23 172
q 1 8 4 
q 1 8 6 
q 1 9 5 
# SUM >= 2
q 16 0 4 0 5 0 6 0 7 1 4 1 5 1 6 1 7 2 4 2 5 2 6 2 7 3 4 3 5 3 6 3 7 
q 4 0 4 0 5 1 4 1 5 
q 4 0 6 0 7 1 6 1 7 
q 4 2 4 2 5 3 4 3 5 
q 4 2 6 2 7 3 6 3 7 
q 16 0 8 0 9 0 10 0 11 1 8 1 9 1 10 1 11 2 8 2 9 2 10 2 11 3 8 3 9 3 10 3 11 
q 4 0 8 0 9 1 8 1 9 
q 4 0 10 0 11 1 10 1 11 
q 1 0 10 
#c 0 10 green
# searchh
q 1 0 9 
q 1 0 11 
#c 0 11 green
# found/all 25 172
q 1 1 10 
#c 1 10 green
# found/all 26 172
q 1 0 12 
#c 0 12 green
# found/all 27 172
q 1 1 11 
#c 1 11 green
# found/all 28 172
q 1 1 9 
q 1 2 10 
q 1 0 13 
q 1 1 12 
q 1 2 11 
#c 2 11 green
# found/all 29 172
q 1 2 12 
#c 2 12 green
# found/all 30 172
q 1 3 11 
#c 3 11 green
# found/all 31 172
q 1 2 13 
#c 2 13 green
# found/all 32 172
q 1 3 12 
q 1 3 10 
#c 3 10 green
# found/all 33 172
q 1 4 11 
#c 4 11 green
# found/all 34 172
q 1 1 13 
q 1 2 14 
#c 2 14 green
# found/all 36 172
q 1 3 13 
#c 3 13 green
# found/all 37 172
q 1 3 9 
q 1 4 10 
q 1 4 12 
#c 4 12 green
# found/all 38 172
q 1 5 11 
#c 5 11 green
# found/all 39 172
q 1 1 14 
#c 1 14 green
# found/all 40 172
q 1 2 15 
#c 2 15 green
# found/all 41 172
q 1 3 14 
#c 3 14 green
# found/all 42 172
q 1 4 13 
#c 4 13 green
# found/all 43 172
q 1 5 12 
q 1 5 10 
q 1 6 11 
#c 6 11 green
# found/all 44 172
q 1 0 14 
q 1 1 15 
#c 1 15 green
# found/all 45 172
q 1 2 16 
q 1 3 15 
#c 3 15 green
# found/all 46 172
q 1 4 14 
#c 4 14 green
# found/all 47 172
q 1 5 13 
q 1 6 10 
q 1 6 12 
#c 6 12 green
# found/all 48 172
q 1 7 11 
q 1 0 15 
q 1 1 16 
q 1 3 16 
#c 3 16 green
# found/all 49 172
q 1 4 15 
#c 4 15 green
# found/all 50 172
q 1 5 14 
#c 5 14 green
# found/all 51 172
q 1 6 13 
q 1 7 12 
q 1 3 17 
q 1 4 16 
#c 4 16 green
# found/all 52 172
q 1 5 15 
#c 5 15 green
# found/all 53 172
q 1 6 14 
q 1 4 17 
#c 4 17 green
# found/all 54 172
q 1 5 16 
q 1 6 15 
q 1 4 18 
#c 4 18 green
# found/all 55 172
q 1 5 17 
q 1 3 18 
#c 3 18 green
# found/all 56 172
q 1 4 19 
q 1 5 18 
q 1 2 18 
q 1 3 19 
q 4 2 8 2 9 3 8 3 9 
# SUM >= 2
q 16 0 12 0 13 0 14 0 15 1 12 1 13 1 14 1 15 2 12 2 13 2 14 2 15 3 12 3 13 3 14 3 15 
q 4 0 12 0 13 1 12 1 13 
# SUM >= 2
# SUM >= 2
q 16 0 16 0 17 0 18 0 19 1 16 1 17 1 18 1 19 2 16 2 17 2 18 2 19 3 16 3 17 3 18 3 19 
q 4 0 16 0 17 1 16 1 17 
q 4 0 18 0 19 1 18 1 19 
q 4 2 16 2 17 3 16 3 17 
q 1 2 17 
q 4 2 18 2 19 3 18 3 19 
q 1 2 19 
q 16 4 0 4 1 4 2 4 3 5 0 5 1 5 2 5 3 6 0 6 1 6 2 6 3 7 0 7 1 7 2 7 3 
# SUM >= 2
q 4 6 0 6 1 7 0 7 1 
q 4 6 2 6 3 7 2 7 3 
q 16 4 4 4 5 4 6 4 7 5 4 5 5 5 6 5 7 6 4 6 5 6 6 6 7 7 4 7 5 7 6 7 7 
# SUM >= 2
# SUM >= 2
q 16 4 8 4 9 4 10 4 11 5 8 5 9 5 10 5 11 6 8 6 9 6 10 6 11 7 8 7 9 7 10 7 11 
q 4 4 8 4 9 5 8 5 9 
# SUM >= 2
q 4 6 8 6 9 7 8 7 9 
q 4 6 10 6 11 7 10 7 11 
q 1 7 10 
q 16 4 12 4 13 4 14 4 15 5 12 5 13 5 14 5 15 6 12 6 13 6 14 6 15 7 12 7 13 7 14 7 15 
# SUM >= 2
q 4 6 12 6 13 7 12 7 13 
q 4 6 14 6 15 7 14 7 15 
q 16 4 16 4 17 4 18 4 19 5 16 5 17 5 18 5 19 6 16 6 17 6 18 6 19 7 16 7 17 7 18 7 19 
# SUM >= 2
q 4 6 16 6 17 7 16 7 17 
q 1 6 16 
q 1 6 17 
#c 6 17 green
# searchh
q 1 6 18 
q 1 7 17 
#c 7 17 green
# found/all 58 172
q 1 7 16 
q 1 7 18 
q 1 8 17 
#c 8 17 green
# found/all 61 172
q 1 8 16 
q 1 8 18 
#c 8 18 green
# found/all 62 172
q 1 9 17 
#c 9 17 green
# found/all 65 172
q 1 8 19 
q 1 9 18 
#c 9 18 green
# found/all 67 172
q 1 9 16 
#c 9 16 green
# found/all 68 172
q 1 10 17 
#c 10 17 green
# found/all 71 172
q 1 9 19 
q 1 10 18 
#c 10 18 green
# found/all 73 172
q 1 9 15 
#c 9 15 green
# found/all 74 172
q 1 10 16 
#c 10 16 green
# found/all 75 172
q 1 11 17 
#c 11 17 green
# found/all 77 172
q 1 10 19 
#c 10 19 green
# found/all 78 172
q 1 11 18 
#c 11 18 green
# found/all 80 172
q 1 8 15 
q 1 9 14 
#c 9 14 green
# found/all 81 172
q 1 10 15 
#c 10 15 green
# found/all 82 172
q 1 11 16 
#c 11 16 green
# found/all 84 172
q 1 12 17 
#c 12 17 green
# found/all 85 172
q 1 11 19 
#c 11 19 green
# found/all 86 172
q 1 12 18 
#c 12 18 green
# found/all 87 172
q 1 8 14 
q 1 9 13 
q 1 10 14 
q 1 11 15 
q 1 12 16 
q 1 13 17 
q 1 12 19 
#c 12 19 green
# found/all 88 172
q 1 13 18 
q 1 13 19 
#c 13 19 green
# found/all 89 172
q 1 14 19 
q 4 6 18 6 19 7 18 7 19 
q 16 8 0 8 1 8 2 8 3 9 0 9 1 9 2 9 3 10 0 10 1 10 2 10 3 11 0 11 1 11 2 11 3 
q 4 8 0 8 1 9 0 9 1 
q 4 8 2 8 3 9 2 9 3 
q 4 10 0 10 1 11 0 11 1 
q 4 10 2 10 3 11 2 11 3 
q 16 8 4 8 5 8 6 8 7 9 4 9 5 9 6 9 7 10 4 10 5 10 6 10 7 11 4 11 5 11 6 11 7 
q 16 8 8 8 9 8 10 8 11 9 8 9 9 9 10 9 11 10 8 10 9 10 10 10 11 11 8 11 9 11 10 11 11 
q 4 8 8 8 9 9 8 9 9 
q 4 8 10 8 11 9 10 9 11 
q 4 10 8 10 9 11 8 11 9 
q 4 10 10 10 11 11 10 11 11 
q 16 8 12 8 13 8 14 8 15 9 12 9 13 9 14 9 15 10 12 10 13 10 14 10 15 11 12 11 13 11 14 11 15 
q 4 8 12 8 13 9 12 9 13 
# SUM >= 2
q 4 10 12 10 13 11 12 11 13 
q 1 10 12 
q 1 10 13 
q 1 11 12 
#c 11 12 green
# searchh
q 1 11 11 
q 1 11 13 
q 1 12 12 
#c 12 12 green
# found/all 91 172
q 1 12 11 
q 1 12 13 
#c 12 13 green
# found/all 92 172
q 1 13 12 
#c 13 12 green
# found/all 93 172
q 1 12 14 
q 1 13 13 
#c 13 13 green
# found/all 95 172
q 1 13 11 
q 1 14 12 
#c 14 12 green
# found/all 97 172
q 1 13 14 
q 1 14 13 
#c 14 13 green
# found/all 98 172
q 1 14 11 
#c 14 11 green
# found/all 99 172
q 1 15 12 
#c 15 12 green
# found/all 100 172
q 1 14 14 
q 1 15 13 
#c 15 13 green
# found/all 101 172
q 1 14 10 
q 1 15 11 
q 1 16 12 
#c 16 12 green
# found/all 103 172
q 1 15 14 
#c 15 14 green
# found/all 104 172
q 1 16 13 
#c 16 13 green
# found/all 105 172
q 1 16 11 
#c 16 11 green
# found/all 106 172
q 1 17 12 
#c 17 12 green
# found/all 108 172
q 1 15 15 
#c 15 15 green
# found/all 109 172
q 1 16 14 
#c 16 14 green
# found/all 110 172
q 1 17 13 
#c 17 13 green
# found/all 113 172
q 1 16 10 
q 1 17 11 
#c 17 11 green
# found/all 115 172
q 1 18 12 
q 1 14 15 
#c 14 15 green
# found/all 116 172
q 1 15 16 
#c 15 16 green
# found/all 117 172
q 1 16 15 
#c 16 15 green
# found/all 119 172
q 1 17 14 
#c 17 14 green
# found/all 121 172
q 1 18 13 
#c 18 13 green
# found/all 122 172
q 1 17 10 
#c 17 10 green
# found/all 123 172
q 1 18 11 
#c 18 11 green
# found/all 124 172
q 1 13 15 
q 1 14 16 
#c 14 16 green
# found/all 125 172
q 1 15 17 
q 1 16 16 
#c 16 16 green
# found/all 127 172
q 1 17 15 
#c 17 15 green
# found/all 128 172
q 1 18 14 
q 1 19 13 
#c 19 13 green
# found/all 129 172
q 1 17 9 
q 1 18 10 
#c 18 10 green
# found/all 130 172
q 1 19 11 
#c 19 11 green
# found/all 131 172
q 1 13 16 
q 1 14 17 
#c 14 17 green
# found/all 132 172
q 1 16 17 
#c 16 17 green
# found/all 134 172
q 1 17 16 
#c 17 16 green
# found/all 136 172
q 1 18 15 
q 1 19 12 
q 1 19 14 
q 1 18 9 
q 1 19 10 
q 1 14 18 
q 1 16 18 
q 1 17 17 
#c 17 17 green
# found/all 138 172
q 1 18 16 
q 1 17 18 
#c 17 18 green
# found/all 139 172
q 1 18 17 
#c 18 17 green
# found/all 140 172
q 1 17 19 
q 1 18 18 
q 1 19 17 
#c 19 17 green
# found/all 141 172
q 1 19 16 
q 1 19 18 
q 4 10 14 10 15 11 14 11 15 
q 16 8 16 8 17 8 18 8 19 9 16 9 17 9 18 9 19 10 16 10 17 10 18 10 19 11 16 11 17 11 18 11 19 
# SUM >= 2
# SUM >= 2
q 16 12 0 12 1 12 2 12 3 13 0 13 1 13 2 13 3 14 0 14 1 14 2 14 3 15 0 15 1 15 2 15 3 
q 4 12 0 12 1 13 0 13 1 
q 4 12 2 12 3 13 2 13 3 
q 4 14 0 14 1 15 0 15 1 
q 4 14 2 14 3 15 2 15 3 
q 16 12 4 12 5 12 6 12 7 13 4 13 5 13 6 13 7 14 4 14 5 14 6 14 7 15 4 15 5 15 6 15 7 
q 4 12 4 12 5 13 4 13 5 
q 4 12 6 12 7 13 6 13 7 
q 4 14 4 14 5 15 4 15 5 
q 4 14 6 14 7 15 6 15 7 
q 16 12 8 12 9 12 10 12 11 13 8 13 9 13 10 13 11 14 8 14 9 14 10 14 11 15 8 15 9 15 10 15 11 
q 4 12 8 12 9 13 8 13 9 
q 4 12 10 12 11 13 10 13 11 
q 4 14 8 14 9 15 8 15 9 
q 1 14 8 
#c 14 8 green
# searchh
q 1 13 8 
q 1 14 7 
q 1 14 9 
#c 14 9 green
# found/all 143 172
q 1 15 8 
#c 15 8 green
# found/all 144 172
q 1 13 9 
q 1 15 9 
#c 15 9 green
# found/all 145 172
q 1 15 7 
q 1 16 8 
#c 16 8 green
# found/all 146 172
q 1 15 10 
#c 15 10 green
# found/all 147 172
q 1 16 9 
#c 16 9 green
# found/all 148 172
q 1 16 7 
#c 16 7 green
# found/all 149 172
q 1 17 8 
#c 17 8 green
# found/all 150 172
q 1 16 6 
q 1 17 7 
q 1 18 8 
#c 18 8 green
# found/all 151 172
q 1 18 7 
q 1 19 8 
#c 19 8 green
# found/all 152 172
q 1 19 7 
#c 19 7 green
# found/all 153 172
q 1 19 9 
q 1 19 6 
#c 19 6 green
# found/all 154 172
q 1 18 6 
q 1 19 5 
#c 19 5 green
# found/all 155 172
q 1 18 5 
#c 18 5 green
# found/all 156 172
q 1 19 4 
q 1 17 5 
#c 17 5 green
# found/all 157 172
q 1 18 4 
#c 18 4 green
# found/all 158 172
q 1 16 5 
q 1 17 4 
#c 17 4 green
# found/all 159 172
q 1 17 6 
q 1 18 3 
#c 18 3 green
# found/all 161 172
q 1 16 4 
#c 16 4 green
# found/all 162 172
q 1 17 3 
#c 17 3 green
# found/all 164 172
q 1 18 2 
q 1 19 3 
#c 19 3 green
# found/all 165 172
q 1 15 4 
q 1 16 3 
#c 16 3 green
# found/all 166 172
q 1 17 2 
#c 17 2 green
# found/all 167 172
q 1 19 2 
#c 19 2 green
# found/all 168 172
q 1 15 3 
#c 15 3 green
# found/all 169 172
q 1 16 2 
q 1 17 1 
#c 17 1 green
# found/all 170 172
q 1 19 1 
q 1 14 3 
q 1 15 2 
#c 15 2 green
# found/all 171 172
q 1 16 1 
q 1 17 0 
q 1 18 1 
q 1 14 2 
q 1 15 1 
#c 15 1 green
# found/all 172 172
a 140 2 0 2 1 2 2 2 3 3 2 3 3 4 2 4 3 4 1 5 3 4 0 5 4 6 3 5 5 5 6 6 5 7 5 8 5 0 10 0 11 1 10 0 12 1 11 2 11 2 12 3 11 2 13 3 10 4 11 2 14 3 13 4 12 5 11 1 14 2 15 3 14 4 13 6 11 1 15 3 15 4 14 6 12 3 16 4 15 5 14 4 16 5 15 4 17 4 18 3 18 6 17 7 17 8 17 8 18 9 17 9 18 9 16 10 17 10 18 9 15 10 16 11 17 10 19 11 18 9 14 10 15 11 16 12 17 11 19 12 18 12 19 13 19 11 12 12 12 12 13 13 12 13 13 14 12 14 13 14 11 15 12 15 13 16 12 15 14 16 13 16 11 17 12 15 15 16 14 17 13 17 11 14 15 15 16 16 15 17 14 18 13 17 10 18 11 14 16 16 16 17 15 19 13 18 10 19 11 14 17 16 17 17 16 17 17 17 18 18 17 19 17 14 8 14 9 15 8 15 9 16 8 15 10 16 9 16 7 17 8 18 8 19 8 19 7 19 6 19 5 18 5 17 5 18 4 17 4 18 3 16 4 17 3 19 3 16 3 17 2 19 2 15 3 17 1 15 2 15 1 
