# [[0, 0], [1, 0], [2, 0], [2, 1]]
# [[0, 1], [1, 1], [1, 2], [2, 0], [2, 1], [2, 2]]
# [[0, 0], [1, 0], [1, 1], [1, 2], [1, 3], [2, 3]]
# [[0, 1], [1, 1], [1, 2], [2, 0], [2, 1]]
# [[0, 0], [0, 1], [0, 2], [0, 3], [1, 0], [1, 1]]
# [[0, 1], [1, 0], [1, 1], [1, 2], [2, 2]]
# [[0, 0], [0, 1], [0, 2], [1, 1]]
# [[0, 0], [0, 1], [0, 2], [0, 3], [1, 3]]
# [[0, 2], [0, 3], [1, 0], [1, 1], [1, 2], [2, 2]]
# [[0, 0], [1, 0], [1, 1], [2, 1], [3, 0], [3, 1]]
# [[0, 0], [0, 1], [1, 1], [1, 2]]
# [[0, 0], [0, 1], [1, 1], [1, 2]]
# [[0, 1], [1, 0], [1, 1], [1, 2], [2, 2], [3, 2]]
# [[0, 2], [1, 1], [1, 2], [2, 0], [2, 1], [2, 2]]
q 16 0 0 0 1 0 2 0 3 1 0 1 1 1 2 1 3 2 0 2 1 2 2 2 3 3 0 3 1 3 2 3 3 
q 16 0 4 0 5 0 6 0 7 1 4 1 5 1 6 1 7 2 4 2 5 2 6 2 7 3 4 3 5 3 6 3 7 
q 4 0 4 0 5 1 4 1 5 
q 4 0 6 0 7 1 6 1 7 
q 1 0 6 
q 1 0 7 
q 1 1 6 
#c 1 6 green
# searchh
q 1 1 5 
q 1 1 7 
#c 1 7 green
# found/all 2 73
q 1 2 6 
#c 2 6 green
# found/all 3 73
q 1 1 8 
#c 1 8 green
# found/all 4 73
q 1 2 7 
#c 2 7 green
# found/all 5 73
q 1 2 5 
q 1 3 6 
#c 3 6 green
# found/all 6 73
q 1 0 8 
q 1 1 9 
#c 1 9 green
# found/all 7 73
q 1 2 8 
q 1 3 7 
#c 3 7 green
# found/all 8 73
q 1 3 5 
q 1 4 6 
#c 4 6 green
# found/all 9 73
q 1 0 9 
q 1 1 10 
q 1 2 9 
q 1 3 8 
#c 3 8 green
# found/all 10 73
q 1 4 7 
q 1 4 5 
#c 4 5 green
# found/all 11 73
q 1 5 6 
#c 5 6 green
# found/all 12 73
q 1 3 9 
q 1 4 8 
#c 4 8 green
# found/all 13 73
q 1 4 4 
#c 4 4 green
# found/all 14 73
q 1 5 5 
#c 5 5 green
# found/all 15 73
q 1 5 7 
q 1 6 6 
#c 6 6 green
# found/all 16 73
q 1 4 9 
#c 4 9 green
# found/all 17 73
q 1 5 8 
q 1 3 4 
q 1 4 3 
q 1 5 4 
q 1 6 5 
#c 6 5 green
# found/all 18 73
q 1 6 7 
q 1 7 6 
#c 7 6 green
# found/all 20 73
q 1 4 10 
q 1 5 9 
#c 5 9 green
# found/all 21 73
q 1 6 4 
q 1 7 5 
#c 7 5 green
# found/all 22 73
q 1 7 7 
#c 7 7 green
# found/all 23 73
q 1 8 6 
q 1 5 10 
q 1 6 9 
#c 6 9 green
# found/all 24 73
q 1 7 4 
#c 7 4 green
# found/all 25 73
q 1 8 5 
q 1 7 8 
q 1 8 7 
#c 8 7 green
# found/all 26 73
q 1 6 8 
#c 6 8 green
# found/all 27 73
q 1 6 10 
q 1 7 9 
q 1 7 3 
q 1 8 4 
q 1 8 8 
#c 8 8 green
# found/all 28 73
q 1 9 7 
q 1 8 9 
q 1 9 8 
q 4 2 4 2 5 3 4 3 5 
# SUM >= 2
q 16 0 8 0 9 0 10 0 11 1 8 1 9 1 10 1 11 2 8 2 9 2 10 2 11 3 8 3 9 3 10 3 11 
# SUM >= 2
q 4 2 8 2 9 3 8 3 9 
q 4 2 10 2 11 3 10 3 11 
q 16 0 12 0 13 0 14 0 15 1 12 1 13 1 14 1 15 2 12 2 13 2 14 2 15 3 12 3 13 3 14 3 15 
q 4 0 12 0 13 1 12 1 13 
q 4 0 14 0 15 1 14 1 15 
q 4 2 12 2 13 3 12 3 13 
q 1 2 12 
#c 2 12 green
# searchh
q 1 1 12 
q 1 2 11 
q 1 2 13 
q 1 3 12 
#c 3 12 green
# found/all 30 73
q 1 3 11 
q 1 3 13 
q 1 4 12 
#c 4 12 green
# found/all 31 73
q 1 4 11 
q 1 4 13 
#c 4 13 green
# found/all 32 73
q 1 5 12 
q 1 4 14 
q 1 5 13 
q 4 2 14 2 15 3 14 3 15 
q 8 0 16 0 17 1 16 1 17 2 16 2 17 3 16 3 17 
q 16 4 0 4 1 4 2 4 3 5 0 5 1 5 2 5 3 6 0 6 1 6 2 6 3 7 0 7 1 7 2 7 3 
q 16 4 4 4 5 4 6 4 7 5 4 5 5 5 6 5 7 6 4 6 5 6 6 6 7 7 4 7 5 7 6 7 7 
# SUM >= 2
# SUM >= 2
q 16 4 8 4 9 4 10 4 11 5 8 5 9 5 10 5 11 6 8 6 9 6 10 6 11 7 8 7 9 7 10 7 11 
# SUM >= 2
# SUM >= 2
q 16 4 12 4 13 4 14 4 15 5 12 5 13 5 14 5 15 6 12 6 13 6 14 6 15 7 12 7 13 7 14 7 15 
# SUM >= 2
q 4 6 12 6 13 7 12 7 13 
q 4 6 14 6 15 7 14 7 15 
q 8 4 16 4 17 5 16 5 17 6 16 6 17 7 16 7 17 
q 4 4 16 4 17 5 16 5 17 
q 1 4 16 
#c 4 16 green
# searchh
q 1 3 16 
q 1 4 15 
#c 4 15 green
# found/all 34 73
q 1 4 17 
#c 4 17 green
# found/all 35 73
q 1 5 16 
#c 5 16 green
# found/all 36 73
q 1 3 15 
q 1 5 15 
q 1 3 17 
q 1 5 17 
q 1 6 16 
q 4 6 16 6 17 7 16 7 17 
q 16 8 0 8 1 8 2 8 3 9 0 9 1 9 2 9 3 10 0 10 1 10 2 10 3 11 0 11 1 11 2 11 3 
q 16 8 4 8 5 8 6 8 7 9 4 9 5 9 6 9 7 10 4 10 5 10 6 10 7 11 4 11 5 11 6 11 7 
q 4 8 4 8 5 9 4 9 5 
q 4 8 6 8 7 9 6 9 7 
q 4 10 4 10 5 11 4 11 5 
q 4 10 6 10 7 11 6 11 7 
q 16 8 8 8 9 8 10 8 11 9 8 9 9 9 10 9 11 10 8 10 9 10 10 10 11 11 8 11 9 11 10 11 11 
q 4 8 8 8 9 9 8 9 9 
q 4 8 10 8 11 9 10 9 11 
q 4 10 8 10 9 11 8 11 9 
q 1 10 8 
q 1 10 9 
#c 10 9 green
# searchh
q 1 9 9 
#c 9 9 green
# found/all 38 73
q 1 10 10 
#c 10 10 green
# found/all 39 73
q 1 11 9 
#c 11 9 green
# found/all 40 73
q 1 9 10 
q 1 10 11 
q 1 11 10 
q 1 11 8 
#c 11 8 green
# found/all 41 73
q 1 12 9 
q 1 11 7 
q 1 12 8 
q 4 10 10 10 11 11 10 11 11 
q 16 8 12 8 13 8 14 8 15 9 12 9 13 9 14 9 15 10 12 10 13 10 14 10 15 11 12 11 13 11 14 11 15 
q 8 8 16 8 17 9 16 9 17 10 16 10 17 11 16 11 17 
q 4 8 16 8 17 9 16 9 17 
q 4 10 16 10 17 11 16 11 17 
q 16 12 0 12 1 12 2 12 3 13 0 13 1 13 2 13 3 14 0 14 1 14 2 14 3 15 0 15 1 15 2 15 3 
q 4 12 0 12 1 13 0 13 1 
q 4 12 2 12 3 13 2 13 3 
q 4 14 0 14 1 15 0 15 1 
q 4 14 2 14 3 15 2 15 3 
q 16 12 4 12 5 12 6 12 7 13 4 13 5 13 6 13 7 14 4 14 5 14 6 14 7 15 4 15 5 15 6 15 7 
q 4 12 4 12 5 13 4 13 5 
q 4 12 6 12 7 13 6 13 7 
q 4 14 4 14 5 15 4 15 5 
q 4 14 6 14 7 15 6 15 7 
q 1 14 6 
q 1 14 7 
q 1 15 6 
#c 15 6 green
# searchh
q 1 15 5 
#c 15 5 green
# found/all 43 73
q 1 15 7 
#c 15 7 green
# found/all 45 73
q 1 16 6 
#c 16 6 green
# found/all 46 73
q 1 14 5 
q 1 15 4 
q 1 16 5 
#c 16 5 green
# found/all 47 73
q 1 15 8 
#c 15 8 green
# found/all 49 73
q 1 16 7 
q 1 17 6 
#c 17 6 green
# found/all 50 73
q 1 16 4 
#c 16 4 green
# found/all 51 73
q 1 17 5 
q 1 14 8 
#c 14 8 green
# found/all 52 73
q 1 15 9 
#c 15 9 green
# found/all 53 73
q 1 16 8 
#c 16 8 green
# found/all 54 73
q 1 17 7 
q 1 16 3 
#c 16 3 green
# found/all 55 73
q 1 17 4 
q 1 13 8 
q 1 14 9 
q 1 15 10 
q 1 16 9 
#c 16 9 green
# found/all 56 73
q 1 17 8 
q 1 15 3 
#c 15 3 green
# found/all 57 73
q 1 16 2 
q 1 17 3 
q 1 16 10 
q 1 17 9 
q 1 14 3 
q 1 15 2 
q 16 12 8 12 9 12 10 12 11 13 8 13 9 13 10 13 11 14 8 14 9 14 10 14 11 15 8 15 9 15 10 15 11 
q 4 12 8 12 9 13 8 13 9 
q 4 12 10 12 11 13 10 13 11 
# SUM >= 2
q 16 12 12 12 13 12 14 12 15 13 12 13 13 13 14 13 15 14 12 14 13 14 14 14 15 15 12 15 13 15 14 15 15 
q 4 12 12 12 13 13 12 13 13 
q 1 12 12 
#c 12 12 green
# searchh
q 1 11 12 
#c 11 12 green
# found/all 59 73
q 1 12 11 
#c 12 11 green
# found/all 60 73
q 1 12 13 
#c 12 13 green
# found/all 61 73
q 1 13 12 
q 1 10 12 
q 1 11 11 
q 1 11 13 
q 1 12 10 
q 1 13 11 
q 1 12 14 
q 1 13 13 
#c 13 13 green
# found/all 62 73
q 1 13 14 
q 1 14 13 
#c 14 13 green
# found/all 63 73
q 1 14 12 
q 1 14 14 
q 1 15 13 
q 4 12 14 12 15 13 14 13 15 
q 1 12 15 
#c 12 15 green
# searchh
q 1 11 15 
q 1 12 16 
#c 12 16 green
# found/all 66 73
q 1 13 15 
#c 13 15 green
# found/all 67 73
q 1 11 16 
q 1 12 17 
#c 12 17 green
# found/all 68 73
q 1 13 16 
#c 13 16 green
# found/all 70 73
q 1 14 15 
q 1 11 17 
#c 11 17 green
# found/all 71 73
q 1 13 17 
#c 13 17 green
# found/all 73 73
a 67 1 6 1 7 2 6 1 8 2 7 3 6 1 9 3 7 4 6 3 8 4 5 5 6 4 8 4 4 5 5 6 6 4 9 6 5 7 6 5 9 7 5 7 7 6 9 7 4 8 7 6 8 8 8 2 12 3 12 4 12 4 13 4 16 4 15 4 17 5 16 10 9 9 9 10 10 11 9 11 8 15 6 15 5 15 7 16 6 16 5 15 8 17 6 16 4 14 8 15 9 16 8 16 3 16 9 15 3 12 12 11 12 12 11 12 13 13 13 14 13 12 15 12 16 13 15 12 17 13 16 11 17 13 17 
