# [[0, 2], [1, 2], [2, 2], [2, 3], [2, 4], [3, 0], [3, 1], [3, 2], [4, 2]]
# [[0, 0], [1, 0], [1, 1], [2, 0], [2, 1], [3, 0], [3, 1], [3, 2], [4, 1]]
# [[0, 1], [1, 1], [2, 0], [2, 1], [2, 2], [3, 0], [3, 1], [4, 1], [5, 1]]
# [[0, 1], [0, 3], [0, 4], [1, 0], [1, 1], [1, 2], [1, 3], [1, 4], [2, 2]]
q 16 0 0 0 1 0 2 0 3 1 0 1 1 1 2 1 3 2 0 2 1 2 2 2 3 3 0 3 1 3 2 3 3 
q 4 0 0 0 1 1 0 1 1 
q 4 0 2 0 3 1 2 1 3 
q 4 2 0 2 1 3 0 3 1 
q 4 2 2 2 3 3 2 3 3 
q 16 0 4 0 5 0 6 0 7 1 4 1 5 1 6 1 7 2 4 2 5 2 6 2 7 3 4 3 5 3 6 3 7 
q 4 0 4 0 5 1 4 1 5 
q 4 0 6 0 7 1 6 1 7 
q 4 2 4 2 5 3 4 3 5 
q 1 2 4 
q 1 2 5 
#c 2 5 green
# searchh
q 1 1 5 
#c 1 5 green
# found/all 2 36
q 1 2 6 
#c 2 6 green
# found/all 3 36
q 1 3 5 
#c 3 5 green
# found/all 4 36
q 1 0 5 
q 1 1 4 
q 1 1 6 
q 1 2 7 
q 1 3 6 
#c 3 6 green
# found/all 5 36
q 1 3 4 
q 1 4 5 
#c 4 5 green
# found/all 6 36
q 1 3 7 
q 1 4 6 
#c 4 6 green
# found/all 7 36
q 1 4 4 
q 1 5 5 
q 1 4 7 
#c 4 7 green
# found/all 8 36
q 1 5 6 
#c 5 6 green
# found/all 9 36
q 1 4 8 
q 1 5 7 
q 1 6 6 
# SUM >= 2
q 16 0 8 0 9 0 10 0 11 1 8 1 9 1 10 1 11 2 8 2 9 2 10 2 11 3 8 3 9 3 10 3 11 
q 4 0 8 0 9 1 8 1 9 
q 1 0 8 
q 1 0 9 
#c 0 9 green
# searchh
q 1 0 10 
q 1 1 9 
#c 1 9 green
# found/all 11 36
q 1 1 8 
#c 1 8 green
# found/all 12 36
q 1 1 10 
#c 1 10 green
# found/all 13 36
q 1 2 9 
q 1 1 7 
q 1 2 8 
q 1 1 11 
#c 1 11 green
# found/all 14 36
q 1 2 10 
#c 2 10 green
# found/all 15 36
q 1 0 11 
#c 0 11 green
# found/all 16 36
q 1 1 12 
#c 1 12 green
# found/all 17 36
q 1 2 11 
q 1 3 10 
q 1 0 12 
#c 0 12 green
# found/all 18 36
q 1 2 12 
# SUM >= 2
q 4 2 8 2 9 3 8 3 9 
q 4 2 10 2 11 3 10 3 11 
q 4 0 12 1 12 2 12 3 12 
q 16 4 0 4 1 4 2 4 3 5 0 5 1 5 2 5 3 6 0 6 1 6 2 6 3 7 0 7 1 7 2 7 3 
q 4 4 0 4 1 5 0 5 1 
q 4 4 2 4 3 5 2 5 3 
q 1 4 2 
#c 4 2 green
# searchh
q 1 3 2 
q 1 4 1 
q 1 4 3 
q 1 5 2 
#c 5 2 green
# found/all 20 36
q 1 5 1 
q 1 5 3 
q 1 6 2 
#c 6 2 green
# found/all 21 36
q 1 6 1 
#c 6 1 green
# found/all 22 36
q 1 6 3 
#c 6 3 green
# found/all 23 36
q 1 7 2 
#c 7 2 green
# found/all 24 36
q 1 6 0 
q 1 7 1 
#c 7 1 green
# found/all 25 36
q 1 6 4 
q 1 7 3 
q 1 8 2 
#c 8 2 green
# found/all 26 36
q 1 7 0 
q 1 8 1 
q 1 8 3 
q 1 9 2 
#c 9 2 green
# found/all 27 36
q 1 9 1 
q 1 9 3 
q 1 10 2 
# SUM >= 2
q 16 4 4 4 5 4 6 4 7 5 4 5 5 5 6 5 7 6 4 6 5 6 6 6 7 7 4 7 5 7 6 7 7 
q 4 4 4 4 5 5 4 5 5 
# SUM >= 2
q 4 6 4 6 5 7 4 7 5 
q 4 6 6 6 7 7 6 7 7 
q 16 4 8 4 9 4 10 4 11 5 8 5 9 5 10 5 11 6 8 6 9 6 10 6 11 7 8 7 9 7 10 7 11 
q 4 4 8 4 9 5 8 5 9 
q 4 4 10 4 11 5 10 5 11 
q 4 6 8 6 9 7 8 7 9 
q 4 6 10 6 11 7 10 7 11 
q 4 4 12 5 12 6 12 7 12 
q 16 8 0 8 1 8 2 8 3 9 0 9 1 9 2 9 3 10 0 10 1 10 2 10 3 11 0 11 1 11 2 11 3 
q 4 8 0 8 1 9 0 9 1 
q 1 8 0 
q 1 9 0 
# SUM >= 2
q 4 10 0 10 1 11 0 11 1 
q 4 10 2 10 3 11 2 11 3 
q 16 8 4 8 5 8 6 8 7 9 4 9 5 9 6 9 7 10 4 10 5 10 6 10 7 11 4 11 5 11 6 11 7 
q 4 8 4 8 5 9 4 9 5 
q 4 8 6 8 7 9 6 9 7 
q 4 10 4 10 5 11 4 11 5 
q 4 10 6 10 7 11 6 11 7 
q 16 8 8 8 9 8 10 8 11 9 8 9 9 9 10 9 11 10 8 10 9 10 10 10 11 11 8 11 9 11 10 11 11 
q 4 8 8 8 9 9 8 9 9 
q 4 8 10 8 11 9 10 9 11 
q 4 10 8 10 9 11 8 11 9 
q 1 10 8 
#c 10 8 green
# searchh
q 1 9 8 
q 1 10 7 
#c 10 7 green
# found/all 29 36
q 1 10 9 
#c 10 9 green
# found/all 30 36
q 1 11 8 
q 1 9 7 
q 1 10 6 
q 1 11 7 
q 1 9 9 
#c 9 9 green
# found/all 31 36
q 1 10 10 
q 1 11 9 
#c 11 9 green
# found/all 32 36
q 1 8 9 
#c 8 9 green
# found/all 33 36
q 1 9 10 
#c 9 10 green
# found/all 34 36
q 1 11 10 
q 1 12 9 
q 1 7 9 
#c 7 9 green
# found/all 35 36
q 1 8 8 
q 1 8 10 
q 1 9 11 
#c 9 11 green
# found/all 36 36
a 36 2 5 1 5 2 6 3 5 3 6 4 5 4 6 4 7 5 6 0 9 1 9 1 8 1 10 1 11 2 10 0 11 1 12 0 12 4 2 5 2 6 2 6 1 6 3 7 2 7 1 8 2 9 2 10 8 10 7 10 9 9 9 11 9 8 9 9 10 7 9 9 11 
