# [[0, 0], [0, 1], [0, 2], [1, 1]]
# [[0, 1], [1, 0], [1, 1], [1, 2], [2, 0], [2, 1]]
# [[0, 0], [0, 1], [1, 1], [1, 2], [1, 3], [2, 1]]
# [[0, 0], [1, 0], [1, 1], [2, 0]]
# [[0, 1], [1, 0], [1, 1], [2, 1]]
# [[0, 1], [1, 1], [1, 2], [2, 0], [2, 1]]
# [[0, 2], [1, 0], [1, 1], [1, 2], [2, 1]]
# [[0, 0], [1, 0], [1, 1], [1, 2], [2, 1]]
# [[0, 1], [0, 2], [1, 0], [1, 1], [2, 1]]
# [[0, 0], [1, 0], [2, 0], [3, 0], [3, 1]]
# [[0, 0], [1, 0], [1, 1], [2, 0], [2, 1]]
# [[0, 0], [0, 1], [1, 0], [1, 1], [2, 0]]
# [[0, 0], [0, 1], [1, 1], [2, 1]]
# [[0, 0], [0, 1], [0, 2], [1, 2]]
# [[0, 2], [1, 0], [1, 1], [1, 2], [2, 1], [3, 1]]
# [[0, 0], [1, 0], [1, 1], [2, 0]]
# [[0, 0], [0, 1], [1, 0], [1, 1]]
# [[0, 0], [1, 0], [2, 0], [2, 1], [3, 1]]
# [[0, 0], [0, 1], [0, 2], [0, 3]]
# [[0, 0], [1, 0], [2, 0], [2, 1], [3, 1], [4, 1]]
q 16 0 0 0 1 0 2 0 3 1 0 1 1 1 2 1 3 2 0 2 1 2 2 2 3 3 0 3 1 3 2 3 3 
q 16 0 4 0 5 0 6 0 7 1 4 1 5 1 6 1 7 2 4 2 5 2 6 2 7 3 4 3 5 3 6 3 7 
q 16 0 8 0 9 0 10 0 11 1 8 1 9 1 10 1 11 2 8 2 9 2 10 2 11 3 8 3 9 3 10 3 11 
q 4 0 8 0 9 1 8 1 9 
q 4 0 10 0 11 1 10 1 11 
q 1 0 10 
q 1 0 11 
q 1 1 10 
#c 1 10 green
# searchh
q 1 1 9 
q 1 1 11 
#c 1 11 green
# found/all 2 96
q 1 2 10 
q 1 1 12 
q 1 2 11 
#c 2 11 green
# found/all 3 96
q 1 2 12 
#c 2 12 green
# found/all 4 96
q 1 3 11 
#c 3 11 green
# found/all 5 96
q 1 2 13 
#c 2 13 green
# found/all 6 96
q 1 3 12 
q 1 3 10 
q 1 4 11 
#c 4 11 green
# found/all 7 96
q 1 1 13 
q 1 2 14 
q 1 3 13 
q 1 4 10 
#c 4 10 green
# found/all 8 96
q 1 4 12 
q 1 5 11 
#c 5 11 green
# found/all 9 96
q 1 4 9 
q 1 5 10 
#c 5 10 green
# found/all 10 96
q 1 5 12 
q 1 6 11 
q 1 5 9 
q 1 6 10 
#c 6 10 green
# found/all 11 96
q 1 6 9 
q 1 7 10 
q 4 2 8 2 9 3 8 3 9 
# SUM >= 2
q 16 0 12 0 13 0 14 0 15 1 12 1 13 1 14 1 15 2 12 2 13 2 14 2 15 3 12 3 13 3 14 3 15 
q 4 0 12 0 13 1 12 1 13 
q 4 0 14 0 15 1 14 1 15 
# SUM >= 2
q 16 0 16 0 17 0 18 0 19 1 16 1 17 1 18 1 19 2 16 2 17 2 18 2 19 3 16 3 17 3 18 3 19 
q 4 0 16 0 17 1 16 1 17 
q 4 0 18 0 19 1 18 1 19 
q 4 2 16 2 17 3 16 3 17 
q 4 2 18 2 19 3 18 3 19 
q 16 4 0 4 1 4 2 4 3 5 0 5 1 5 2 5 3 6 0 6 1 6 2 6 3 7 0 7 1 7 2 7 3 
q 4 4 0 4 1 5 0 5 1 
q 4 4 2 4 3 5 2 5 3 
q 4 6 0 6 1 7 0 7 1 
q 4 6 2 6 3 7 2 7 3 
q 16 4 4 4 5 4 6 4 7 5 4 5 5 5 6 5 7 6 4 6 5 6 6 6 7 7 4 7 5 7 6 7 7 
q 4 4 4 4 5 5 4 5 5 
q 4 4 6 4 7 5 6 5 7 
q 4 6 4 6 5 7 4 7 5 
q 1 6 4 
q 1 6 5 
#c 6 5 green
# searchh
q 1 5 5 
#c 5 5 green
# found/all 13 96
q 1 6 6 
#c 6 6 green
# found/all 14 96
q 1 7 5 
#c 7 5 green
# found/all 16 96
q 1 4 5 
q 1 5 4 
q 1 5 6 
q 1 6 7 
q 1 7 6 
#c 7 6 green
# found/all 17 96
q 1 7 4 
#c 7 4 green
# found/all 18 96
q 1 8 5 
#c 8 5 green
# found/all 19 96
q 1 7 7 
q 1 8 6 
q 1 7 3 
q 1 8 4 
#c 8 4 green
# found/all 20 96
q 1 9 5 
#c 9 5 green
# found/all 21 96
q 1 8 3 
q 1 9 4 
q 1 9 6 
q 1 10 5 
# SUM >= 2
q 16 4 8 4 9 4 10 4 11 5 8 5 9 5 10 5 11 6 8 6 9 6 10 6 11 7 8 7 9 7 10 7 11 
q 4 4 8 4 9 5 8 5 9 
# SUM >= 2
q 4 6 8 6 9 7 8 7 9 
q 4 6 10 6 11 7 10 7 11 
q 1 7 11 
q 16 4 12 4 13 4 14 4 15 5 12 5 13 5 14 5 15 6 12 6 13 6 14 6 15 7 12 7 13 7 14 7 15 
q 4 4 12 4 13 5 12 5 13 
q 4 4 14 4 15 5 14 5 15 
q 4 6 12 6 13 7 12 7 13 
q 4 6 14 6 15 7 14 7 15 
q 16 4 16 4 17 4 18 4 19 5 16 5 17 5 18 5 19 6 16 6 17 6 18 6 19 7 16 7 17 7 18 7 19 
q 4 4 16 4 17 5 16 5 17 
q 4 4 18 4 19 5 18 5 19 
q 1 4 18 
q 1 4 19 
q 1 5 18 
#c 5 18 green
# searchh
q 1 5 17 
#c 5 17 green
# found/all 23 96
q 1 5 19 
#c 5 19 green
# found/all 24 96
q 1 6 18 
#c 6 18 green
# found/all 25 96
q 1 4 17 
q 1 5 16 
q 1 6 17 
q 1 6 19 
q 1 7 18 
q 4 6 16 6 17 7 16 7 17 
q 1 6 16 
#c 6 16 green
# searchh
q 1 6 15 
q 1 7 16 
#c 7 16 green
# found/all 27 96
q 1 7 15 
q 1 7 17 
q 1 8 16 
#c 8 16 green
# found/all 29 96
q 1 8 15 
#c 8 15 green
# found/all 30 96
q 1 8 17 
#c 8 17 green
# found/all 32 96
q 1 9 16 
q 1 8 14 
q 1 9 15 
q 1 8 18 
q 1 9 17 
#c 9 17 green
# found/all 34 96
q 1 9 18 
q 1 10 17 
q 4 6 18 6 19 7 18 7 19 
q 1 7 19 
q 16 8 0 8 1 8 2 8 3 9 0 9 1 9 2 9 3 10 0 10 1 10 2 10 3 11 0 11 1 11 2 11 3 
q 4 8 0 8 1 9 0 9 1 
q 4 8 2 8 3 9 2 9 3 
q 4 10 0 10 1 11 0 11 1 
q 4 10 2 10 3 11 2 11 3 
q 16 8 4 8 5 8 6 8 7 9 4 9 5 9 6 9 7 10 4 10 5 10 6 10 7 11 4 11 5 11 6 11 7 
# SUM >= 2
q 4 10 4 10 5 11 4 11 5 
q 4 10 6 10 7 11 6 11 7 
q 16 8 8 8 9 8 10 8 11 9 8 9 9 9 10 9 11 10 8 10 9 10 10 10 11 11 8 11 9 11 10 11 11 
q 4 8 8 8 9 9 8 9 9 
q 1 8 8 
#c 8 8 green
# searchh
q 1 7 8 
q 1 8 7 
q 1 8 9 
q 1 9 8 
#c 9 8 green
# found/all 36 96
q 1 9 7 
q 1 9 9 
#c 9 9 green
# found/all 37 96
q 1 10 8 
q 1 9 10 
#c 9 10 green
# found/all 38 96
q 1 10 9 
#c 10 9 green
# found/all 39 96
q 1 8 10 
q 1 9 11 
q 1 10 10 
q 1 11 9 
#c 11 9 green
# found/all 40 96
q 1 11 8 
#c 11 8 green
# found/all 41 96
q 1 11 10 
#c 11 10 green
# found/all 42 96
q 1 12 9 
q 1 11 7 
q 1 12 8 
#c 12 8 green
# found/all 43 96
q 1 11 11 
#c 11 11 green
# found/all 44 96
q 1 12 10 
#c 12 10 green
# found/all 45 96
q 1 12 7 
#c 12 7 green
# found/all 46 96
q 1 13 8 
q 1 10 11 
q 1 11 12 
#c 11 12 green
# found/all 47 96
q 1 12 11 
q 1 13 10 
#c 13 10 green
# found/all 48 96
q 1 12 6 
#c 12 6 green
# found/all 49 96
q 1 13 7 
#c 13 7 green
# found/all 50 96
q 1 10 12 
q 1 11 13 
q 1 12 12 
q 1 13 9 
q 1 13 11 
#c 13 11 green
# found/all 51 96
q 1 14 10 
#c 14 10 green
# found/all 52 96
q 1 11 6 
q 1 12 5 
#c 12 5 green
# found/all 53 96
q 1 13 6 
q 1 14 7 
q 1 13 12 
q 1 14 11 
#c 14 11 green
# found/all 54 96
q 1 14 9 
q 1 15 10 
q 1 11 5 
q 1 12 4 
#c 12 4 green
# found/all 56 96
q 1 13 5 
#c 13 5 green
# found/all 58 96
q 1 14 12 
q 1 15 11 
q 1 11 4 
q 1 12 3 
#c 12 3 green
# found/all 59 96
q 1 13 4 
q 1 14 5 
#c 14 5 green
# found/all 61 96
q 1 11 3 
#c 11 3 green
# found/all 62 96
q 1 12 2 
q 1 13 3 
#c 13 3 green
# found/all 63 96
q 1 14 4 
q 1 14 6 
q 1 15 5 
#c 15 5 green
# found/all 64 96
q 1 10 3 
q 1 11 2 
q 1 13 2 
#c 13 2 green
# found/all 65 96
q 1 14 3 
#c 14 3 green
# found/all 66 96
q 1 15 4 
q 1 15 6 
#c 15 6 green
# found/all 67 96
q 1 16 5 
q 1 13 1 
q 1 14 2 
#c 14 2 green
# found/all 68 96
q 1 15 3 
q 1 15 7 
q 1 16 6 
#c 16 6 green
# found/all 69 96
q 1 14 1 
#c 14 1 green
# found/all 70 96
q 1 15 2 
#c 15 2 green
# found/all 71 96
q 1 16 7 
q 1 17 6 
#c 17 6 green
# found/all 72 96
q 1 14 0 
q 1 15 1 
#c 15 1 green
# found/all 73 96
q 1 16 2 
q 1 17 5 
q 1 17 7 
q 1 18 6 
q 1 15 0 
q 1 16 1 
q 4 8 10 8 11 9 10 9 11 
# SUM >= 2
q 16 8 12 8 13 8 14 8 15 9 12 9 13 9 14 9 15 10 12 10 13 10 14 10 15 11 12 11 13 11 14 11 15 
q 4 8 12 8 13 9 12 9 13 
q 4 8 14 8 15 9 14 9 15 
q 4 10 12 10 13 11 12 11 13 
q 4 10 14 10 15 11 14 11 15 
q 1 10 14 
q 1 10 15 
#c 10 15 green
# searchh
q 1 10 16 
q 1 11 15 
#c 11 15 green
# found/all 75 96
q 1 11 14 
#c 11 14 green
# found/all 76 96
q 1 11 16 
q 1 12 15 
#c 12 15 green
# found/all 77 96
q 1 12 14 
q 1 12 16 
q 1 13 15 
q 16 8 16 8 17 8 18 8 19 9 16 9 17 9 18 9 19 10 16 10 17 10 18 10 19 11 16 11 17 11 18 11 19 
# SUM >= 2
q 4 10 16 10 17 11 16 11 17 
q 4 10 18 10 19 11 18 11 19 
q 16 12 0 12 1 12 2 12 3 13 0 13 1 13 2 13 3 14 0 14 1 14 2 14 3 15 0 15 1 15 2 15 3 
q 4 12 0 12 1 13 0 13 1 
# SUM >= 2
# SUM >= 2
q 16 12 4 12 5 12 6 12 7 13 4 13 5 13 6 13 7 14 4 14 5 14 6 14 7 15 4 15 5 15 6 15 7 
# SUM >= 2
# SUM >= 2
q 16 12 8 12 9 12 10 12 11 13 8 13 9 13 10 13 11 14 8 14 9 14 10 14 11 15 8 15 9 15 10 15 11 
q 4 12 8 12 9 13 8 13 9 
# SUM >= 2
q 4 14 8 14 9 15 8 15 9 
# SUM >= 2
q 16 12 12 12 13 12 14 12 15 13 12 13 13 13 14 13 15 14 12 14 13 14 14 14 15 15 12 15 13 15 14 15 15 
q 4 12 12 12 13 13 12 13 13 
q 1 12 13 
#c 12 13 green
# searchh
q 1 13 13 
#c 13 13 green
# found/all 79 96
q 1 13 14 
q 1 14 13 
#c 14 13 green
# found/all 80 96
q 1 14 14 
q 1 15 13 
#c 15 13 green
# found/all 81 96
q 1 15 12 
q 1 15 14 
#c 15 14 green
# found/all 82 96
q 1 16 13 
q 1 15 15 
q 1 16 14 
q 4 12 14 12 15 13 14 13 15 
# SUM >= 2
q 16 12 16 12 17 12 18 12 19 13 16 13 17 13 18 13 19 14 16 14 17 14 18 14 19 15 16 15 17 15 18 15 19 
q 4 12 16 12 17 13 16 13 17 
q 4 12 18 12 19 13 18 13 19 
q 4 14 16 14 17 15 16 15 17 
q 4 14 18 14 19 15 18 15 19 
q 16 16 0 16 1 16 2 16 3 17 0 17 1 17 2 17 3 18 0 18 1 18 2 18 3 19 0 19 1 19 2 19 3 
q 4 16 0 16 1 17 0 17 1 
q 4 16 2 16 3 17 2 17 3 
q 4 18 0 18 1 19 0 19 1 
q 1 18 0 
q 1 18 1 
q 1 19 0 
q 1 19 1 
q 4 18 2 18 3 19 2 19 3 
q 16 16 4 16 5 16 6 16 7 17 4 17 5 17 6 17 7 18 4 18 5 18 6 18 7 19 4 19 5 19 6 19 7 
q 4 16 4 16 5 17 4 17 5 
# SUM >= 2
q 4 18 4 18 5 19 4 19 5 
q 1 18 4 
#c 18 4 green
# searchh
q 1 17 4 
#c 17 4 green
# found/all 84 96
q 1 18 3 
#c 18 3 green
# found/all 85 96
q 1 18 5 
q 1 19 4 
q 1 16 4 
q 1 17 3 
#c 17 3 green
# found/all 86 96
q 1 18 2 
q 1 19 3 
q 1 16 3 
q 1 17 2 
q 1 19 5 
q 4 18 6 18 7 19 6 19 7 
q 16 16 8 16 9 16 10 16 11 17 8 17 9 17 10 17 11 18 8 18 9 18 10 18 11 19 8 19 9 19 10 19 11 
q 4 16 8 16 9 17 8 17 9 
q 4 16 10 16 11 17 10 17 11 
q 4 18 8 18 9 19 8 19 9 
q 4 18 10 18 11 19 10 19 11 
q 16 16 12 16 13 16 14 16 15 17 12 17 13 17 14 17 15 18 12 18 13 18 14 18 15 19 12 19 13 19 14 19 15 
q 4 16 12 16 13 17 12 17 13 
q 4 16 14 16 15 17 14 17 15 
q 4 18 12 18 13 19 12 19 13 
q 4 18 14 18 15 19 14 19 15 
q 16 16 16 16 17 16 18 16 19 17 16 17 17 17 18 17 19 18 16 18 17 18 18 18 19 19 16 19 17 19 18 19 19 
q 4 16 16 16 17 17 16 17 17 
q 1 16 16 
q 1 16 17 
#c 16 17 green
# searchh
q 1 15 17 
q 1 16 18 
q 1 17 17 
#c 17 17 green
# found/all 88 96
q 1 17 16 
#c 17 16 green
# found/all 89 96
q 1 17 18 
q 1 18 17 
q 1 17 15 
#c 17 15 green
# found/all 90 96
q 1 18 16 
#c 18 16 green
# found/all 91 96
q 1 16 15 
q 1 17 14 
q 1 18 15 
q 1 19 16 
#c 19 16 green
# found/all 92 96
q 1 19 15 
q 1 19 17 
q 4 16 18 16 19 17 18 17 19 
# SUM >= 2
# ==================================
# found/all 92 96
# ==================================
q 16 0 0 0 1 0 2 0 3 1 0 1 1 1 2 1 3 2 0 2 1 2 2 2 3 3 0 3 1 3 2 3 3 
q 4 0 0 0 1 1 0 1 1 
q 4 0 2 0 3 1 2 1 3 
q 4 2 0 2 1 3 0 3 1 
q 1 2 0 
q 1 2 1 
q 1 3 0 
q 1 3 1 
q 4 2 2 2 3 3 2 3 3 
q 1 2 2 
q 1 2 3 
q 1 3 2 
q 1 3 3 
q 16 0 4 0 5 0 6 0 7 1 4 1 5 1 6 1 7 2 4 2 5 2 6 2 7 3 4 3 5 3 6 3 7 
q 4 0 4 0 5 1 4 1 5 
q 1 0 4 
q 1 0 5 
q 1 1 4 
q 1 1 5 
q 4 0 6 0 7 1 6 1 7 
q 1 0 6 
q 1 0 7 
q 1 1 6 
q 1 1 7 
q 4 2 4 2 5 3 4 3 5 
q 4 2 6 2 7 3 6 3 7 
q 1 2 6 
q 1 2 7 
q 1 3 6 
q 1 3 7 
q 16 0 8 0 9 0 10 0 11 1 8 1 9 1 10 1 11 2 8 2 9 2 10 2 11 3 8 3 9 3 10 3 11 
q 4 0 8 0 9 1 8 1 9 
# SUM >= 2
q 4 2 8 2 9 3 8 3 9 
# SUM >= 2
q 16 0 12 0 13 0 14 0 15 1 12 1 13 1 14 1 15 2 12 2 13 2 14 2 15 3 12 3 13 3 14 3 15 
q 4 0 12 0 13 1 12 1 13 
q 4 0 14 0 15 1 14 1 15 
# SUM >= 2
q 16 0 16 0 17 0 18 0 19 1 16 1 17 1 18 1 19 2 16 2 17 2 18 2 19 3 16 3 17 3 18 3 19 
q 4 0 16 0 17 1 16 1 17 
q 1 0 16 
q 1 0 17 
q 1 1 16 
q 1 1 17 
q 4 0 18 0 19 1 18 1 19 
q 1 0 18 
q 1 0 19 
q 1 1 18 
q 1 1 19 
q 4 2 16 2 17 3 16 3 17 
q 1 2 16 
q 1 2 17 
q 1 3 16 
#c 3 16 green
# searchh
q 1 3 15 
#c 3 15 green
# found/all 94 96
q 1 3 17 
q 1 4 16 
q 1 2 15 
#c 2 15 green
# found/all 95 96
q 1 3 14 
q 1 4 15 
#c 4 15 green
# found/all 96 96
a 89 1 10 1 11 2 11 2 12 3 11 2 13 4 11 4 10 5 11 5 10 6 10 6 5 5 5 6 6 7 5 7 6 7 4 8 5 8 4 9 5 5 18 5 17 5 19 6 18 6 16 7 16 8 16 8 15 8 17 9 17 8 8 9 8 9 9 9 10 10 9 11 9 11 8 11 10 12 8 11 11 12 10 12 7 11 12 13 10 12 6 13 7 13 11 14 10 12 5 14 11 12 4 13 5 12 3 14 5 11 3 13 3 15 5 13 2 14 3 15 6 14 2 16 6 14 1 15 2 17 6 15 1 10 15 11 15 11 14 12 15 12 13 13 13 14 13 15 13 15 14 18 4 17 4 18 3 17 3 16 17 17 17 17 16 17 15 18 16 19 16 3 16 3 15 2 15 4 15 
