# [[0, 1], [0, 2], [1, 1], [2, 1], [2, 2], [3, 0], [3, 1]]
# [[0, 1], [0, 2], [1, 0], [1, 1], [1, 2], [1, 3]]
# [[0, 1], [1, 0], [1, 1], [1, 2]]
# [[0, 2], [1, 0], [1, 1], [1, 2], [2, 1]]
# [[0, 2], [0, 3], [1, 2], [1, 3], [2, 0], [2, 1], [2, 2], [2, 3], [3, 0], [3, 1], [3, 3]]
# [[0, 2], [1, 0], [1, 1], [1, 2], [2, 1]]
# [[0, 1], [1, 0], [1, 1], [1, 2], [2, 1], [2, 2], [2, 3], [3, 1], [3, 2], [4, 1], [5, 1]]
# [[0, 1], [1, 1], [2, 0], [2, 1], [3, 1]]
# [[0, 1], [1, 0], [1, 1], [1, 2], [1, 3], [2, 2]]
# [[0, 1], [1, 0], [1, 1], [1, 2], [1, 3], [2, 1]]
# [[0, 3], [1, 2], [1, 3], [2, 0], [2, 1], [2, 2], [2, 3], [3, 0]]
# [[0, 0], [0, 1], [0, 2], [1, 1]]
q 16 0 0 0 1 0 2 0 3 1 0 1 1 1 2 1 3 2 0 2 1 2 2 2 3 3 0 3 1 3 2 3 3 
q 4 0 0 0 1 1 0 1 1 
q 1 0 0 
q 1 0 1 
q 1 1 0 
q 1 1 1 
q 4 0 2 0 3 1 2 1 3 
q 1 0 2 
q 1 0 3 
q 1 1 2 
q 1 1 3 
#c 1 3 green
# searchh
q 1 1 4 
#c 1 4 green
# found/all 2 78
q 1 2 3 
q 1 0 4 
#c 0 4 green
# found/all 3 78
q 1 1 5 
#c 1 5 green
# found/all 5 78
q 1 2 4 
#c 2 4 green
# found/all 6 78
q 1 0 5 
q 1 1 6 
#c 1 6 green
# found/all 7 78
q 1 2 5 
#c 2 5 green
# found/all 9 78
q 1 3 4 
#c 3 4 green
# found/all 10 78
q 1 0 6 
#c 0 6 green
# found/all 11 78
q 1 1 7 
#c 1 7 green
# found/all 12 78
q 1 2 6 
#c 2 6 green
# found/all 14 78
q 1 3 5 
#c 3 5 green
# found/all 16 78
q 1 3 3 
q 1 4 4 
#c 4 4 green
# found/all 18 78
q 1 0 7 
q 1 1 8 
q 1 2 7 
q 1 3 6 
#c 3 6 green
# found/all 19 78
q 1 4 5 
#c 4 5 green
# found/all 20 78
q 1 4 3 
#c 4 3 green
# found/all 21 78
q 1 5 4 
#c 5 4 green
# found/all 23 78
q 1 3 7 
q 1 4 6 
#c 4 6 green
# found/all 24 78
q 1 5 5 
q 1 4 2 
#c 4 2 green
# found/all 25 78
q 1 5 3 
#c 5 3 green
# found/all 26 78
q 1 6 4 
q 1 4 7 
q 1 5 6 
#c 5 6 green
# found/all 28 78
q 1 3 2 
#c 3 2 green
# found/all 29 78
q 1 4 1 
#c 4 1 green
# found/all 30 78
q 1 5 2 
q 1 6 3 
q 1 5 7 
#c 5 7 green
# found/all 31 78
q 1 6 6 
q 1 2 2 
q 1 3 1 
q 1 4 0 
#c 4 0 green
# found/all 32 78
q 1 5 1 
#c 5 1 green
# found/all 33 78
q 1 5 8 
#c 5 8 green
# found/all 34 78
q 1 6 7 
#c 6 7 green
# found/all 35 78
q 1 3 0 
q 1 5 0 
q 1 6 1 
q 1 4 8 
q 1 5 9 
q 1 6 8 
q 1 7 7 
q 4 2 0 2 1 3 0 3 1 
q 4 2 2 2 3 3 2 3 3 
q 16 0 4 0 5 0 6 0 7 1 4 1 5 1 6 1 7 2 4 2 5 2 6 2 7 3 4 3 5 3 6 3 7 
# SUM >= 2
# SUM >= 2
q 16 0 8 0 9 0 10 0 11 1 8 1 9 1 10 1 11 2 8 2 9 2 10 2 11 3 8 3 9 3 10 3 11 
q 4 0 8 0 9 1 8 1 9 
q 4 0 10 0 11 1 10 1 11 
q 1 0 10 
q 1 0 11 
q 1 1 10 
#c 1 10 green
# searchh
q 1 1 9 
q 1 1 11 
#c 1 11 green
# found/all 37 78
q 1 2 10 
#c 2 10 green
# found/all 38 78
q 1 1 12 
q 1 2 11 
q 1 2 9 
q 1 3 10 
#c 3 10 green
# found/all 39 78
q 1 3 9 
q 1 3 11 
#c 3 11 green
# found/all 40 78
q 1 4 10 
#c 4 10 green
# found/all 41 78
q 1 3 12 
q 1 4 11 
q 1 4 9 
#c 4 9 green
# found/all 42 78
q 1 5 10 
q 4 2 8 2 9 3 8 3 9 
# SUM >= 2
q 16 0 12 0 13 0 14 0 15 1 12 1 13 1 14 1 15 2 12 2 13 2 14 2 15 3 12 3 13 3 14 3 15 
q 4 0 12 0 13 1 12 1 13 
q 1 0 12 
q 1 0 13 
q 1 1 13 
q 4 0 14 0 15 1 14 1 15 
q 4 2 12 2 13 3 12 3 13 
q 4 2 14 2 15 3 14 3 15 
q 4 0 16 1 16 2 16 3 16 
q 16 4 0 4 1 4 2 4 3 5 0 5 1 5 2 5 3 6 0 6 1 6 2 6 3 7 0 7 1 7 2 7 3 
# SUM >= 2
q 4 6 0 6 1 7 0 7 1 
q 4 6 2 6 3 7 2 7 3 
q 16 4 4 4 5 4 6 4 7 5 4 5 5 5 6 5 7 6 4 6 5 6 6 6 7 7 4 7 5 7 6 7 7 
# SUM >= 2
q 4 6 4 6 5 7 4 7 5 
q 4 6 6 6 7 7 6 7 7 
q 16 4 8 4 9 4 10 4 11 5 8 5 9 5 10 5 11 6 8 6 9 6 10 6 11 7 8 7 9 7 10 7 11 
# SUM >= 2
q 4 6 8 6 9 7 8 7 9 
q 4 6 10 6 11 7 10 7 11 
q 16 4 12 4 13 4 14 4 15 5 12 5 13 5 14 5 15 6 12 6 13 6 14 6 15 7 12 7 13 7 14 7 15 
q 4 4 12 4 13 5 12 5 13 
q 4 4 14 4 15 5 14 5 15 
q 4 6 12 6 13 7 12 7 13 
q 4 6 14 6 15 7 14 7 15 
q 4 4 16 5 16 6 16 7 16 
q 2 4 16 5 16 
q 2 6 16 7 16 
q 1 6 16 
#c 6 16 green
# searchh
q 1 5 16 
q 1 6 15 
q 1 7 16 
#c 7 16 green
# found/all 45 78
q 1 7 15 
q 1 8 16 
#c 8 16 green
# found/all 47 78
q 1 8 15 
#c 8 15 green
# found/all 49 78
q 1 9 16 
#c 9 16 green
# found/all 51 78
q 1 8 14 
q 1 9 15 
#c 9 15 green
# found/all 52 78
q 1 10 16 
q 1 9 14 
#c 9 14 green
# found/all 53 78
q 1 10 15 
q 1 9 13 
#c 9 13 green
# found/all 54 78
q 1 10 14 
q 1 8 13 
q 1 9 12 
q 1 10 13 
#c 10 13 green
# found/all 56 78
q 1 10 12 
q 1 11 13 
#c 11 13 green
# found/all 57 78
q 1 11 12 
#c 11 12 green
# found/all 58 78
q 1 11 14 
#c 11 14 green
# found/all 59 78
q 1 12 13 
#c 12 13 green
# found/all 60 78
q 1 11 11 
#c 11 11 green
# found/all 61 78
q 1 12 12 
#c 12 12 green
# found/all 62 78
q 1 11 15 
q 1 12 14 
#c 12 14 green
# found/all 63 78
q 1 13 13 
q 1 10 11 
q 1 11 10 
q 1 12 11 
q 1 13 12 
q 1 12 15 
#c 12 15 green
# found/all 64 78
q 1 13 14 
#c 13 14 green
# found/all 65 78
q 1 12 16 
#c 12 16 green
# found/all 66 78
q 1 13 15 
q 1 14 14 
q 1 11 16 
q 1 13 16 
q 16 8 0 8 1 8 2 8 3 9 0 9 1 9 2 9 3 10 0 10 1 10 2 10 3 11 0 11 1 11 2 11 3 
q 16 8 4 8 5 8 6 8 7 9 4 9 5 9 6 9 7 10 4 10 5 10 6 10 7 11 4 11 5 11 6 11 7 
q 4 8 4 8 5 9 4 9 5 
q 4 8 6 8 7 9 6 9 7 
q 1 8 6 
q 1 8 7 
q 1 9 6 
#c 9 6 green
# searchh
q 1 9 5 
#c 9 5 green
# found/all 68 78
q 1 9 7 
q 1 10 6 
#c 10 6 green
# found/all 69 78
q 1 8 5 
q 1 9 4 
q 1 10 5 
#c 10 5 green
# found/all 70 78
q 1 10 7 
#c 10 7 green
# found/all 71 78
q 1 11 6 
q 1 10 4 
#c 10 4 green
# found/all 72 78
q 1 11 5 
q 1 10 8 
q 1 11 7 
q 1 10 3 
q 1 11 4 
# SUM >= 2
q 16 8 8 8 9 8 10 8 11 9 8 9 9 9 10 9 11 10 8 10 9 10 10 10 11 11 8 11 9 11 10 11 11 
q 4 8 8 8 9 9 8 9 9 
q 1 8 8 
q 1 8 9 
q 1 9 8 
q 1 9 9 
q 4 8 10 8 11 9 10 9 11 
q 4 10 8 10 9 11 8 11 9 
q 1 10 9 
q 1 11 8 
q 1 11 9 
q 4 10 10 10 11 11 10 11 11 
q 16 8 12 8 13 8 14 8 15 9 12 9 13 9 14 9 15 10 12 10 13 10 14 10 15 11 12 11 13 11 14 11 15 
q 4 8 12 8 13 9 12 9 13 
# SUM >= 2
# SUM >= 2
q 4 8 16 9 16 10 16 11 16 
# SUM >= 2
q 2 10 16 11 16 
q 16 12 0 12 1 12 2 12 3 13 0 13 1 13 2 13 3 14 0 14 1 14 2 14 3 15 0 15 1 15 2 15 3 
q 4 12 0 12 1 13 0 13 1 
q 4 12 2 12 3 13 2 13 3 
q 1 12 2 
q 1 12 3 
#c 12 3 green
# searchh
q 1 11 3 
q 1 12 4 
q 1 13 3 
#c 13 3 green
# found/all 74 78
q 1 13 2 
#c 13 2 green
# found/all 75 78
q 1 13 4 
#c 13 4 green
# found/all 76 78
q 1 14 3 
q 1 13 1 
q 1 14 2 
q 1 13 5 
#c 13 5 green
# found/all 77 78
q 1 14 4 
#c 14 4 green
# found/all 78 78
a 66 1 3 1 4 0 4 1 5 2 4 1 6 2 5 3 4 0 6 1 7 2 6 3 5 4 4 3 6 4 5 4 3 5 4 4 6 4 2 5 3 5 6 3 2 4 1 5 7 4 0 5 1 5 8 6 7 1 10 1 11 2 10 3 10 3 11 4 10 4 9 6 16 7 16 8 16 8 15 9 16 9 15 9 14 9 13 10 13 11 13 11 12 11 14 12 13 11 11 12 12 12 14 12 15 13 14 12 16 9 6 9 5 10 6 10 5 10 7 10 4 12 3 13 3 13 2 13 4 13 5 14 4 
