# [[0, 1], [1, 1], [1, 2], [2, 0], [2, 1], [2, 2]]
# [[0, 0], [0, 1], [1, 1], [1, 2]]
# [[0, 0], [1, 0], [1, 1], [2, 1], [2, 2], [2, 3]]
# [[0, 0], [1, 0], [1, 1], [1, 2]]
# [[0, 1], [0, 2], [1, 0], [1, 1]]
# [[0, 2], [1, 0], [1, 1], [1, 2], [2, 1]]
# [[0, 0], [1, 0], [2, 0], [3, 0]]
# [[0, 0], [1, 0], [1, 1], [1, 2], [1, 3], [2, 1]]
# [[0, 0], [0, 1], [1, 1], [1, 2], [1, 3], [2, 1]]
# [[0, 1], [0, 3], [1, 0], [1, 1], [1, 2], [1, 3]]
# [[0, 0], [0, 1], [0, 2], [0, 3], [1, 1]]
# [[0, 0], [1, 0], [1, 1], [2, 1]]
q 16 0 0 0 1 0 2 0 3 1 0 1 1 1 2 1 3 2 0 2 1 2 2 2 3 3 0 3 1 3 2 3 3 
q 4 0 0 0 1 1 0 1 1 
q 4 0 2 0 3 1 2 1 3 
q 4 2 0 2 1 3 0 3 1 
q 4 2 2 2 3 3 2 3 3 
q 1 2 2 
q 1 2 3 
#c 2 3 green
# searchh
q 1 1 3 
#c 1 3 green
# found/all 2 60
q 1 2 4 
#c 2 4 green
# found/all 4 60
q 1 3 3 
#c 3 3 green
# found/all 5 60
q 1 0 3 
q 1 1 2 
#c 1 2 green
# found/all 6 60
q 1 1 4 
#c 1 4 green
# found/all 7 60
q 1 2 5 
#c 2 5 green
# found/all 8 60
q 1 3 4 
#c 3 4 green
# found/all 9 60
q 1 3 2 
#c 3 2 green
# found/all 10 60
q 1 4 3 
q 1 0 2 
#c 0 2 green
# found/all 11 60
q 1 1 1 
q 1 0 4 
#c 0 4 green
# found/all 12 60
q 1 1 5 
q 1 2 6 
q 1 3 5 
q 1 4 4 
q 1 3 1 
q 1 4 2 
#c 4 2 green
# found/all 13 60
q 1 0 1 
q 1 0 5 
q 1 4 1 
#c 4 1 green
# found/all 14 60
q 1 5 2 
q 1 4 0 
q 1 5 1 
q 16 0 4 0 5 0 6 0 7 1 4 1 5 1 6 1 7 2 4 2 5 2 6 2 7 3 4 3 5 3 6 3 7 
# SUM >= 2
# SUM >= 2
q 16 0 8 0 9 0 10 0 11 1 8 1 9 1 10 1 11 2 8 2 9 2 10 2 11 3 8 3 9 3 10 3 11 
q 4 0 8 0 9 1 8 1 9 
q 4 0 10 0 11 1 10 1 11 
q 4 2 8 2 9 3 8 3 9 
q 1 2 8 
q 1 2 9 
q 1 3 8 
q 1 3 9 
q 4 2 10 2 11 3 10 3 11 
q 16 0 12 0 13 0 14 0 15 1 12 1 13 1 14 1 15 2 12 2 13 2 14 2 15 3 12 3 13 3 14 3 15 
q 4 0 12 0 13 1 12 1 13 
q 4 0 14 0 15 1 14 1 15 
q 4 2 12 2 13 3 12 3 13 
q 4 2 14 2 15 3 14 3 15 
q 16 4 0 4 1 4 2 4 3 5 0 5 1 5 2 5 3 6 0 6 1 6 2 6 3 7 0 7 1 7 2 7 3 
q 4 4 0 4 1 5 0 5 1 
q 1 5 0 
q 4 4 2 4 3 5 2 5 3 
q 1 5 3 
q 4 6 0 6 1 7 0 7 1 
q 1 6 0 
q 1 6 1 
q 1 7 0 
q 1 7 1 
q 4 6 2 6 3 7 2 7 3 
q 16 4 4 4 5 4 6 4 7 5 4 5 5 5 6 5 7 6 4 6 5 6 6 6 7 7 4 7 5 7 6 7 7 
q 4 4 4 4 5 5 4 5 5 
q 4 4 6 4 7 5 6 5 7 
q 4 6 4 6 5 7 4 7 5 
q 4 6 6 6 7 7 6 7 7 
q 1 6 6 
q 1 6 7 
#c 6 7 green
# searchh
q 1 5 7 
q 1 6 8 
q 1 7 7 
#c 7 7 green
# found/all 16 60
q 1 7 6 
#c 7 6 green
# found/all 17 60
q 1 7 8 
q 1 8 7 
q 1 7 5 
#c 7 5 green
# found/all 18 60
q 1 8 6 
#c 8 6 green
# found/all 19 60
q 1 6 5 
q 1 7 4 
q 1 8 5 
q 1 9 6 
q 16 4 8 4 9 4 10 4 11 5 8 5 9 5 10 5 11 6 8 6 9 6 10 6 11 7 8 7 9 7 10 7 11 
q 4 4 8 4 9 5 8 5 9 
q 4 4 10 4 11 5 10 5 11 
q 1 4 10 
#c 4 10 green
# searchh
q 1 3 10 
#c 3 10 green
# found/all 21 60
q 1 4 9 
q 1 4 11 
#c 4 11 green
# found/all 22 60
q 1 5 10 
#c 5 10 green
# found/all 23 60
q 1 2 10 
q 1 3 11 
q 1 4 12 
q 1 5 11 
#c 5 11 green
# found/all 25 60
q 1 5 9 
#c 5 9 green
# found/all 26 60
q 1 6 10 
q 1 5 12 
#c 5 12 green
# found/all 27 60
q 1 6 11 
q 1 5 8 
q 1 6 9 
#c 6 9 green
# found/all 28 60
q 1 5 13 
q 1 6 12 
#c 6 12 green
# found/all 29 60
q 1 7 9 
#c 7 9 green
# found/all 31 60
q 1 6 13 
#c 6 13 green
# found/all 32 60
q 1 7 12 
#c 7 12 green
# found/all 34 60
q 1 7 10 
#c 7 10 green
# found/all 35 60
q 1 8 9 
#c 8 9 green
# found/all 36 60
q 1 6 14 
#c 6 14 green
# found/all 37 60
q 1 7 13 
q 1 7 11 
#c 7 11 green
# found/all 38 60
q 1 8 12 
q 1 8 10 
#c 8 10 green
# found/all 40 60
q 1 8 8 
q 1 9 9 
q 1 5 14 
q 1 6 15 
q 1 7 14 
q 1 8 11 
#c 8 11 green
# found/all 41 60
q 1 9 10 
q 1 9 11 
# SUM >= 2
q 16 4 12 4 13 4 14 4 15 5 12 5 13 5 14 5 15 6 12 6 13 6 14 6 15 7 12 7 13 7 14 7 15 
q 4 4 12 4 13 5 12 5 13 
q 4 4 14 4 15 5 14 5 15 
# SUM >= 2
q 16 8 0 8 1 8 2 8 3 9 0 9 1 9 2 9 3 10 0 10 1 10 2 10 3 11 0 11 1 11 2 11 3 
q 4 8 0 8 1 9 0 9 1 
q 4 8 2 8 3 9 2 9 3 
q 4 10 0 10 1 11 0 11 1 
q 1 10 0 
q 1 10 1 
q 1 11 0 
q 1 11 1 
#c 11 1 green
# searchh
q 1 11 2 
#c 11 2 green
# found/all 43 60
q 1 12 1 
q 1 10 2 
q 1 11 3 
#c 11 3 green
# found/all 44 60
q 1 12 2 
#c 12 2 green
# found/all 45 60
q 1 10 3 
#c 10 3 green
# found/all 46 60
q 1 11 4 
#c 11 4 green
# found/all 47 60
q 1 12 3 
#c 12 3 green
# found/all 48 60
q 1 13 2 
q 1 9 3 
q 1 10 4 
q 1 11 5 
q 1 12 4 
#c 12 4 green
# found/all 49 60
q 1 13 3 
q 1 12 5 
q 1 13 4 
# SUM >= 2
q 16 8 4 8 5 8 6 8 7 9 4 9 5 9 6 9 7 10 4 10 5 10 6 10 7 11 4 11 5 11 6 11 7 
q 4 8 4 8 5 9 4 9 5 
q 4 8 6 8 7 9 6 9 7 
q 1 9 7 
q 4 10 4 10 5 11 4 11 5 
q 4 10 6 10 7 11 6 11 7 
q 16 8 8 8 9 8 10 8 11 9 8 9 9 9 10 9 11 10 8 10 9 10 10 10 11 11 8 11 9 11 10 11 11 
q 4 8 8 8 9 9 8 9 9 
# SUM >= 2
q 4 10 8 10 9 11 8 11 9 
q 4 10 10 10 11 11 10 11 11 
q 1 10 10 
q 1 10 11 
q 1 11 10 
q 1 11 11 
#c 11 11 green
# searchh
q 1 11 12 
#c 11 12 green
# found/all 51 60
q 1 12 11 
q 1 10 12 
#c 10 12 green
# found/all 52 60
q 1 11 13 
#c 11 13 green
# found/all 53 60
q 1 12 12 
q 1 9 12 
q 1 10 13 
q 1 11 14 
#c 11 14 green
# found/all 54 60
q 1 12 13 
q 1 10 14 
#c 10 14 green
# found/all 55 60
q 1 11 15 
q 1 12 14 
q 1 9 14 
q 1 10 15 
q 16 8 12 8 13 8 14 8 15 9 12 9 13 9 14 9 15 10 12 10 13 10 14 10 15 11 12 11 13 11 14 11 15 
q 4 8 12 8 13 9 12 9 13 
q 4 8 14 8 15 9 14 9 15 
# SUM >= 2
q 16 12 0 12 1 12 2 12 3 13 0 13 1 13 2 13 3 14 0 14 1 14 2 14 3 15 0 15 1 15 2 15 3 
q 4 12 0 12 1 13 0 13 1 
# SUM >= 2
q 4 14 0 14 1 15 0 15 1 
q 4 14 2 14 3 15 2 15 3 
q 16 12 4 12 5 12 6 12 7 13 4 13 5 13 6 13 7 14 4 14 5 14 6 14 7 15 4 15 5 15 6 15 7 
q 4 12 4 12 5 13 4 13 5 
q 4 12 6 12 7 13 6 13 7 
q 4 14 4 14 5 15 4 15 5 
q 1 14 4 
#c 14 4 green
# searchh
q 1 14 3 
q 1 14 5 
#c 14 5 green
# found/all 57 60
q 1 15 4 
q 1 13 5 
q 1 14 6 
#c 14 6 green
# found/all 58 60
q 1 15 5 
#c 15 5 green
# found/all 59 60
q 1 13 6 
q 1 14 7 
#c 14 7 green
# found/all 60 60
a 55 2 3 1 3 2 4 3 3 1 2 1 4 2 5 3 4 3 2 0 2 0 4 4 2 4 1 6 7 7 7 7 6 7 5 8 6 4 10 3 10 4 11 5 10 5 11 5 9 5 12 6 9 6 12 7 9 6 13 7 12 7 10 8 9 6 14 7 11 8 10 8 11 11 1 11 2 11 3 12 2 10 3 11 4 12 3 12 4 11 11 11 12 10 12 11 13 11 14 10 14 14 4 14 5 14 6 15 5 14 7 
